Information for the currently-owned machines and the machines that may be purchased: if 1, the machine can be purchased, otherwise currently-owned.


1           0.0
2           1.0
3           0.0
4           0.0



item_machine_arc(j, m) - The relationship arc between item j and machine m, i.e., machine m is capable of producing item j if item_machine_arc(j, m) = 1.


1           1           0.0
1           2           0.0
1           3           0.0
1           4           1.0
2           1           1.0
2           2           1.0
2           3           0.0
2           4           0.0
3           1           1.0
3           2           1.0
3           3           1.0
3           4           1.0
4           1           1.0
4           2           1.0
4           3           1.0
4           4           0.0
5           1           0.0
5           2           0.0
5           3           0.0
5           4           1.0
6           1           1.0
6           2           1.0
6           3           1.0
6           4           0.0
7           1           0.0
7           2           1.0
7           3           0.0
7           4           0.0
8           1           0.0
8           2           0.0
8           3           0.0
8           4           1.0



d(j, t) - Gross demand for item j in period t.


1           1           48
1           2           36
1           3           41
1           4           41
1           5           40
1           6           42
2           1           41
2           2           41
2           3           50
2           4           31
2           5           38
2           6           35
3           1           37
3           2           48
3           3           39
3           4           31
3           5           49
3           6           44
4           1           42
4           2           50
4           3           40
4           4           41
4           5           42
4           6           41
5           1           31
5           2           50
5           3           34
5           4           43
5           5           44
5           6           45
6           1           49
6           2           48
6           3           31
6           4           45
6           5           50
6           6           31
7           1           44
7           2           31
7           3           42
7           4           31
7           5           42
7           6           36
8           1           44
8           2           33
8           3           44
8           4           46
8           5           42
8           6           35



pt(j, m) - Time required to produce one unit of item j on machine m. The production time is period-independent.


1           1           1.437
1           2           0.875
1           3           1.298
1           4           0.555
2           1           0.54
2           2           1.047
2           3           1.137
2           4           1.152
3           1           0.707
3           2           0.976
3           3           0.538
3           4           1.493
4           1           0.67
4           2           1.071
4           3           0.926
4           4           1.124
5           1           0.655
5           2           1.496
5           3           0.535
5           4           0.834
6           1           0.708
6           2           0.832
6           3           1.45
6           4           1.142
7           1           0.912
7           2           1.399
7           3           0.529
7           4           1.159
8           1           0.641
8           2           1.332
8           3           0.503
8           4           1.042



pc(j, m) - Variable costs of producing one unit of item j on machine m. The production cost is period-independent.


1           1           4.046
1           2           1.518
1           3           3.844
1           4           1.816
2           1           6.705
2           2           1.812
2           3           3.83
2           4           2.33
3           1           9.401
3           2           1.508
3           3           5.018
3           4           1.63
4           1           9.846
4           2           2.379
4           3           5.729
4           4           3.097
5           1           5.999
5           2           1.769
5           3           3.308
5           4           3.104
6           1           8.354
6           2           1.649
6           3           5.787
6           4           1.958
7           1           6.437
7           2           2.018
7           3           3.244
7           4           2.69
8           1           7.556
8           2           2.704
8           3           5.14
8           4           1.364



pe(j, m) - Production emission for producing one unit of item j on machine m. The production emission is period-independent.


1           1           0.156
1           2           0.729
1           3           0.258
1           4           0.285
2           1           0.055
2           2           0.655
2           3           0.257
2           4           0.463
3           1           0.151
3           2           0.671
3           3           0.275
3           4           0.615
4           1           0.059
4           2           0.263
4           3           0.361
4           4           0.178
5           1           0.194
5           2           0.598
5           3           0.288
5           4           0.248
6           1           0.075
6           2           0.518
6           3           0.227
6           4           0.358
7           1           0.244
7           2           0.258
7           3           0.475
7           4           0.416
8           1           0.207
8           2           0.811
8           3           0.326
8           4           0.726



hc(j) - Inventory-holding costs for one unit of item j for one period.


1           0.126
2           0.264
3           0.204
4           0.163
5           0.122
6           0.174
7           0.104
8           0.162



st(j, m) - Setup times for producing a lot of item j on machine m. The setup times are period-independent.


1           1           17.843
1           2           19.74
1           3           17.589
1           4           8.954
2           1           19.111
2           2           7.011
2           3           7.232
2           4           11.216
3           1           15.715
3           2           17.365
3           3           7.378
3           4           11.944
4           1           7.332
4           2           18.577
4           3           6.355
4           4           18.731
5           1           7.93
5           2           19.281
5           3           17.62
5           4           11.934
6           1           18.431
6           2           14.564
6           3           12.27
6           4           9.405
7           1           16.593
7           2           5.485
7           3           15.29
7           4           6.164
8           1           18.802
8           2           18.911
8           3           11.724
8           4           17.327



se(j, m) - Setup emission for producing a lot of item j on machine m. The setup emission are period-independent.


1           1           31.381
1           2           92.034
1           3           70.497
1           4           127.953
2           1           26.785
2           2           51.911
2           3           25.035
2           4           97.747
3           1           46.885
3           2           179.951
3           3           93.377
3           4           54.258
4           1           48.809
4           2           91.531
4           3           50.965
4           4           37.578
5           1           43.94
5           2           112.479
5           3           82.914
5           4           54.195
6           1           34.293
6           2           157.623
6           3           55.515
6           4           140.183
7           1           43.133
7           2           71.71
7           3           56.845
7           4           138.642
8           1           36.167
8           2           189.131
8           3           30.953
8           4           68.304



sc(j, m) - Setup costs for producing a lot of item j on machine m. The setup costs are period-independent.


1           1           29164.8
1           2           7291.2
1           3           14582.4
1           4           9721.6
2           1           58150.4
2           2           14537.6
2           3           29075.2
2           4           19383.467
3           1           47219.2
3           2           11804.8
3           3           23609.6
3           4           15739.733
4           1           38946.133
4           2           9736.533
4           3           19473.067
4           4           12982.044
5           1           28125.067
5           2           7031.267
5           3           14062.533
5           4           9375.022
6           1           41249.6
6           2           10312.4
6           3           20624.8
6           4           13749.867
7           1           21937.067
7           2           5484.267
7           3           10968.533
7           4           7312.356
8           1           36892.8
8           2           9223.2
8           3           18446.4
8           4           12297.6



bc(m) - Fixed investment cost for machine m.


1           2463.2528547571233
2           1123.5553589304266
3           5620.325309389665
4           2804.7263309739815



ca(m, t) - The available capacity of machine m in period t.


1           1           179.61916907407408
1           2           179.61916907407408
1           3           179.61916907407408
1           4           179.61916907407408
1           5           179.61916907407408
1           6           179.61916907407408
2           1           179.61916907407408
2           2           179.61916907407408
2           3           179.61916907407408
2           4           179.61916907407408
2           5           179.61916907407408
2           6           179.61916907407408
3           1           179.61916907407408
3           2           179.61916907407408
3           3           179.61916907407408
3           4           179.61916907407408
3           5           179.61916907407408
3           6           179.61916907407408
4           1           179.61916907407408
4           2           179.61916907407408
4           3           179.61916907407408
4           4           179.61916907407408
4           5           179.61916907407408
4           6           179.61916907407408



em(t) - The limits of carbon emissions in period t.


1           580.7994694444443
2           580.7994694444443
3           580.7994694444443
4           580.7994694444443
5           580.7994694444443
6           580.7994694444443
