Information for the currently-owned machines and the machines that may be purchased: if 1, the machine can be purchased, otherwise currently-owned.


1           0.0
2           1.0
3           0.0
4           0.0



item_machine_arc(j, m) - The relationship arc between item j and machine m, i.e., machine m is capable of producing item j if item_machine_arc(j, m) = 1.


1           1           0.0
1           2           1.0
1           3           1.0
1           4           1.0
2           1           0.0
2           2           1.0
2           3           1.0
2           4           1.0
3           1           0.0
3           2           1.0
3           3           0.0
3           4           0.0
4           1           0.0
4           2           0.0
4           3           1.0
4           4           0.0
5           1           0.0
5           2           1.0
5           3           0.0
5           4           0.0
6           1           1.0
6           2           1.0
6           3           1.0
6           4           1.0
7           1           0.0
7           2           0.0
7           3           1.0
7           4           1.0
8           1           0.0
8           2           1.0
8           3           0.0
8           4           0.0



d(j, t) - Gross demand for item j in period t.


1           1           42
1           2           48
1           3           42
1           4           41
1           5           41
1           6           50
2           1           44
2           2           39
2           3           50
2           4           30
2           5           33
2           6           47
3           1           50
3           2           32
3           3           46
3           4           32
3           5           30
3           6           35
4           1           49
4           2           40
4           3           47
4           4           42
4           5           35
4           6           30
5           1           35
5           2           37
5           3           30
5           4           50
5           5           33
5           6           38
6           1           35
6           2           31
6           3           46
6           4           44
6           5           46
6           6           42
7           1           33
7           2           44
7           3           40
7           4           38
7           5           44
7           6           41
8           1           32
8           2           48
8           3           31
8           4           36
8           5           41
8           6           34



pt(j, m) - Time required to produce one unit of item j on machine m. The production time is period-independent.


1           1           0.837
1           2           1.392
1           3           0.564
1           4           0.531
2           1           0.551
2           2           1.422
2           3           1.146
2           4           0.862
3           1           1.015
3           2           1.301
3           3           0.698
3           4           1.267
4           1           1.327
4           2           1.024
4           3           1.316
4           4           0.927
5           1           1.09
5           2           1.055
5           3           0.881
5           4           0.984
6           1           1.329
6           2           0.737
6           3           0.702
6           4           0.586
7           1           1.05
7           2           1.155
7           3           1.167
7           4           0.627
8           1           1.479
8           2           0.687
8           3           1.011
8           4           1.014



pc(j, m) - Variable costs of producing one unit of item j on machine m. The production cost is period-independent.


1           1           2.044
1           2           11.299
1           3           2.954
1           4           2.917
2           1           4.162
2           2           9.253
2           3           1.345
2           4           2.164
3           1           5.311
3           2           9.233
3           3           2.845
3           4           3.94
4           1           5.52
4           2           4.666
4           3           2.488
4           4           1.431
5           1           4.843
5           2           10.491
5           3           2.338
5           4           2.16
6           1           3.282
6           2           7.581
6           3           1.309
6           4           3.493
7           1           2.265
7           2           4.434
7           3           1.675
7           4           2.555
8           1           3.095
8           2           9.201
8           3           2.421
8           4           2.927



pe(j, m) - Production emission for producing one unit of item j on machine m. The production emission is period-independent.


1           1           0.406
1           2           0.208
1           3           0.729
1           4           0.398
2           1           0.42
2           2           0.225
2           3           0.221
2           4           0.476
3           1           0.421
3           2           0.201
3           3           0.945
3           4           0.534
4           1           0.5
4           2           0.055
4           3           0.898
4           4           0.568
5           1           0.25
5           2           0.057
5           3           0.997
5           4           0.679
6           1           0.112
6           2           0.153
6           3           0.981
6           4           0.423
7           1           0.402
7           2           0.092
7           3           0.927
7           4           0.186
8           1           0.404
8           2           0.136
8           3           0.448
8           4           0.265



hc(j) - Inventory-holding costs for one unit of item j for one period.


1           0.214
2           0.175
3           0.29
4           0.134
5           0.17
6           0.145
7           0.161
8           0.254



st(j, m) - Setup times for producing a lot of item j on machine m. The setup times are period-independent.


1           1           12.477
1           2           7.404
1           3           6.458
1           4           13.842
2           1           6.885
2           2           19.483
2           3           9.393
2           4           8.308
3           1           14.951
3           2           15.721
3           3           15.131
3           4           10.638
4           1           7.624
4           2           15.105
4           3           6.764
4           4           14.065
5           1           8.274
5           2           15.705
5           3           16.455
5           4           18.457
6           1           10.696
6           2           7.835
6           3           9.25
6           4           14.468
7           1           19.345
7           2           12.896
7           3           9.445
7           4           9.322
8           1           17.779
8           2           13.538
8           3           19.297
8           4           10.042



se(j, m) - Setup emission for producing a lot of item j on machine m. The setup emission are period-independent.


1           1           71.808
1           2           14.688
1           3           150.606
1           4           38.576
2           1           57.584
2           2           29.842
2           3           151.695
2           4           54.473
3           1           79.006
3           2           40.012
3           3           149.979
3           4           64.251
4           1           26.056
4           2           44.89
4           3           164.363
4           4           77.809
5           1           88.646
5           2           32.222
5           3           190.781
5           4           123.941
6           1           37.898
6           2           19.81
6           3           91.882
6           4           102.869
7           1           58.721
7           2           48.072
7           3           72.088
7           4           68.728
8           1           43.027
8           2           19.114
8           3           188.746
8           4           63.118



sc(j, m) - Setup costs for producing a lot of item j on machine m. The setup costs are period-independent.


1           1           26364.8
1           2           52729.6
1           3           13182.4
1           4           17576.533
2           1           19845.0
2           2           39690.0
2           3           9922.5
2           4           13230.0
3           1           30450.0
3           2           60900.0
3           3           15225.0
3           4           20300.0
4           1           15195.6
4           2           30391.2
4           3           7597.8
4           4           10130.4
5           1           17691.333
5           2           35382.667
5           3           8845.667
5           4           11794.222
6           1           16510.667
6           2           33021.333
6           3           8255.333
6           4           11007.111
7           1           18032.0
7           2           36064.0
7           3           9016.0
7           4           12021.333
8           1           26314.4
8           2           52628.8
8           3           13157.2
8           4           17542.933



bc(m) - Fixed investment cost for machine m.


1           6433.285790749821
2           6299.944687789795
3           2288.557778117076
4           1426.5624386540412



ca(m, t) - The available capacity of machine m in period t.


1           1           187.94512916666665
1           2           187.94512916666665
1           3           187.94512916666665
1           4           187.94512916666665
1           5           187.94512916666665
1           6           187.94512916666665
2           1           187.94512916666665
2           2           187.94512916666665
2           3           187.94512916666665
2           4           187.94512916666665
2           5           187.94512916666665
2           6           187.94512916666665
3           1           187.94512916666665
3           2           187.94512916666665
3           3           187.94512916666665
3           4           187.94512916666665
3           5           187.94512916666665
3           6           187.94512916666665
4           1           187.94512916666665
4           2           187.94512916666665
4           3           187.94512916666665
4           4           187.94512916666665
4           5           187.94512916666665
4           6           187.94512916666665



em(t) - The limits of carbon emissions in period t.


1           600.9732575
2           600.9732575
3           600.9732575
4           600.9732575
5           600.9732575
6           600.9732575
