Information for the currently-owned machines and the machines that may be purchased: if 1, the machine can be purchased, otherwise currently-owned.


1           0.0
2           0.0
3           1.0
4           0.0



item_machine_arc(j, m) - The relationship arc between item j and machine m, i.e., machine m is capable of producing item j if item_machine_arc(j, m) = 1.


1           1           1.0
1           2           1.0
1           3           0.0
1           4           1.0
2           1           0.0
2           2           1.0
2           3           0.0
2           4           1.0
3           1           1.0
3           2           1.0
3           3           0.0
3           4           1.0
4           1           1.0
4           2           0.0
4           3           1.0
4           4           0.0
5           1           1.0
5           2           1.0
5           3           1.0
5           4           0.0
6           1           0.0
6           2           0.0
6           3           0.0
6           4           1.0
7           1           0.0
7           2           0.0
7           3           1.0
7           4           1.0
8           1           0.0
8           2           1.0
8           3           0.0
8           4           1.0



d(j, t) - Gross demand for item j in period t.


1           1           30
1           2           38
1           3           40
1           4           43
1           5           44
1           6           33
2           1           42
2           2           35
2           3           37
2           4           33
2           5           39
2           6           50
3           1           50
3           2           41
3           3           38
3           4           37
3           5           47
3           6           47
4           1           46
4           2           30
4           3           47
4           4           46
4           5           33
4           6           46
5           1           48
5           2           38
5           3           47
5           4           32
5           5           32
5           6           47
6           1           42
6           2           30
6           3           33
6           4           30
6           5           41
6           6           45
7           1           38
7           2           47
7           3           47
7           4           36
7           5           37
7           6           30
8           1           42
8           2           44
8           3           40
8           4           37
8           5           42
8           6           36



pt(j, m) - Time required to produce one unit of item j on machine m. The production time is period-independent.


1           1           0.981
1           2           0.842
1           3           1.157
1           4           0.652
2           1           1.48
2           2           1.039
2           3           0.714
2           4           0.587
3           1           1.163
3           2           0.866
3           3           1.285
3           4           0.531
4           1           0.698
4           2           0.962
4           3           1.105
4           4           1.162
5           1           0.944
5           2           1.045
5           3           0.711
5           4           1.121
6           1           0.868
6           2           1.413
6           3           1.001
6           4           1.003
7           1           1.286
7           2           0.808
7           3           1.307
7           4           0.662
8           1           0.816
8           2           1.171
8           3           1.368
8           4           1.305



pc(j, m) - Variable costs of producing one unit of item j on machine m. The production cost is period-independent.


1           1           7.718
1           2           3.667
1           3           3.912
1           4           1.126
2           1           11.415
2           2           2.938
2           3           2.212
2           4           2.802
3           1           11.734
3           2           3.005
3           3           3.406
3           4           2.787
4           1           10.667
4           2           3.879
4           3           3.911
4           4           1.716
5           1           10.821
5           2           2.381
5           3           3.348
5           4           2.45
6           1           7.309
6           2           3.614
6           3           2.734
6           4           1.561
7           1           10.551
7           2           1.944
7           3           2.385
7           4           1.46
8           1           7.601
8           2           3.389
8           3           5.255
8           4           2.588



pe(j, m) - Production emission for producing one unit of item j on machine m. The production emission is period-independent.


1           1           0.146
1           2           0.165
1           3           0.356
1           4           0.871
2           1           0.198
2           2           0.71
2           3           0.417
2           4           0.622
3           1           0.091
3           2           0.483
3           3           0.106
3           4           0.208
4           1           0.161
4           2           0.217
4           3           0.24
4           4           0.749
5           1           0.21
5           2           0.68
5           3           0.469
5           4           0.759
6           1           0.212
6           2           0.734
6           3           0.437
6           4           0.284
7           1           0.114
7           2           0.16
7           3           0.336
7           4           0.379
8           1           0.108
8           2           0.469
8           3           0.136
8           4           0.872



hc(j) - Inventory-holding costs for one unit of item j for one period.


1           0.252
2           0.216
3           0.269
4           0.206
5           0.235
6           0.232
7           0.267
8           0.239



st(j, m) - Setup times for producing a lot of item j on machine m. The setup times are period-independent.


1           1           9.864
1           2           9.246
1           3           18.027
1           4           11.322
2           1           18.341
2           2           14.702
2           3           8.006
2           4           14.758
3           1           11.919
3           2           19.58
3           3           8.045
3           4           9.086
4           1           15.598
4           2           10.924
4           3           19.911
4           4           18.226
5           1           10.141
5           2           11.948
5           3           10.409
5           4           12.813
6           1           12.579
6           2           14.135
6           3           17.985
6           4           9.366
7           1           9.663
7           2           12.575
7           3           5.109
7           4           15.733
8           1           15.463
8           2           9.451
8           3           11.73
8           4           19.41



se(j, m) - Setup emission for producing a lot of item j on machine m. The setup emission are period-independent.


1           1           3.277
1           2           19.417
1           3           12.77
1           4           20.648
2           1           4.681
2           2           27.596
2           3           17.689
2           4           21.691
3           1           9.139
3           2           16.511
3           3           16.74
3           4           14.132
4           1           9.124
4           2           18.927
4           3           13.811
4           4           16.608
5           1           6.595
5           2           10.717
5           3           14.7
5           4           15.057
6           1           8.428
6           2           14.768
6           3           13.089
6           4           12.843
7           1           5.765
7           2           13.919
7           3           8.764
7           4           32.575
8           1           8.733
8           2           15.738
8           3           10.383
8           4           21.979



sc(j, m) - Setup costs for producing a lot of item j on machine m. The setup costs are period-independent.


1           1           53625.6
1           2           17875.2
1           3           26812.8
1           4           13406.4
2           1           47577.6
2           2           15859.2
2           3           23788.8
2           4           11894.4
3           1           65277.333
3           2           21759.111
3           3           32638.667
3           4           16319.333
4           1           47682.133
4           2           15894.044
4           3           23841.067
4           4           11920.533
5           1           53517.333
5           2           17839.111
5           3           26758.667
5           4           13379.333
6           1           47853.867
6           2           15951.289
6           3           23926.933
6           4           11963.467
7           1           58562.0
7           2           19520.667
7           3           29281.0
7           4           14640.5
8           1           53759.067
8           2           17919.689
8           3           26879.533
8           4           13439.767



bc(m) - Fixed investment cost for machine m.


1           11666.362993644774
2           5482.9826750552065
3           9608.039425278072
4           2682.075449965574



ca(m, t) - The available capacity of machine m in period t.


1           1           179.66719425925928
1           2           179.66719425925928
1           3           179.66719425925928
1           4           179.66719425925928
1           5           179.66719425925928
1           6           179.66719425925928
2           1           179.66719425925928
2           2           179.66719425925928
2           3           179.66719425925928
2           4           179.66719425925928
2           5           179.66719425925928
2           6           179.66719425925928
3           1           179.66719425925928
3           2           179.66719425925928
3           3           179.66719425925928
3           4           179.66719425925928
3           5           179.66719425925928
3           6           179.66719425925928
4           1           179.66719425925928
4           2           179.66719425925928
4           3           179.66719425925928
4           4           179.66719425925928
4           5           179.66719425925928
4           6           179.66719425925928



em(t) - The limits of carbon emissions in period t.


1           271.59681111111115
2           271.59681111111115
3           271.59681111111115
4           271.59681111111115
5           271.59681111111115
6           271.59681111111115
