Information for the currently-owned machines and the machines that may be purchased: if 1, the machine can be purchased, otherwise currently-owned.


1           1.0
2           0.0
3           0.0
4           0.0



item_machine_arc(j, m) - The relationship arc between item j and machine m, i.e., machine m is capable of producing item j if item_machine_arc(j, m) = 1.


1           1           1.0
1           2           1.0
1           3           0.0
1           4           1.0
2           1           0.0
2           2           1.0
2           3           0.0
2           4           0.0
3           1           0.0
3           2           1.0
3           3           0.0
3           4           1.0
4           1           0.0
4           2           1.0
4           3           0.0
4           4           0.0
5           1           1.0
5           2           1.0
5           3           0.0
5           4           1.0
6           1           1.0
6           2           1.0
6           3           1.0
6           4           1.0
7           1           0.0
7           2           0.0
7           3           0.0
7           4           1.0
8           1           1.0
8           2           0.0
8           3           1.0
8           4           1.0



d(j, t) - Gross demand for item j in period t.


1           1           35
1           2           30
1           3           38
1           4           31
1           5           31
1           6           34
2           1           43
2           2           41
2           3           38
2           4           43
2           5           42
2           6           35
3           1           35
3           2           38
3           3           41
3           4           30
3           5           32
3           6           35
4           1           49
4           2           46
4           3           43
4           4           46
4           5           31
4           6           45
5           1           49
5           2           30
5           3           48
5           4           47
5           5           50
5           6           50
6           1           38
6           2           36
6           3           48
6           4           48
6           5           47
6           6           42
7           1           39
7           2           35
7           3           49
7           4           46
7           5           43
7           6           32
8           1           31
8           2           41
8           3           41
8           4           44
8           5           38
8           6           50



pt(j, m) - Time required to produce one unit of item j on machine m. The production time is period-independent.


1           1           1.35
1           2           1.494
1           3           0.646
1           4           0.798
2           1           1.1
2           2           1.347
2           3           0.964
2           4           0.596
3           1           1.42
3           2           1.301
3           3           1.5
3           4           0.981
4           1           0.951
4           2           0.55
4           3           1.341
4           4           0.906
5           1           0.626
5           2           0.994
5           3           1.277
5           4           0.965
6           1           1.056
6           2           1.049
6           3           0.791
6           4           0.63
7           1           1.362
7           2           0.808
7           3           0.577
7           4           0.681
8           1           0.629
8           2           0.944
8           3           1.394
8           4           1.074



pc(j, m) - Variable costs of producing one unit of item j on machine m. The production cost is period-independent.


1           1           4.342
1           2           2.854
1           3           1.533
1           4           8.033
2           1           5.614
2           2           1.964
2           3           1.738
2           4           8.025
3           1           2.351
3           2           1.594
3           3           1.573
3           4           6.196
4           1           5.037
4           2           2.6
4           3           2.836
4           4           9.207
5           1           4.333
5           2           1.883
5           3           2.97
5           4           11.707
6           1           3.802
6           2           1.6
6           3           1.991
6           4           5.702
7           1           3.132
7           2           2.081
7           3           2.495
7           4           5.241
8           1           4.25
8           2           1.351
8           3           1.81
8           4           10.429



pe(j, m) - Production emission for producing one unit of item j on machine m. The production emission is period-independent.


1           1           0.316
1           2           0.386
1           3           0.209
1           4           0.116
2           1           0.355
2           2           0.26
2           3           0.837
2           4           0.122
3           1           0.193
3           2           0.389
3           3           0.757
3           4           0.14
4           1           0.37
4           2           0.535
4           3           0.219
4           4           0.122
5           1           0.156
5           2           0.612
5           3           0.569
5           4           0.164
6           1           0.336
6           2           0.343
6           3           0.794
6           4           0.22
7           1           0.219
7           2           0.637
7           3           0.336
7           4           0.107
8           1           0.212
8           2           0.362
8           3           0.524
8           4           0.209



hc(j) - Inventory-holding costs for one unit of item j for one period.


1           0.114
2           0.256
3           0.291
4           0.107
5           0.28
6           0.126
7           0.252
8           0.172



st(j, m) - Setup times for producing a lot of item j on machine m. The setup times are period-independent.


1           1           6.281
1           2           13.496
1           3           11.723
1           4           16.1
2           1           17.338
2           2           19.342
2           3           19.609
2           4           18.81
3           1           10.068
3           2           19.849
3           3           12.541
3           4           15.044
4           1           8.053
4           2           9.559
4           3           7.358
4           4           9.18
5           1           7.224
5           2           15.835
5           3           19.72
5           4           8.253
6           1           8.461
6           2           11.811
6           3           11.536
6           4           18.661
7           1           5.605
7           2           11.936
7           3           13.776
7           4           10.573
8           1           7.774
8           2           8.237
8           3           18.856
8           4           14.925



se(j, m) - Setup emission for producing a lot of item j on machine m. The setup emission are period-independent.


1           1           57.208
1           2           130.965
1           3           186.266
1           4           40.417
2           1           71.716
2           2           132.12
2           3           144.497
2           4           21.453
3           1           61.558
3           2           143.943
3           3           123.104
3           4           44.958
4           1           48.054
4           2           139.162
4           3           168.183
4           4           47.028
5           1           51.3
5           2           73.84
5           3           196.092
5           4           13.226
6           1           95.628
6           2           47.378
6           3           186.995
6           4           29.373
7           1           35.135
7           2           143.222
7           3           64.953
7           4           37.249
8           1           57.932
8           2           86.132
8           3           97.755
8           4           26.818



sc(j, m) - Setup costs for producing a lot of item j on machine m. The setup costs are period-independent.


1           1           11645.48
1           2           7763.653
1           3           5822.74
1           4           23290.96
2           1           31802.027
2           2           21201.351
2           3           15901.013
2           4           63604.053
3           1           31519.18
3           2           21012.787
3           3           15759.59
3           4           63038.36
4           1           14280.933
4           2           9520.622
4           3           7140.467
4           4           28561.867
5           1           39382.933
5           2           26255.289
5           3           19691.467
5           4           78765.867
6           1           16752.12
6           2           11168.08
6           3           8376.06
6           4           33504.24
7           1           31563.84
7           2           21042.56
7           3           15781.92
7           4           63127.68
8           1           21631.867
8           2           14421.244
8           3           10815.933
8           4           43263.733



bc(m) - Fixed investment cost for machine m.


1           609.8341009326747
2           280.67951390984575
3           4372.16909704119
4           18105.72186161701



ca(m, t) - The available capacity of machine m in period t.


1           1           184.1291660185185
1           2           184.1291660185185
1           3           184.1291660185185
1           4           184.1291660185185
1           5           184.1291660185185
1           6           184.1291660185185
2           1           184.1291660185185
2           2           184.1291660185185
2           3           184.1291660185185
2           4           184.1291660185185
2           5           184.1291660185185
2           6           184.1291660185185
3           1           184.1291660185185
3           2           184.1291660185185
3           3           184.1291660185185
3           4           184.1291660185185
3           5           184.1291660185185
3           6           184.1291660185185
4           1           184.1291660185185
4           2           184.1291660185185
4           3           184.1291660185185
4           4           184.1291660185185
4           5           184.1291660185185
4           6           184.1291660185185



em(t) - The limits of carbon emissions in period t.


1           615.545836111111
2           615.545836111111
3           615.545836111111
4           615.545836111111
5           615.545836111111
6           615.545836111111
