Information for the currently-owned machines and the machines that may be purchased: if 1, the machine can be purchased, otherwise currently-owned.


1           0.0
2           0.0
3           0.0
4           1.0



item_machine_arc(j, m) - The relationship arc between item j and machine m, i.e., machine m is capable of producing item j if item_machine_arc(j, m) = 1.


1           1           0.0
1           2           1.0
1           3           1.0
1           4           1.0
2           1           0.0
2           2           0.0
2           3           1.0
2           4           0.0
3           1           1.0
3           2           1.0
3           3           0.0
3           4           1.0
4           1           0.0
4           2           0.0
4           3           0.0
4           4           1.0
5           1           1.0
5           2           0.0
5           3           1.0
5           4           1.0
6           1           1.0
6           2           1.0
6           3           1.0
6           4           1.0
7           1           0.0
7           2           1.0
7           3           0.0
7           4           0.0
8           1           0.0
8           2           0.0
8           3           1.0
8           4           1.0



d(j, t) - Gross demand for item j in period t.


1           1           42
1           2           37
1           3           32
1           4           36
1           5           43
1           6           50
2           1           47
2           2           49
2           3           40
2           4           40
2           5           35
2           6           41
3           1           45
3           2           46
3           3           47
3           4           48
3           5           49
3           6           30
4           1           49
4           2           39
4           3           31
4           4           40
4           5           33
4           6           38
5           1           49
5           2           49
5           3           36
5           4           40
5           5           30
5           6           41
6           1           43
6           2           47
6           3           46
6           4           39
6           5           46
6           6           40
7           1           43
7           2           46
7           3           32
7           4           41
7           5           35
7           6           36
8           1           37
8           2           35
8           3           35
8           4           36
8           5           32
8           6           47



pt(j, m) - Time required to produce one unit of item j on machine m. The production time is period-independent.


1           1           0.513
1           2           1.163
1           3           1.437
1           4           0.501
2           1           0.703
2           2           0.61
2           3           0.728
2           4           1.241
3           1           1.38
3           2           0.759
3           3           0.511
3           4           0.608
4           1           0.768
4           2           1.276
4           3           1.253
4           4           1.34
5           1           0.678
5           2           1.291
5           3           1.001
5           4           1.434
6           1           0.768
6           2           1.424
6           3           1.277
6           4           1.452
7           1           0.954
7           2           0.956
7           3           1.138
7           4           0.947
8           1           0.641
8           2           1.215
8           3           0.502
8           4           1.256



pc(j, m) - Variable costs of producing one unit of item j on machine m. The production cost is period-independent.


1           1           3.318
1           2           11.802
1           3           5.995
1           4           2.09
2           1           3.89
2           2           6.605
2           3           2.41
2           4           1.6
3           1           2.241
3           2           4.741
3           3           5.054
3           4           1.513
4           1           1.849
4           2           8.423
4           3           5.14
4           4           1.931
5           1           3.044
5           2           5.353
5           3           2.998
5           4           1.053
6           1           2.341
6           2           5.019
6           3           2.593
6           4           2.023
7           1           3.273
7           2           7.631
7           3           3.804
7           4           1.623
8           1           3.561
8           2           7.664
8           3           5.53
8           4           2.552



pe(j, m) - Production emission for producing one unit of item j on machine m. The production emission is period-independent.


1           1           3.164
1           2           0.957
1           3           1.658
1           4           1.846
2           1           2.54
2           2           1.128
2           3           1.791
2           4           1.677
3           1           2.164
3           2           0.534
3           3           2.344
3           4           2.751
4           1           2.32
4           2           0.355
4           3           1.604
4           4           3.815
5           1           2.62
5           2           0.437
5           3           2.297
5           4           2.378
6           1           2.244
6           2           1.231
6           3           0.921
6           4           1.198
7           1           3.375
7           2           0.837
7           3           2.424
7           4           3.644
8           1           2.493
8           2           0.655
8           3           1.938
8           4           1.389



hc(j) - Inventory-holding costs for one unit of item j for one period.


1           0.277
2           0.222
3           0.171
4           0.181
5           0.117
6           0.117
7           0.167
8           0.137



st(j, m) - Setup times for producing a lot of item j on machine m. The setup times are period-independent.


1           1           25.226
1           2           53.39
1           3           61.265
1           4           69.708
2           1           84.023
2           2           26.893
2           3           80.827
2           4           34.247
3           1           75.064
3           2           67.496
3           3           97.748
3           4           94.299
4           1           32.334
4           2           69.657
4           3           54.902
4           4           87.863
5           1           26.64
5           2           97.075
5           3           34.951
5           4           90.119
6           1           94.248
6           2           59.705
6           3           43.408
6           4           63.697
7           1           98.522
7           2           90.405
7           3           68.555
7           4           91.888
8           1           48.056
8           2           69.75
8           3           92.781
8           4           78.479



se(j, m) - Setup emission for producing a lot of item j on machine m. The setup emission are period-independent.


1           1           48.009
1           2           22.722
1           3           83.43
1           4           115.236
2           1           133.829
2           2           19.066
2           3           97.873
2           4           120.208
3           1           118.806
3           2           34.298
3           3           34.278
3           4           130.457
4           1           115.624
4           2           40.812
4           3           84.25
4           4           123.199
5           1           53.863
5           2           39.372
5           3           87.756
5           4           178.659
6           1           148.682
6           2           20.836
6           3           44.36
6           4           144.201
7           1           64.974
7           2           46.858
7           3           27.03
7           4           181.815
8           1           54.353
8           2           28.773
8           3           44.185
8           4           178.978



sc(j, m) - Setup costs for producing a lot of item j on machine m. The setup costs are period-independent.


1           1           22750.933
1           2           68252.8
1           3           34126.4
1           4           17063.2
2           1           19145.28
2           2           57435.84
2           3           28717.92
2           4           14358.96
3           1           15507.8
3           2           46523.4
3           3           23261.7
3           4           11630.85
4           1           14246.711
4           2           42740.133
4           3           21370.067
4           4           10685.033
5           1           9809.8
5           2           29429.4
5           3           14714.7
5           4           7357.35
6           1           10450.44
6           2           31351.32
6           3           15675.66
6           4           7837.83
7           1           13316.209
7           2           39948.627
7           3           19974.313
7           4           9987.157
8           1           10408.347
8           2           31225.04
8           3           15612.52
8           4           7806.26



bc(m) - Fixed investment cost for machine m.


1           3808.8764315005346
2           15210.774216435546
3           2964.289263567742
4           260.3239753991821



ca(m, t) - The available capacity of machine m in period t.


1           1           323.27147416666674
1           2           323.27147416666674
1           3           323.27147416666674
1           4           323.27147416666674
1           5           323.27147416666674
1           6           323.27147416666674
2           1           323.27147416666674
2           2           323.27147416666674
2           3           323.27147416666674
2           4           323.27147416666674
2           5           323.27147416666674
2           6           323.27147416666674
3           1           323.27147416666674
3           2           323.27147416666674
3           3           323.27147416666674
3           4           323.27147416666674
3           5           323.27147416666674
3           6           323.27147416666674
4           1           323.27147416666674
4           2           323.27147416666674
4           3           323.27147416666674
4           4           323.27147416666674
4           5           323.27147416666674
4           6           323.27147416666674



em(t) - The limits of carbon emissions in period t.


1           1520.5949519444443
2           1520.5949519444443
3           1520.5949519444443
4           1520.5949519444443
5           1520.5949519444443
6           1520.5949519444443
