Information for the currently-owned machines and the machines that may be purchased: if 1, the machine can be purchased, otherwise currently-owned.


1           0.0
2           1.0
3           0.0
4           0.0



item_machine_arc(j, m) - The relationship arc between item j and machine m, i.e., machine m is capable of producing item j if item_machine_arc(j, m) = 1.


1           1           0.0
1           2           1.0
1           3           0.0
1           4           0.0
2           1           1.0
2           2           0.0
2           3           0.0
2           4           0.0
3           1           1.0
3           2           1.0
3           3           0.0
3           4           0.0
4           1           1.0
4           2           1.0
4           3           1.0
4           4           1.0
5           1           1.0
5           2           1.0
5           3           0.0
5           4           0.0
6           1           1.0
6           2           0.0
6           3           1.0
6           4           0.0
7           1           0.0
7           2           0.0
7           3           1.0
7           4           0.0
8           1           0.0
8           2           1.0
8           3           1.0
8           4           0.0



d(j, t) - Gross demand for item j in period t.


1           1           49
1           2           32
1           3           39
1           4           32
1           5           50
1           6           42
2           1           46
2           2           37
2           3           49
2           4           46
2           5           43
2           6           35
3           1           47
3           2           33
3           3           43
3           4           37
3           5           33
3           6           46
4           1           41
4           2           43
4           3           31
4           4           49
4           5           39
4           6           38
5           1           35
5           2           44
5           3           42
5           4           31
5           5           37
5           6           35
6           1           37
6           2           41
6           3           50
6           4           42
6           5           41
6           6           41
7           1           31
7           2           32
7           3           30
7           4           46
7           5           31
7           6           43
8           1           45
8           2           42
8           3           47
8           4           30
8           5           34
8           6           43



pt(j, m) - Time required to produce one unit of item j on machine m. The production time is period-independent.


1           1           1.26
1           2           1.397
1           3           1.015
1           4           0.61
2           1           1.405
2           2           0.808
2           3           1.085
2           4           0.611
3           1           1.047
3           2           0.573
3           3           0.9
3           4           1.001
4           1           0.683
4           2           1.206
4           3           1.097
4           4           1.209
5           1           0.698
5           2           1.047
5           3           0.895
5           4           1.476
6           1           1.338
6           2           0.981
6           3           0.689
6           4           1.366
7           1           1.193
7           2           1.322
7           3           0.932
7           4           0.577
8           1           0.655
8           2           0.513
8           3           1.326
8           4           1.066



pc(j, m) - Variable costs of producing one unit of item j on machine m. The production cost is period-independent.


1           1           1.804
1           2           11.92
1           3           2.013
1           4           5.01
2           1           1.851
2           2           4.417
2           3           1.244
2           4           5.745
3           1           2.008
3           2           4.994
3           3           2.929
3           4           5.845
4           1           3.444
4           2           7.628
4           3           1.53
4           4           5.001
5           1           1.99
5           2           4.597
5           3           2.293
5           4           3.736
6           1           3.348
6           2           7.261
6           3           2.572
6           4           4.483
7           1           3.483
7           2           4.759
7           3           2.42
7           4           4.79
8           1           2.423
8           2           9.862
8           3           1.838
8           4           4.536



pe(j, m) - Production emission for producing one unit of item j on machine m. The production emission is period-independent.


1           1           0.186
1           2           0.084
1           3           0.265
1           4           0.474
2           1           0.668
2           2           0.248
2           3           0.63
2           4           0.494
3           1           0.595
3           2           0.144
3           3           0.505
3           4           0.46
4           1           0.534
4           2           0.063
4           3           0.738
4           4           0.42
5           1           0.366
5           2           0.14
5           3           0.229
5           4           0.154
6           1           0.605
6           2           0.108
6           3           0.222
6           4           0.498
7           1           0.343
7           2           0.199
7           3           0.512
7           4           0.277
8           1           0.503
8           2           0.228
8           3           0.225
8           4           0.302



hc(j) - Inventory-holding costs for one unit of item j for one period.


1           0.278
2           0.166
3           0.125
4           0.28
5           0.3
6           0.103
7           0.142
8           0.248



st(j, m) - Setup times for producing a lot of item j on machine m. The setup times are period-independent.


1           1           39.614
1           2           65.295
1           3           82.068
1           4           92.988
2           1           71.245
2           2           91.497
2           3           39.297
2           4           46.612
3           1           28.453
3           2           81.706
3           3           91.149
3           4           40.666
4           1           96.875
4           2           81.063
4           3           91.717
4           4           25.713
5           1           53.964
5           2           78.519
5           3           86.831
5           4           46.676
6           1           78.741
6           2           69.236
6           3           81.678
6           4           92.364
7           1           32.758
7           2           32.701
7           3           59.909
7           4           48.589
8           1           90.622
8           2           67.889
8           3           44.226
8           4           61.618



se(j, m) - Setup emission for producing a lot of item j on machine m. The setup emission are period-independent.


1           1           9.549
1           2           9.886
1           3           23.874
1           4           17.724
2           1           25.664
2           2           7.315
2           3           26.524
2           4           14.688
3           1           22.08
3           2           9.012
3           3           15.155
3           4           17.247
4           1           21.136
4           2           7.341
4           3           14.355
4           4           7.807
5           1           16.311
5           2           9.624
5           3           34.308
5           4           9.269
6           1           9.499
6           2           8.262
6           3           31.337
6           4           13.776
7           1           13.231
7           2           4.497
7           3           14.345
7           4           8.33
8           1           19.716
8           2           6.157
8           3           11.322
8           4           10.697



sc(j, m) - Setup costs for producing a lot of item j on machine m. The setup costs are period-independent.


1           1           23213.618
1           2           69640.853
1           3           17410.213
1           4           34820.427
2           1           14543.076
2           2           43629.227
2           3           10907.307
2           4           21814.613
3           1           10223.889
3           2           30671.667
3           3           7667.917
3           4           15335.833
4           1           23093.156
4           2           69279.467
4           3           17319.867
4           4           34639.733
5           1           22997.333
5           2           68992.0
5           3           17248.0
5           4           34496.0
6           1           8882.72
6           2           26648.16
6           3           6662.04
6           4           13324.08
7           1           10350.853
7           2           31052.56
7           3           7763.14
7           4           15526.28
8           1           20453.938
8           2           61361.813
8           3           15340.453
8           4           30680.907



bc(m) - Fixed investment cost for machine m.


1           5028.097650448609
2           1649.5427700500763
3           4866.851357626078
4           4552.478193047843



ca(m, t) - The available capacity of machine m in period t.


1           1           308.12672916666673
1           2           308.12672916666673
1           3           308.12672916666673
1           4           308.12672916666673
1           5           308.12672916666673
1           6           308.12672916666673
2           1           308.12672916666673
2           2           308.12672916666673
2           3           308.12672916666673
2           4           308.12672916666673
2           5           308.12672916666673
2           6           308.12672916666673
3           1           308.12672916666673
3           2           308.12672916666673
3           3           308.12672916666673
3           4           308.12672916666673
3           5           308.12672916666673
3           6           308.12672916666673
4           1           308.12672916666673
4           2           308.12672916666673
4           3           308.12672916666673
4           4           308.12672916666673
4           5           308.12672916666673
4           6           308.12672916666673



em(t) - The limits of carbon emissions in period t.


1           274.8250633333334
2           274.8250633333334
3           274.8250633333334
4           274.8250633333334
5           274.8250633333334
6           274.8250633333334
