Information for the currently-owned machines and the machines that may be purchased: if 1, the machine can be purchased, otherwise currently-owned.


1           1.0
2           0.0
3           0.0
4           0.0



item_machine_arc(j, m) - The relationship arc between item j and machine m, i.e., machine m is capable of producing item j if item_machine_arc(j, m) = 1.


1           1           0.0
1           2           0.0
1           3           0.0
1           4           1.0
2           1           0.0
2           2           0.0
2           3           1.0
2           4           1.0
3           1           0.0
3           2           0.0
3           3           1.0
3           4           0.0
4           1           1.0
4           2           1.0
4           3           1.0
4           4           0.0
5           1           1.0
5           2           0.0
5           3           0.0
5           4           1.0
6           1           1.0
6           2           1.0
6           3           1.0
6           4           0.0
7           1           1.0
7           2           0.0
7           3           1.0
7           4           1.0
8           1           1.0
8           2           1.0
8           3           1.0
8           4           0.0



d(j, t) - Gross demand for item j in period t.


1           1           32
1           2           42
1           3           44
1           4           35
1           5           33
1           6           43
2           1           31
2           2           47
2           3           32
2           4           35
2           5           39
2           6           35
3           1           37
3           2           41
3           3           43
3           4           47
3           5           47
3           6           48
4           1           49
4           2           39
4           3           30
4           4           31
4           5           31
4           6           36
5           1           50
5           2           31
5           3           35
5           4           31
5           5           47
5           6           32
6           1           31
6           2           41
6           3           50
6           4           44
6           5           31
6           6           49
7           1           34
7           2           31
7           3           44
7           4           35
7           5           46
7           6           41
8           1           30
8           2           37
8           3           45
8           4           40
8           5           37
8           6           39



pt(j, m) - Time required to produce one unit of item j on machine m. The production time is period-independent.


1           1           1.21
1           2           1.16
1           3           0.74
1           4           1.464
2           1           0.947
2           2           0.51
2           3           1.329
2           4           1.345
3           1           0.92
3           2           0.515
3           3           1.394
3           4           1.097
4           1           1.083
4           2           0.633
4           3           0.551
4           4           0.516
5           1           1.416
5           2           0.599
5           3           1.045
5           4           0.716
6           1           1.242
6           2           1.361
6           3           0.591
6           4           0.786
7           1           1.368
7           2           1.166
7           3           1.281
7           4           0.724
8           1           1.233
8           2           0.996
8           3           0.604
8           4           0.866



pc(j, m) - Variable costs of producing one unit of item j on machine m. The production cost is period-independent.


1           1           5.502
1           2           1.415
1           3           5.458
1           4           1.444
2           1           5.994
2           2           2.524
2           3           5.292
2           4           2.539
3           1           6.385
3           2           2.54
3           3           5.971
3           4           1.654
4           1           5.946
4           2           2.513
4           3           5.507
4           4           1.044
5           1           11.518
5           2           2.344
5           3           3.862
5           4           2.012
6           1           9.823
6           2           1.46
6           3           4.077
6           4           2.334
7           1           7.377
7           2           1.734
7           3           2.901
7           4           2.521
8           1           6.975
8           2           3.988
8           3           5.774
8           4           2.976



pe(j, m) - Production emission for producing one unit of item j on machine m. The production emission is period-independent.


1           1           0.159
1           2           0.214
1           3           0.488
1           4           0.215
2           1           0.123
2           2           0.548
2           3           0.205
2           4           0.634
3           1           0.165
3           2           0.397
3           3           0.108
3           4           0.543
4           1           0.098
4           2           0.219
4           3           0.444
4           4           0.848
5           1           0.24
5           2           0.667
5           3           0.124
5           4           0.955
6           1           0.084
6           2           0.471
6           3           0.336
6           4           0.685
7           1           0.197
7           2           0.164
7           3           0.458
7           4           0.33
8           1           0.125
8           2           0.733
8           3           0.175
8           4           0.509



hc(j) - Inventory-holding costs for one unit of item j for one period.


1           0.192
2           0.139
3           0.244
4           0.122
5           0.175
6           0.22
7           0.102
8           0.209



st(j, m) - Setup times for producing a lot of item j on machine m. The setup times are period-independent.


1           1           6.294
1           2           13.527
1           3           12.578
1           4           11.541
2           1           6.628
2           2           11.118
2           3           15.101
2           4           13.839
3           1           19.775
3           2           10.138
3           3           11.637
3           4           6.636
4           1           5.667
4           2           8.269
4           3           5.915
4           4           12.559
5           1           17.429
5           2           11.661
5           3           19.941
5           4           18.979
6           1           8.802
6           2           11.637
6           3           5.305
6           4           17.549
7           1           7.961
7           2           10.011
7           3           16.362
7           4           15.964
8           1           15.831
8           2           13.605
8           3           9.588
8           4           19.446



se(j, m) - Setup emission for producing a lot of item j on machine m. The setup emission are period-independent.


1           1           15.114
1           2           40.099
1           3           58.174
1           4           169.275
2           1           18.284
2           2           54.15
2           3           32.345
2           4           151.828
3           1           37.268
3           2           140.101
3           3           48.648
3           4           118.808
4           1           27.924
4           2           82.952
4           3           26.082
4           4           96.495
5           1           20.974
5           2           118.938
5           3           35.239
5           4           118.804
6           1           26.034
6           2           67.689
6           3           67.623
6           4           136.462
7           1           23.275
7           2           43.123
7           3           34.728
7           4           195.676
8           1           47.958
8           2           97.237
8           3           93.34
8           4           60.201



sc(j, m) - Setup costs for producing a lot of item j on machine m. The setup costs are period-independent.


1           1           41036.8
1           2           13678.933
1           3           20518.4
1           4           10259.2
2           1           28411.6
2           2           9470.533
2           3           14205.8
2           4           7102.9
3           1           59893.867
3           2           19964.622
3           3           29946.933
3           4           14973.467
4           1           24595.2
4           2           8198.4
4           3           12297.6
4           4           6148.8
5           1           36913.333
5           2           12304.444
5           3           18456.667
5           4           9228.333
6           1           50512.0
6           2           16837.333
6           3           25256.0
6           4           12628.0
7           1           21991.2
7           2           7330.4
7           3           10995.6
7           4           5497.8
8           1           44475.2
8           2           14825.067
8           3           22237.6
8           4           11118.8



bc(m) - Fixed investment cost for machine m.


1           19366.49678375038
2           341.8239590170291
3           8705.706211871748
4           3636.8666477435154



ca(m, t) - The available capacity of machine m in period t.


1           1           207.7477111111111
1           2           207.7477111111111
1           3           207.7477111111111
1           4           207.7477111111111
1           5           207.7477111111111
1           6           207.7477111111111
2           1           207.7477111111111
2           2           207.7477111111111
2           3           207.7477111111111
2           4           207.7477111111111
2           5           207.7477111111111
2           6           207.7477111111111
3           1           207.7477111111111
3           2           207.7477111111111
3           3           207.7477111111111
3           4           207.7477111111111
3           5           207.7477111111111
3           6           207.7477111111111
4           1           207.7477111111111
4           2           207.7477111111111
4           3           207.7477111111111
4           4           207.7477111111111
4           5           207.7477111111111
4           6           207.7477111111111



em(t) - The limits of carbon emissions in period t.


1           587.2918333333333
2           587.2918333333333
3           587.2918333333333
4           587.2918333333333
5           587.2918333333333
6           587.2918333333333
