Information for the currently-owned machines and the machines that may be purchased: if 1, the machine can be purchased, otherwise currently-owned.


1           1.0
2           0.0
3           0.0
4           0.0



item_machine_arc(j, m) - The relationship arc between item j and machine m, i.e., machine m is capable of producing item j if item_machine_arc(j, m) = 1.


1           1           0.0
1           2           1.0
1           3           1.0
1           4           0.0
2           1           1.0
2           2           1.0
2           3           0.0
2           4           0.0
3           1           0.0
3           2           0.0
3           3           1.0
3           4           1.0
4           1           0.0
4           2           0.0
4           3           0.0
4           4           1.0
5           1           0.0
5           2           1.0
5           3           1.0
5           4           1.0
6           1           1.0
6           2           0.0
6           3           1.0
6           4           1.0
7           1           1.0
7           2           1.0
7           3           1.0
7           4           1.0
8           1           1.0
8           2           1.0
8           3           1.0
8           4           1.0



d(j, t) - Gross demand for item j in period t.


1           1           39
1           2           42
1           3           35
1           4           38
1           5           31
1           6           36
2           1           34
2           2           48
2           3           34
2           4           33
2           5           33
2           6           38
3           1           47
3           2           39
3           3           31
3           4           35
3           5           43
3           6           45
4           1           46
4           2           41
4           3           35
4           4           38
4           5           50
4           6           32
5           1           35
5           2           39
5           3           39
5           4           30
5           5           41
5           6           50
6           1           37
6           2           48
6           3           36
6           4           42
6           5           48
6           6           47
7           1           39
7           2           47
7           3           47
7           4           41
7           5           30
7           6           33
8           1           46
8           2           49
8           3           37
8           4           37
8           5           41
8           6           44



pt(j, m) - Time required to produce one unit of item j on machine m. The production time is period-independent.


1           1           1.235
1           2           0.65
1           3           1.326
1           4           0.795
2           1           0.807
2           2           1.084
2           3           0.983
2           4           0.748
3           1           0.846
3           2           0.841
3           3           1.195
3           4           1.416
4           1           1.446
4           2           0.504
4           3           1.08
4           4           1.272
5           1           0.759
5           2           1.152
5           3           0.671
5           4           0.804
6           1           1.176
6           2           1.237
6           3           0.975
6           4           0.89
7           1           1.346
7           2           0.621
7           3           1.111
7           4           1.353
8           1           0.576
8           2           0.902
8           3           0.973
8           4           1.039



pc(j, m) - Variable costs of producing one unit of item j on machine m. The production cost is period-independent.


1           1           1.504
1           2           1.487
1           3           8.83
1           4           3.252
2           1           1.716
2           2           2.723
2           3           5.43
2           4           3.792
3           1           2.756
3           2           3.103
3           3           11.956
3           4           2.343
4           1           1.215
4           2           2.228
4           3           9.055
4           4           5.374
5           1           1.872
5           2           3.489
5           3           10.795
5           4           4.719
6           1           2.406
6           2           3.419
6           3           4.071
6           4           5.702
7           1           2.258
7           2           1.663
7           3           10.081
7           4           4.582
8           1           2.971
8           2           2.151
8           3           6.104
8           4           2.81



pe(j, m) - Production emission for producing one unit of item j on machine m. The production emission is period-independent.


1           1           0.781
1           2           0.328
1           3           0.184
1           4           0.351
2           1           0.323
2           2           0.392
2           3           0.146
2           4           0.202
3           1           0.902
3           2           0.61
3           3           0.17
3           4           0.125
4           1           0.329
4           2           0.662
4           3           0.078
4           4           0.236
5           1           0.282
5           2           0.659
5           3           0.237
5           4           0.303
6           1           0.435
6           2           0.543
6           3           0.156
6           4           0.306
7           1           0.433
7           2           0.671
7           3           0.079
7           4           0.403
8           1           0.384
8           2           0.314
8           3           0.206
8           4           0.246



hc(j) - Inventory-holding costs for one unit of item j for one period.


1           0.132
2           0.26
3           0.11
4           0.132
5           0.193
6           0.215
7           0.178
8           0.211



st(j, m) - Setup times for producing a lot of item j on machine m. The setup times are period-independent.


1           1           93.738
1           2           45.735
1           3           80.822
1           4           79.709
2           1           86.007
2           2           88.199
2           3           91.263
2           4           48.754
3           1           92.645
3           2           58.747
3           3           64.872
3           4           54.231
4           1           57.829
4           2           36.082
4           3           53.298
4           4           30.079
5           1           45.941
5           2           99.886
5           3           40.363
5           4           81.442
6           1           25.614
6           2           91.303
6           3           89.03
6           4           79.94
7           1           71.085
7           2           78.307
7           3           85.538
7           4           91.603
8           1           97.269
8           2           96.978
8           3           87.225
8           4           43.819



se(j, m) - Setup emission for producing a lot of item j on machine m. The setup emission are period-independent.


1           1           16.42
1           2           8.127
1           3           4.208
1           4           18.458
2           1           26.272
2           2           12.301
2           3           8.632
2           4           14.807
3           1           20.513
3           2           26.97
3           3           7.305
3           4           11.067
4           1           19.749
4           2           8.096
4           3           9.14
4           4           17.781
5           1           37.131
5           2           22.349
5           3           6.101
5           4           7.496
6           1           25.682
6           2           11.043
6           3           6.751
6           4           16.771
7           1           10.001
7           2           25.912
7           3           4.186
7           4           12.841
8           1           29.434
8           2           16.168
8           3           6.008
8           4           19.135



sc(j, m) - Setup costs for producing a lot of item j on machine m. The setup costs are period-independent.


1           1           7487.48
1           2           9983.307
1           3           29949.92
1           4           14974.96
2           1           14681.333
2           2           19575.111
2           3           58725.333
2           4           29362.667
3           1           6776.0
3           2           9034.667
3           3           27104.0
3           4           13552.0
4           1           8198.96
4           2           10931.947
4           3           32795.84
4           4           16397.92
5           1           11591.58
5           2           15455.44
5           3           46366.32
5           4           23183.16
6           1           14237.3
6           2           18983.067
6           3           56949.2
6           4           28474.6
7           1           10827.74
7           2           14436.987
7           3           43310.96
7           4           21655.48
8           1           13755.793
8           2           18341.058
8           3           55023.173
8           4           27511.587



bc(m) - Fixed investment cost for machine m.


1           2608.2436322300796
2           2916.897653593131
3           8628.519022065311
4           7364.565668360208



ca(m, t) - The available capacity of machine m in period t.


1           1           309.9904286111111
1           2           309.9904286111111
1           3           309.9904286111111
1           4           309.9904286111111
1           5           309.9904286111111
1           6           309.9904286111111
2           1           309.9904286111111
2           2           309.9904286111111
2           3           309.9904286111111
2           4           309.9904286111111
2           5           309.9904286111111
2           6           309.9904286111111
3           1           309.9904286111111
3           2           309.9904286111111
3           3           309.9904286111111
3           4           309.9904286111111
3           5           309.9904286111111
3           6           309.9904286111111
4           1           309.9904286111111
4           2           309.9904286111111
4           3           309.9904286111111
4           4           309.9904286111111
4           5           309.9904286111111
4           6           309.9904286111111



em(t) - The limits of carbon emissions in period t.


1           231.14739083333333
2           231.14739083333333
3           231.14739083333333
4           231.14739083333333
5           231.14739083333333
6           231.14739083333333
