Information for the currently-owned machines and the machines that may be purchased: if 1, the machine can be purchased, otherwise currently-owned.


1           0.0
2           1.0
3           0.0
4           0.0



item_machine_arc(j, m) - The relationship arc between item j and machine m, i.e., machine m is capable of producing item j if item_machine_arc(j, m) = 1.


1           1           0.0
1           2           1.0
1           3           0.0
1           4           0.0
2           1           1.0
2           2           0.0
2           3           0.0
2           4           1.0
3           1           1.0
3           2           1.0
3           3           1.0
3           4           0.0
4           1           0.0
4           2           0.0
4           3           1.0
4           4           0.0
5           1           1.0
5           2           1.0
5           3           1.0
5           4           1.0
6           1           0.0
6           2           1.0
6           3           0.0
6           4           1.0
7           1           0.0
7           2           0.0
7           3           0.0
7           4           1.0
8           1           1.0
8           2           1.0
8           3           1.0
8           4           1.0



d(j, t) - Gross demand for item j in period t.


1           1           48
1           2           38
1           3           46
1           4           35
1           5           43
1           6           34
2           1           49
2           2           49
2           3           49
2           4           31
2           5           40
2           6           40
3           1           35
3           2           37
3           3           46
3           4           30
3           5           48
3           6           36
4           1           45
4           2           33
4           3           39
4           4           33
4           5           34
4           6           45
5           1           38
5           2           43
5           3           41
5           4           36
5           5           43
5           6           47
6           1           44
6           2           46
6           3           42
6           4           41
6           5           36
6           6           35
7           1           37
7           2           44
7           3           38
7           4           43
7           5           46
7           6           50
8           1           30
8           2           48
8           3           37
8           4           46
8           5           42
8           6           38



pt(j, m) - Time required to produce one unit of item j on machine m. The production time is period-independent.


1           1           0.656
1           2           0.598
1           3           1.243
1           4           0.535
2           1           1.16
2           2           0.958
2           3           1.297
2           4           0.807
3           1           1.435
3           2           0.992
3           3           0.897
3           4           0.568
4           1           1.448
4           2           0.715
4           3           0.549
4           4           0.751
5           1           0.533
5           2           0.858
5           3           1.309
5           4           0.566
6           1           0.594
6           2           0.83
6           3           0.57
6           4           0.843
7           1           0.735
7           2           0.787
7           3           0.84
7           4           1.241
8           1           0.554
8           2           1.5
8           3           0.978
8           4           0.771



pc(j, m) - Variable costs of producing one unit of item j on machine m. The production cost is period-independent.


1           1           2.505
1           2           3.542
1           3           2.688
1           4           7.796
2           1           1.587
2           2           2.92
2           3           3.493
2           4           9.72
3           1           1.093
3           2           3.726
3           3           2.188
3           4           9.33
4           1           2.7
4           2           1.508
4           3           4.391
4           4           5.927
5           1           1.536
5           2           1.565
5           3           2.228
5           4           10.983
6           1           1.193
6           2           3.635
6           3           3.905
6           4           6.253
7           1           1.209
7           2           1.466
7           3           2.045
7           4           9.826
8           1           1.919
8           2           3.556
8           3           3.179
8           4           8.192



pe(j, m) - Production emission for producing one unit of item j on machine m. The production emission is period-independent.


1           1           0.81
1           2           0.626
1           3           0.249
1           4           0.201
2           1           0.458
2           2           0.285
2           3           0.124
2           4           0.214
3           1           0.433
3           2           0.278
3           3           0.348
3           4           0.164
4           1           0.243
4           2           0.346
4           3           0.153
4           4           0.17
5           1           0.378
5           2           0.69
5           3           0.401
5           4           0.142
6           1           0.288
6           2           0.497
6           3           0.168
6           4           0.235
7           1           0.294
7           2           0.384
7           3           0.474
7           4           0.224
8           1           0.608
8           2           0.341
8           3           0.272
8           4           0.23



hc(j) - Inventory-holding costs for one unit of item j for one period.


1           0.235
2           0.17
3           0.151
4           0.195
5           0.159
6           0.197
7           0.237
8           0.18



st(j, m) - Setup times for producing a lot of item j on machine m. The setup times are period-independent.


1           1           57.245
1           2           77.337
1           3           52.546
1           4           35.964
2           1           58.431
2           2           59.103
2           3           26.178
2           4           28.954
3           1           41.517
3           2           58.685
3           3           63.23
3           4           53.644
4           1           84.641
4           2           60.24
4           3           25.501
4           4           76.525
5           1           77.672
5           2           68.998
5           3           94.456
5           4           46.834
6           1           34.109
6           2           32.072
6           3           74.267
6           4           31.03
7           1           97.01
7           2           58.354
7           3           80.478
7           4           85.587
8           1           40.47
8           2           41.275
8           3           26.912
8           4           89.46



se(j, m) - Setup emission for producing a lot of item j on machine m. The setup emission are period-independent.


1           1           23.445
1           2           16.769
1           3           15.824
1           4           9.96
2           1           15.933
2           2           24.979
2           3           16.632
2           4           8.175
3           1           24.371
3           2           18.422
3           3           15.508
3           4           6.236
4           1           18.191
4           2           28.792
4           3           12.737
4           4           3.341
5           1           16.504
5           2           13.991
5           3           15.459
5           4           6.622
6           1           13.726
6           2           15.192
6           3           11.435
6           4           7.655
7           1           29.665
7           2           8.747
7           3           11.761
7           4           3.807
8           1           27.813
8           2           9.189
8           3           16.937
8           4           2.874



sc(j, m) - Setup costs for producing a lot of item j on machine m. The setup costs are period-independent.


1           1           13379.333
1           2           17839.111
1           3           26758.667
1           4           53517.333
2           1           10234.0
2           2           13645.333
2           3           20468.0
2           4           40936.0
3           1           8174.133
3           2           10898.844
3           3           16348.267
3           4           32696.533
4           1           10419.5
4           2           13892.667
4           3           20839.0
4           4           41678.0
5           1           9200.8
5           2           12267.733
5           3           18401.6
5           4           36803.2
6           1           11215.867
6           2           14954.489
6           3           22431.733
6           4           44863.467
7           1           14267.4
7           2           19023.2
7           3           28534.8
7           4           57069.6
8           1           10122.0
8           2           13496.0
8           3           20244.0
8           4           40488.0



bc(m) - Fixed investment cost for machine m.


1           4653.0835039187805
2           3722.7146461921375
3           4201.050911324016
4           5845.476467410009



ca(m, t) - The available capacity of machine m in period t.


1           1           261.57190888888886
1           2           261.57190888888886
1           3           261.57190888888886
1           4           261.57190888888886
1           5           261.57190888888886
1           6           261.57190888888886
2           1           261.57190888888886
2           2           261.57190888888886
2           3           261.57190888888886
2           4           261.57190888888886
2           5           261.57190888888886
2           6           261.57190888888886
3           1           261.57190888888886
3           2           261.57190888888886
3           3           261.57190888888886
3           4           261.57190888888886
3           5           261.57190888888886
3           6           261.57190888888886
4           1           261.57190888888886
4           2           261.57190888888886
4           3           261.57190888888886
4           4           261.57190888888886
4           5           261.57190888888886
4           6           261.57190888888886



em(t) - The limits of carbon emissions in period t.


1           257.0465333333334
2           257.0465333333334
3           257.0465333333334
4           257.0465333333334
5           257.0465333333334
6           257.0465333333334
