Information for the currently-owned machines and the machines that may be purchased: if 1, the machine can be purchased, otherwise currently-owned.


1           0.0
2           0.0
3           0.0
4           1.0



item_machine_arc(j, m) - The relationship arc between item j and machine m, i.e., machine m is capable of producing item j if item_machine_arc(j, m) = 1.


1           1           1.0
1           2           0.0
1           3           0.0
1           4           0.0
2           1           1.0
2           2           1.0
2           3           1.0
2           4           1.0
3           1           1.0
3           2           1.0
3           3           1.0
3           4           1.0
4           1           0.0
4           2           0.0
4           3           0.0
4           4           1.0
5           1           0.0
5           2           1.0
5           3           0.0
5           4           1.0
6           1           1.0
6           2           1.0
6           3           1.0
6           4           0.0
7           1           0.0
7           2           1.0
7           3           1.0
7           4           0.0
8           1           1.0
8           2           1.0
8           3           1.0
8           4           1.0



d(j, t) - Gross demand for item j in period t.


1           1           50
1           2           37
1           3           47
1           4           50
1           5           43
1           6           40
2           1           41
2           2           48
2           3           38
2           4           40
2           5           31
2           6           35
3           1           50
3           2           48
3           3           44
3           4           30
3           5           48
3           6           30
4           1           45
4           2           50
4           3           46
4           4           39
4           5           40
4           6           37
5           1           35
5           2           38
5           3           49
5           4           33
5           5           43
5           6           30
6           1           38
6           2           37
6           3           50
6           4           31
6           5           32
6           6           36
7           1           39
7           2           43
7           3           47
7           4           31
7           5           39
7           6           47
8           1           48
8           2           47
8           3           33
8           4           41
8           5           42
8           6           37



pt(j, m) - Time required to produce one unit of item j on machine m. The production time is period-independent.


1           1           1.002
1           2           1.257
1           3           0.68
1           4           1.234
2           1           1.397
2           2           1.128
2           3           1.327
2           4           1.5
3           1           0.575
3           2           0.567
3           3           0.939
3           4           0.504
4           1           0.828
4           2           0.684
4           3           0.675
4           4           1.485
5           1           0.521
5           2           1.36
5           3           1.353
5           4           1.129
6           1           1.168
6           2           0.656
6           3           1.492
6           4           1.473
7           1           1.373
7           2           0.7
7           3           0.96
7           4           0.626
8           1           1.271
8           2           1.023
8           3           1.456
8           4           0.728



pc(j, m) - Variable costs of producing one unit of item j on machine m. The production cost is period-independent.


1           1           2.939
1           2           7.354
1           3           5.986
1           4           2.886
2           1           3.589
2           2           5.379
2           3           4.251
2           4           1.651
3           1           3.177
3           2           11.564
3           3           4.974
3           4           2.898
4           1           3.16
4           2           5.534
4           3           5.732
4           4           1.571
5           1           2.144
5           2           5.711
5           3           4.794
5           4           1.326
6           1           3.043
6           2           8.033
6           3           2.685
6           4           1.769
7           1           2.341
7           2           11.679
7           3           2.734
7           4           1.024
8           1           2.187
8           2           8.181
8           3           3.945
8           4           3.0



pe(j, m) - Production emission for producing one unit of item j on machine m. The production emission is period-independent.


1           1           0.505
1           2           0.2
1           3           0.343
1           4           0.729
2           1           0.454
2           2           0.218
2           3           0.436
2           4           0.884
3           1           0.362
3           2           0.109
3           3           0.123
3           4           0.66
4           1           0.468
4           2           0.185
4           3           0.214
4           4           0.404
5           1           0.497
5           2           0.083
5           3           0.317
5           4           0.882
6           1           0.417
6           2           0.112
6           3           0.173
6           4           0.741
7           1           0.63
7           2           0.228
7           3           0.232
7           4           0.484
8           1           0.339
8           2           0.223
8           3           0.479
8           4           0.925



hc(j) - Inventory-holding costs for one unit of item j for one period.


1           0.158
2           0.186
3           0.231
4           0.27
5           0.119
6           0.248
7           0.195
8           0.128



st(j, m) - Setup times for producing a lot of item j on machine m. The setup times are period-independent.


1           1           56.555
1           2           28.484
1           3           88.41
1           4           40.647
2           1           67.833
2           2           29.319
2           3           93.196
2           4           43.914
3           1           73.392
3           2           71.957
3           3           48.605
3           4           45.06
4           1           54.258
4           2           61.684
4           3           70.913
4           4           42.713
5           1           78.171
5           2           81.599
5           3           50.641
5           4           50.306
6           1           56.612
6           2           89.173
6           3           76.328
6           4           67.367
7           1           87.064
7           2           67.161
7           3           74.892
7           4           65.14
8           1           40.478
8           2           91.976
8           3           81.428
8           4           56.121



se(j, m) - Setup emission for producing a lot of item j on machine m. The setup emission are period-independent.


1           1           141.458
1           2           42.814
1           3           72.613
1           4           119.574
2           1           53.556
2           2           47.831
2           3           31.103
2           4           73.778
3           1           108.561
3           2           38.964
3           3           99.099
3           4           133.292
4           1           50.154
4           2           44.621
4           3           84.99
4           4           150.111
5           1           80.415
5           2           29.674
5           3           85.957
5           4           91.103
6           1           116.134
6           2           27.034
6           3           83.414
6           4           80.021
7           1           71.091
7           2           32.997
7           3           38.697
7           4           88.423
8           1           118.229
8           2           36.702
8           3           74.437
8           4           55.092



sc(j, m) - Setup costs for producing a lot of item j on machine m. The setup costs are period-independent.


1           1           13124.533
1           2           39373.6
1           3           19686.8
1           4           9843.4
2           1           13482.933
2           2           40448.8
2           3           20224.4
2           4           10112.2
3           1           17966.667
3           2           53900.0
3           3           26950.0
3           4           13475.0
4           1           21588.0
4           2           64764.0
4           3           32382.0
4           4           16191.0
5           1           8441.067
5           2           25323.2
5           3           12661.6
5           4           6330.8
6           1           17282.844
6           2           51848.533
6           3           25924.267
6           4           12962.133
7           1           14924.0
7           2           44772.0
7           3           22386.0
7           4           11193.0
8           1           9875.911
8           2           29627.733
8           3           14813.867
8           4           7406.933



bc(m) - Fixed investment cost for machine m.


1           1261.5648597970817
2           18105.50645507257
3           8150.955602814307
4           3266.6804357950814



ca(m, t) - The available capacity of machine m in period t.


1           1           310.050374537037
1           2           310.050374537037
1           3           310.050374537037
1           4           310.050374537037
1           5           310.050374537037
1           6           310.050374537037
2           1           310.050374537037
2           2           310.050374537037
2           3           310.050374537037
2           4           310.050374537037
2           5           310.050374537037
2           6           310.050374537037
3           1           310.050374537037
3           2           310.050374537037
3           3           310.050374537037
3           4           310.050374537037
3           5           310.050374537037
3           6           310.050374537037
4           1           310.050374537037
4           2           310.050374537037
4           3           310.050374537037
4           4           310.050374537037
4           5           310.050374537037
4           6           310.050374537037



em(t) - The limits of carbon emissions in period t.


1           723.0167816666667
2           723.0167816666667
3           723.0167816666667
4           723.0167816666667
5           723.0167816666667
6           723.0167816666667
