Information for the currently-owned machines and the machines that may be purchased: if 1, the machine can be purchased, otherwise currently-owned.


1           1.0
2           0.0
3           0.0
4           0.0



item_machine_arc(j, m) - The relationship arc between item j and machine m, i.e., machine m is capable of producing item j if item_machine_arc(j, m) = 1.


1           1           0.0
1           2           1.0
1           3           0.0
1           4           0.0
2           1           0.0
2           2           1.0
2           3           1.0
2           4           0.0
3           1           0.0
3           2           1.0
3           3           1.0
3           4           1.0
4           1           1.0
4           2           1.0
4           3           1.0
4           4           1.0
5           1           0.0
5           2           1.0
5           3           1.0
5           4           1.0
6           1           0.0
6           2           0.0
6           3           1.0
6           4           0.0
7           1           0.0
7           2           1.0
7           3           0.0
7           4           0.0
8           1           0.0
8           2           0.0
8           3           0.0
8           4           1.0



d(j, t) - Gross demand for item j in period t.


1           1           46
1           2           35
1           3           45
1           4           36
1           5           40
1           6           36
2           1           48
2           2           47
2           3           48
2           4           40
2           5           50
2           6           36
3           1           49
3           2           37
3           3           39
3           4           44
3           5           33
3           6           34
4           1           31
4           2           47
4           3           47
4           4           45
4           5           44
4           6           49
5           1           30
5           2           36
5           3           30
5           4           30
5           5           40
5           6           32
6           1           48
6           2           42
6           3           46
6           4           30
6           5           38
6           6           30
7           1           38
7           2           50
7           3           43
7           4           39
7           5           37
7           6           49
8           1           36
8           2           37
8           3           37
8           4           49
8           5           46
8           6           30



pt(j, m) - Time required to produce one unit of item j on machine m. The production time is period-independent.


1           1           0.643
1           2           1.129
1           3           0.696
1           4           1.211
2           1           0.69
2           2           1.201
2           3           0.671
2           4           0.637
3           1           0.774
3           2           0.544
3           3           0.794
3           4           1.464
4           1           0.528
4           2           1.44
4           3           1.029
4           4           1.357
5           1           0.905
5           2           0.549
5           3           0.519
5           4           1.282
6           1           1.351
6           2           0.722
6           3           1.413
6           4           1.413
7           1           1.158
7           2           0.958
7           3           1.125
7           4           1.255
8           1           1.331
8           2           0.781
8           3           1.228
8           4           1.12



pc(j, m) - Variable costs of producing one unit of item j on machine m. The production cost is period-independent.


1           1           4.44
1           2           2.251
1           3           5.459
1           4           3.326
2           1           2.133
2           2           1.469
2           3           6.78
2           4           2.536
3           1           3.89
3           2           1.575
3           3           4.683
3           4           2.813
4           1           4.303
4           2           2.839
4           3           5.768
4           4           3.826
5           1           2.514
5           2           2.586
5           3           7.62
5           4           1.387
6           1           3.874
6           2           1.974
6           3           9.305
6           4           2.99
7           1           2.189
7           2           2.511
7           3           4.691
7           4           3.257
8           1           3.929
8           2           2.76
8           3           8.791
8           4           3.522



pe(j, m) - Production emission for producing one unit of item j on machine m. The production emission is period-independent.


1           1           0.394
1           2           0.476
1           3           0.227
1           4           0.664
2           1           0.491
2           2           0.592
2           3           0.112
2           4           0.292
3           1           0.351
3           2           0.792
3           3           0.143
3           4           0.394
4           1           0.333
4           2           0.765
4           3           0.127
4           4           0.481
5           1           0.203
5           2           0.297
5           3           0.232
5           4           0.61
6           1           0.212
6           2           0.314
6           3           0.123
6           4           0.663
7           1           0.336
7           2           0.379
7           3           0.132
7           4           0.443
8           1           0.386
8           2           0.725
8           3           0.053
8           4           0.409



hc(j) - Inventory-holding costs for one unit of item j for one period.


1           0.144
2           0.221
3           0.244
4           0.201
5           0.155
6           0.105
7           0.129
8           0.256



st(j, m) - Setup times for producing a lot of item j on machine m. The setup times are period-independent.


1           1           13.306
1           2           13.994
1           3           7.547
1           4           13.554
2           1           13.98
2           2           9.113
2           3           18.625
2           4           13.805
3           1           6.58
3           2           15.375
3           3           7.29
3           4           14.998
4           1           15.499
4           2           6.091
4           3           11.267
4           4           12.577
5           1           17.691
5           2           10.545
5           3           17.793
5           4           15.267
6           1           6.95
6           2           9.344
6           3           7.56
6           4           13.951
7           1           19.005
7           2           14.305
7           3           8.082
7           4           7.369
8           1           19.815
8           2           16.063
8           3           14.364
8           4           11.888



se(j, m) - Setup emission for producing a lot of item j on machine m. The setup emission are period-independent.


1           1           9.585
1           2           31.549
1           3           4.839
1           4           28.772
2           1           8.469
2           2           30.602
2           3           8.726
2           4           18.715
3           1           7.211
3           2           10.329
3           3           3.394
3           4           10.903
4           1           10.074
4           2           28.618
4           3           5.033
4           4           29.071
5           1           10.715
5           2           32.462
5           3           6.518
5           4           16.823
6           1           16.885
6           2           13.037
6           3           4.796
6           4           15.808
7           1           9.009
7           2           13.12
7           3           7.477
7           4           15.489
8           1           18.24
8           2           34.59
8           3           2.949
8           4           8.761



sc(j, m) - Setup costs for producing a lot of item j on machine m. The setup costs are period-independent.


1           1           17592.96
1           2           8796.48
1           3           35185.92
1           4           11728.64
2           1           30517.153
2           2           15258.577
2           3           61034.307
2           4           20344.769
3           1           29559.787
3           2           14779.893
3           3           59119.573
3           4           19706.524
4           1           27136.34
4           2           13568.17
4           3           54272.68
4           4           18090.893
5           1           15754.2
5           2           7877.1
5           3           31508.4
5           4           10502.8
6           1           12612.6
6           2           6306.3
6           3           25225.2
6           4           8408.4
7           1           16952.32
7           2           8476.16
7           3           33904.64
7           4           11301.547
8           1           30882.133
8           2           15441.067
8           3           61764.267
8           4           20588.089



bc(m) - Fixed investment cost for machine m.


1           1337.841379795982
2           2771.840170942743
3           7993.710112073817
4           5163.223859923383



ca(m, t) - The available capacity of machine m in period t.


1           1           180.56632222222223
1           2           180.56632222222223
1           3           180.56632222222223
1           4           180.56632222222223
1           5           180.56632222222223
1           6           180.56632222222223
2           1           180.56632222222223
2           2           180.56632222222223
2           3           180.56632222222223
2           4           180.56632222222223
2           5           180.56632222222223
2           6           180.56632222222223
3           1           180.56632222222223
3           2           180.56632222222223
3           3           180.56632222222223
3           4           180.56632222222223
3           5           180.56632222222223
3           6           180.56632222222223
4           1           180.56632222222223
4           2           180.56632222222223
4           3           180.56632222222223
4           4           180.56632222222223
4           5           180.56632222222223
4           6           180.56632222222223



em(t) - The limits of carbon emissions in period t.


1           279.89102166666663
2           279.89102166666663
3           279.89102166666663
4           279.89102166666663
5           279.89102166666663
6           279.89102166666663
