Information for the currently-owned machines and the machines that may be purchased: if 1, the machine can be purchased, otherwise currently-owned.


1           0.0
2           0.0
3           0.0
4           1.0



item_machine_arc(j, m) - The relationship arc between item j and machine m, i.e., machine m is capable of producing item j if item_machine_arc(j, m) = 1.


1           1           1.0
1           2           0.0
1           3           0.0
1           4           1.0
2           1           1.0
2           2           1.0
2           3           1.0
2           4           1.0
3           1           0.0
3           2           1.0
3           3           0.0
3           4           1.0
4           1           1.0
4           2           1.0
4           3           0.0
4           4           0.0
5           1           1.0
5           2           0.0
5           3           1.0
5           4           1.0
6           1           1.0
6           2           0.0
6           3           1.0
6           4           1.0
7           1           1.0
7           2           1.0
7           3           1.0
7           4           0.0
8           1           0.0
8           2           0.0
8           3           0.0
8           4           1.0



d(j, t) - Gross demand for item j in period t.


1           1           36
1           2           46
1           3           37
1           4           49
1           5           32
1           6           48
2           1           48
2           2           30
2           3           47
2           4           41
2           5           33
2           6           46
3           1           30
3           2           32
3           3           31
3           4           36
3           5           50
3           6           50
4           1           44
4           2           49
4           3           45
4           4           50
4           5           30
4           6           37
5           1           33
5           2           34
5           3           42
5           4           36
5           5           42
5           6           50
6           1           38
6           2           40
6           3           38
6           4           33
6           5           33
6           6           45
7           1           35
7           2           33
7           3           31
7           4           40
7           5           39
7           6           33
8           1           33
8           2           49
8           3           34
8           4           41
8           5           50
8           6           34



pt(j, m) - Time required to produce one unit of item j on machine m. The production time is period-independent.


1           1           1.104
1           2           0.815
1           3           1.18
1           4           0.724
2           1           0.512
2           2           1.274
2           3           1.435
2           4           1.287
3           1           1.364
3           2           0.641
3           3           0.674
3           4           0.761
4           1           1.102
4           2           1.01
4           3           1.245
4           4           0.94
5           1           0.765
5           2           0.543
5           3           1.35
5           4           1.41
6           1           0.988
6           2           0.739
6           3           0.642
6           4           0.775
7           1           1.05
7           2           1.292
7           3           1.179
7           4           0.545
8           1           1.405
8           2           1.026
8           3           0.571
8           4           1.22



pc(j, m) - Variable costs of producing one unit of item j on machine m. The production cost is period-independent.


1           1           10.997
1           2           2.633
1           3           4.734
1           4           2.683
2           1           11.471
2           2           1.075
2           3           3.061
2           4           3.17
3           1           5.362
3           2           1.588
3           3           5.619
3           4           1.478
4           1           7.209
4           2           2.911
4           3           3.152
4           4           1.463
5           1           7.445
5           2           1.797
5           3           4.816
5           4           2.056
6           1           5.656
6           2           1.572
6           3           2.355
6           4           1.449
7           1           7.992
7           2           2.185
7           3           2.876
7           4           2.378
8           1           7.996
8           2           2.277
8           3           4.256
8           4           3.621



pe(j, m) - Production emission for producing one unit of item j on machine m. The production emission is period-independent.


1           1           0.165
1           2           0.569
1           3           0.232
1           4           0.335
2           1           0.186
2           2           0.628
2           3           0.37
2           4           0.445
3           1           0.172
3           2           0.741
3           3           0.167
3           4           0.69
4           1           0.195
4           2           0.966
4           3           0.475
4           4           0.236
5           1           0.129
5           2           0.624
5           3           0.188
5           4           0.469
6           1           0.18
6           2           0.97
6           3           0.388
6           4           0.26
7           1           0.083
7           2           0.791
7           3           0.475
7           4           0.572
8           1           0.237
8           2           0.678
8           3           0.185
8           4           0.327



hc(j) - Inventory-holding costs for one unit of item j for one period.


1           0.195
2           0.174
3           0.116
4           0.115
5           0.148
6           0.229
7           0.11
8           0.212



st(j, m) - Setup times for producing a lot of item j on machine m. The setup times are period-independent.


1           1           39.928
1           2           69.396
1           3           82.24
1           4           69.133
2           1           83.985
2           2           69.573
2           3           76.921
2           4           61.427
3           1           62.306
3           2           37.335
3           3           63.345
3           4           98.758
4           1           25.185
4           2           44.219
4           3           71.102
4           4           67.179
5           1           66.902
5           2           68.781
5           3           71.845
5           4           75.043
6           1           47.785
6           2           45.756
6           3           61.314
6           4           57.468
7           1           81.422
7           2           25.83
7           3           71.663
7           4           49.952
8           1           62.951
8           2           67.346
8           3           45.636
8           4           88.067



se(j, m) - Setup emission for producing a lot of item j on machine m. The setup emission are period-independent.


1           1           33.014
1           2           143.474
1           3           31.347
1           4           99.184
2           1           42.426
2           2           65.628
2           3           49.083
2           4           119.886
3           1           44.306
3           2           123.486
3           3           72.503
3           4           80.322
4           1           21.635
4           2           136.197
4           3           64.436
4           4           42.754
5           1           17.417
5           2           88.11
5           3           52.962
5           4           55.325
6           1           34.523
6           2           179.791
6           3           95.273
6           4           125.245
7           1           42.127
7           2           122.206
7           3           49.454
7           4           120.611
8           1           39.757
8           2           117.653
8           3           39.574
8           4           89.297



sc(j, m) - Setup costs for producing a lot of item j on machine m. The setup costs are period-independent.


1           1           49649.6
1           2           12412.4
1           3           24824.8
1           4           16549.867
2           1           43766.8
2           2           10941.7
2           3           21883.4
2           4           14588.933
3           1           27272.373
3           2           6818.093
3           3           13636.187
3           4           9090.791
4           1           30107.0
4           2           7526.75
4           3           15053.5
4           4           10035.667
5           1           36011.36
5           2           9002.84
5           3           18005.68
5           4           12003.787
6           1           53369.213
6           2           13342.303
6           3           26684.607
6           4           17789.738
7           1           23828.933
7           2           5957.233
7           3           11914.467
7           4           7942.978
8           1           52454.453
8           2           13113.613
8           3           26227.227
8           4           17484.818



bc(m) - Fixed investment cost for machine m.


1           1212.5188691070775
2           2879.302442427754
3           9077.042022603971
4           1687.0129445987513



ca(m, t) - The available capacity of machine m in period t.


1           1           268.25186111111117
1           2           268.25186111111117
1           3           268.25186111111117
1           4           268.25186111111117
1           5           268.25186111111117
1           6           268.25186111111117
2           1           268.25186111111117
2           2           268.25186111111117
2           3           268.25186111111117
2           4           268.25186111111117
2           5           268.25186111111117
2           6           268.25186111111117
3           1           268.25186111111117
3           2           268.25186111111117
3           3           268.25186111111117
3           4           268.25186111111117
3           5           268.25186111111117
3           6           268.25186111111117
4           1           268.25186111111117
4           2           268.25186111111117
4           3           268.25186111111117
4           4           268.25186111111117
4           5           268.25186111111117
4           6           268.25186111111117



em(t) - The limits of carbon emissions in period t.


1           662.9785127777778
2           662.9785127777778
3           662.9785127777778
4           662.9785127777778
5           662.9785127777778
6           662.9785127777778
