Information for the currently-owned machines and the machines that may be purchased: if 1, the machine can be purchased, otherwise currently-owned.


1           1.0
2           0.0
3           0.0
4           0.0



item_machine_arc(j, m) - The relationship arc between item j and machine m, i.e., machine m is capable of producing item j if item_machine_arc(j, m) = 1.


1           1           1.0
1           2           1.0
1           3           0.0
1           4           1.0
2           1           0.0
2           2           0.0
2           3           1.0
2           4           0.0
3           1           0.0
3           2           0.0
3           3           0.0
3           4           1.0
4           1           0.0
4           2           0.0
4           3           1.0
4           4           0.0
5           1           1.0
5           2           0.0
5           3           1.0
5           4           1.0
6           1           1.0
6           2           1.0
6           3           1.0
6           4           1.0
7           1           0.0
7           2           0.0
7           3           1.0
7           4           0.0
8           1           1.0
8           2           1.0
8           3           1.0
8           4           1.0



d(j, t) - Gross demand for item j in period t.


1           1           40
1           2           35
1           3           41
1           4           49
1           5           41
1           6           37
2           1           46
2           2           40
2           3           48
2           4           43
2           5           36
2           6           38
3           1           44
3           2           35
3           3           34
3           4           34
3           5           50
3           6           43
4           1           34
4           2           35
4           3           32
4           4           41
4           5           49
4           6           41
5           1           39
5           2           38
5           3           44
5           4           44
5           5           38
5           6           40
6           1           42
6           2           50
6           3           49
6           4           44
6           5           34
6           6           43
7           1           44
7           2           43
7           3           36
7           4           48
7           5           33
7           6           31
8           1           36
8           2           41
8           3           44
8           4           40
8           5           39
8           6           40



pt(j, m) - Time required to produce one unit of item j on machine m. The production time is period-independent.


1           1           0.722
1           2           1.265
1           3           1.477
1           4           0.72
2           1           0.564
2           2           0.862
2           3           1.28
2           4           0.587
3           1           1.126
3           2           0.838
3           3           1.042
3           4           0.754
4           1           0.636
4           2           0.819
4           3           1.327
4           4           0.766
5           1           1.367
5           2           1.088
5           3           1.015
5           4           0.856
6           1           1.24
6           2           0.553
6           3           0.985
6           4           0.509
7           1           0.975
7           2           0.73
7           3           1.005
7           4           0.683
8           1           0.904
8           2           1.194
8           3           0.619
8           4           0.615



pc(j, m) - Variable costs of producing one unit of item j on machine m. The production cost is period-independent.


1           1           2.715
1           2           3.438
1           3           2.987
1           4           5.407
2           1           1.808
2           2           1.887
2           3           3.484
2           4           5.432
3           1           2.261
3           2           2.756
3           3           2.176
3           4           5.968
4           1           2.104
4           2           3.61
4           3           3.803
4           4           8.533
5           1           1.656
5           2           3.501
5           3           5.471
5           4           10.095
6           1           1.125
6           2           1.443
6           3           4.153
6           4           5.059
7           1           1.074
7           2           2.166
7           3           5.384
7           4           4.411
8           1           1.227
8           2           1.635
8           3           2.032
8           4           5.169



pe(j, m) - Production emission for producing one unit of item j on machine m. The production emission is period-independent.


1           1           4.061
1           2           1.04
1           3           1.833
1           4           1.191
2           1           4.394
2           2           3.146
2           3           1.123
2           4           0.783
3           1           4.234
3           2           3.058
3           3           1.023
3           4           1.062
4           1           4.742
4           2           2.004
4           3           2.494
4           4           0.336
5           1           3.381
5           2           3.306
5           3           1.49
5           4           1.158
6           1           4.966
6           2           3.246
6           3           2.173
6           4           0.344
7           1           1.243
7           2           1.888
7           3           1.628
7           4           0.661
8           1           4.494
8           2           1.462
8           3           1.377
8           4           1.21



hc(j) - Inventory-holding costs for one unit of item j for one period.


1           0.177
2           0.273
3           0.244
4           0.182
5           0.105
6           0.137
7           0.12
8           0.253



st(j, m) - Setup times for producing a lot of item j on machine m. The setup times are period-independent.


1           1           18.468
1           2           6.614
1           3           11.666
1           4           9.002
2           1           15.477
2           2           17.22
2           3           7.297
2           4           7.525
3           1           5.729
3           2           12.73
3           3           11.905
3           4           13.452
4           1           9.606
4           2           8.876
4           3           10.434
4           4           13.198
5           1           5.507
5           2           8.418
5           3           8.355
5           4           9.96
6           1           8.153
6           2           6.478
6           3           16.619
6           4           7.373
7           1           12.185
7           2           19.762
7           3           15.412
7           4           19.345
8           1           19.511
8           2           16.31
8           3           11.227
8           4           7.817



se(j, m) - Setup emission for producing a lot of item j on machine m. The setup emission are period-independent.


1           1           30.712
1           2           18.952
1           3           10.174
1           4           5.297
2           1           20.442
2           2           9.452
2           3           13.968
2           4           3.505
3           1           33.678
3           2           11.081
3           3           11.587
3           4           9.47
4           1           20.004
4           2           23.926
4           3           13.217
4           4           3.601
5           1           34.725
5           2           19.832
5           3           17.237
5           4           7.078
6           1           25.787
6           2           8.48
6           3           17.105
6           4           8.144
7           1           16.055
7           2           13.042
7           3           12.279
7           4           5.858
8           1           15.089
8           2           28.621
8           3           17.265
8           4           8.795



sc(j, m) - Setup costs for producing a lot of item j on machine m. The setup costs are period-independent.


1           1           11039.49
1           2           14719.32
1           3           22078.98
1           4           44157.96
2           1           17587.57
2           2           23450.093
2           3           35175.14
2           4           70350.28
3           1           15030.4
3           2           20040.533
3           3           30060.8
3           4           60121.6
4           1           10837.493
4           2           14449.991
4           3           21674.987
4           4           43349.973
5           1           6548.85
5           2           8731.8
5           3           13097.7
5           4           26195.4
6           1           9212.793
6           2           12283.724
6           3           18425.587
6           4           36851.173
7           1           7238.0
7           2           9650.667
7           3           14476.0
7           4           28952.0
8           1           15584.8
8           2           20779.733
8           3           31169.6
8           4           62339.2



bc(m) - Fixed investment cost for machine m.


1           634.1830580959057
2           2179.404972379064
3           2881.779434894387
4           14114.38158683783



ca(m, t) - The available capacity of machine m in period t.


1           1           189.15045722222223
1           2           189.15045722222223
1           3           189.15045722222223
1           4           189.15045722222223
1           5           189.15045722222223
1           6           189.15045722222223
2           1           189.15045722222223
2           2           189.15045722222223
2           3           189.15045722222223
2           4           189.15045722222223
2           5           189.15045722222223
2           6           189.15045722222223
3           1           189.15045722222223
3           2           189.15045722222223
3           3           189.15045722222223
3           4           189.15045722222223
3           5           189.15045722222223
3           6           189.15045722222223
4           1           189.15045722222223
4           2           189.15045722222223
4           3           189.15045722222223
4           4           189.15045722222223
4           5           189.15045722222223
4           6           189.15045722222223



em(t) - The limits of carbon emissions in period t.


1           949.4424333333332
2           949.4424333333332
3           949.4424333333332
4           949.4424333333332
5           949.4424333333332
6           949.4424333333332
