Information for the currently-owned machines and the machines that may be purchased: if 1, the machine can be purchased, otherwise currently-owned.


1           0.0
2           0.0
3           0.0
4           1.0



item_machine_arc(j, m) - The relationship arc between item j and machine m, i.e., machine m is capable of producing item j if item_machine_arc(j, m) = 1.


1           1           1.0
1           2           1.0
1           3           1.0
1           4           0.0
2           1           0.0
2           2           1.0
2           3           1.0
2           4           1.0
3           1           0.0
3           2           1.0
3           3           0.0
3           4           0.0
4           1           1.0
4           2           1.0
4           3           0.0
4           4           0.0
5           1           0.0
5           2           1.0
5           3           0.0
5           4           0.0
6           1           1.0
6           2           0.0
6           3           0.0
6           4           0.0
7           1           1.0
7           2           1.0
7           3           1.0
7           4           1.0
8           1           1.0
8           2           0.0
8           3           1.0
8           4           1.0



d(j, t) - Gross demand for item j in period t.


1           1           46
1           2           42
1           3           50
1           4           40
1           5           37
1           6           44
2           1           31
2           2           36
2           3           48
2           4           31
2           5           35
2           6           44
3           1           45
3           2           48
3           3           47
3           4           47
3           5           43
3           6           50
4           1           32
4           2           47
4           3           33
4           4           31
4           5           32
4           6           48
5           1           40
5           2           36
5           3           38
5           4           37
5           5           47
5           6           37
6           1           44
6           2           32
6           3           32
6           4           41
6           5           44
6           6           47
7           1           47
7           2           30
7           3           32
7           4           48
7           5           38
7           6           32
8           1           35
8           2           41
8           3           38
8           4           37
8           5           39
8           6           42



pt(j, m) - Time required to produce one unit of item j on machine m. The production time is period-independent.


1           1           0.784
1           2           1.103
1           3           0.748
1           4           1.03
2           1           1.057
2           2           1.12
2           3           1.217
2           4           1.076
3           1           0.706
3           2           1.137
3           3           1.127
3           4           0.907
4           1           0.668
4           2           0.682
4           3           0.904
4           4           0.605
5           1           1.062
5           2           1.371
5           3           0.561
5           4           1.489
6           1           1.187
6           2           1.085
6           3           1.441
6           4           0.764
7           1           0.78
7           2           1.33
7           3           0.608
7           4           1.351
8           1           0.953
8           2           1.457
8           3           0.773
8           4           0.59



pc(j, m) - Variable costs of producing one unit of item j on machine m. The production cost is period-independent.


1           1           1.474
1           2           10.228
1           3           3.909
1           4           3.348
2           1           1.645
2           2           11.686
2           3           2.902
2           4           2.497
3           1           1.264
3           2           7.545
3           3           4.833
3           4           3.639
4           1           1.361
4           2           10.071
4           3           2.251
4           4           2.429
5           1           1.047
5           2           10.273
5           3           3.304
5           4           3.035
6           1           1.955
6           2           7.234
6           3           5.71
6           4           3.967
7           1           1.007
7           2           4.62
7           3           3.773
7           4           3.082
8           1           2.209
8           2           5.729
8           3           3.971
8           4           3.005



pe(j, m) - Production emission for producing one unit of item j on machine m. The production emission is period-independent.


1           1           0.621
1           2           0.216
1           3           0.234
1           4           0.203
2           1           0.323
2           2           0.215
2           3           0.283
2           4           0.375
3           1           0.764
3           2           0.128
3           3           0.465
3           4           0.424
4           1           0.955
4           2           0.193
4           3           0.108
4           4           0.358
5           1           0.601
5           2           0.222
5           3           0.29
5           4           0.567
6           1           0.438
6           2           0.148
6           3           0.373
6           4           0.534
7           1           0.416
7           2           0.053
7           3           0.405
7           4           0.29
8           1           0.801
8           2           0.222
8           3           0.269
8           4           0.704



hc(j) - Inventory-holding costs for one unit of item j for one period.


1           0.265
2           0.244
3           0.212
4           0.229
5           0.295
6           0.155
7           0.113
8           0.15



st(j, m) - Setup times for producing a lot of item j on machine m. The setup times are period-independent.


1           1           11.76
1           2           10.154
1           3           17.415
1           4           7.055
2           1           8.188
2           2           16.772
2           3           9.202
2           4           11.41
3           1           19.404
3           2           11.917
3           3           13.577
3           4           6.89
4           1           5.745
4           2           15.484
4           3           10.141
4           4           7.905
5           1           13.448
5           2           11.914
5           3           12.479
5           4           16.111
6           1           10.073
6           2           17.332
6           3           9.776
6           4           14.395
7           1           16.282
7           2           5.045
7           3           16.054
7           4           8.505
8           1           11.176
8           2           19.35
8           3           6.387
8           4           10.127



se(j, m) - Setup emission for producing a lot of item j on machine m. The setup emission are period-independent.


1           1           28.447
1           2           9.644
1           3           10.134
1           4           21.086
2           1           15.855
2           2           4.801
2           3           16.106
2           4           16.039
3           1           17.004
3           2           3.723
3           3           8.074
3           4           23.499
4           1           33.554
4           2           3.525
4           3           11.163
4           4           14.845
5           1           35.931
5           2           3.934
5           3           6.612
5           4           22.197
6           1           14.659
6           2           4.16
6           3           14.379
6           4           15.281
7           1           17.486
7           2           5.66
7           3           15.101
7           4           12.402
8           1           25.809
8           2           4.416
8           3           6.979
8           4           12.896



sc(j, m) - Setup costs for producing a lot of item j on machine m. The setup costs are period-independent.


1           1           17616.317
1           2           70465.267
1           3           35232.633
1           4           23488.422
2           1           14091.0
2           2           56364.0
2           3           28182.0
2           4           18788.0
3           1           15235.733
3           2           60942.933
3           3           30471.467
3           4           20314.311
4           1           13107.197
4           2           52428.787
4           3           26214.393
4           4           17476.262
5           1           17793.417
5           2           71173.667
5           3           35586.833
5           4           23724.556
6           1           9548.0
6           2           38192.0
6           3           19096.0
6           4           12730.667
7           1           6583.757
7           2           26335.027
7           3           13167.513
7           4           8778.342
8           1           8932.0
8           2           35728.0
8           3           17864.0
8           4           11909.333



bc(m) - Fixed investment cost for machine m.


1           4551.501651731244
2           11621.45550518504
3           4823.780047871993
4           4311.033487669843



ca(m, t) - The available capacity of machine m in period t.


1           1           174.36269537037035
1           2           174.36269537037035
1           3           174.36269537037035
1           4           174.36269537037035
1           5           174.36269537037035
1           6           174.36269537037035
2           1           174.36269537037035
2           2           174.36269537037035
2           3           174.36269537037035
2           4           174.36269537037035
2           5           174.36269537037035
2           6           174.36269537037035
3           1           174.36269537037035
3           2           174.36269537037035
3           3           174.36269537037035
3           4           174.36269537037035
3           5           174.36269537037035
3           6           174.36269537037035
4           1           174.36269537037035
4           2           174.36269537037035
4           3           174.36269537037035
4           4           174.36269537037035
4           5           174.36269537037035
4           6           174.36269537037035



em(t) - The limits of carbon emissions in period t.


1           227.20240277777782
2           227.20240277777782
3           227.20240277777782
4           227.20240277777782
5           227.20240277777782
6           227.20240277777782
