Information for the currently-owned machines and the machines that may be purchased: if 1, the machine can be purchased, otherwise currently-owned.


1           1.0
2           0.0
3           0.0
4           0.0



item_machine_arc(j, m) - The relationship arc between item j and machine m, i.e., machine m is capable of producing item j if item_machine_arc(j, m) = 1.


1           1           1.0
1           2           0.0
1           3           0.0
1           4           1.0
2           1           1.0
2           2           0.0
2           3           0.0
2           4           1.0
3           1           0.0
3           2           1.0
3           3           0.0
3           4           1.0
4           1           1.0
4           2           0.0
4           3           1.0
4           4           1.0
5           1           1.0
5           2           0.0
5           3           0.0
5           4           0.0
6           1           0.0
6           2           0.0
6           3           1.0
6           4           1.0
7           1           0.0
7           2           1.0
7           3           0.0
7           4           0.0
8           1           1.0
8           2           1.0
8           3           1.0
8           4           1.0



d(j, t) - Gross demand for item j in period t.


1           1           39
1           2           30
1           3           37
1           4           43
1           5           32
1           6           48
2           1           46
2           2           38
2           3           43
2           4           44
2           5           47
2           6           38
3           1           45
3           2           40
3           3           32
3           4           38
3           5           40
3           6           36
4           1           47
4           2           46
4           3           40
4           4           39
4           5           43
4           6           49
5           1           50
5           2           32
5           3           41
5           4           37
5           5           38
5           6           43
6           1           31
6           2           47
6           3           38
6           4           45
6           5           35
6           6           49
7           1           32
7           2           50
7           3           40
7           4           41
7           5           38
7           6           45
8           1           37
8           2           37
8           3           42
8           4           48
8           5           37
8           6           36



pt(j, m) - Time required to produce one unit of item j on machine m. The production time is period-independent.


1           1           1.405
1           2           0.667
1           3           1.455
1           4           0.864
2           1           1.161
2           2           0.979
2           3           1.243
2           4           1.061
3           1           1.449
3           2           0.755
3           3           1.346
3           4           0.521
4           1           1.403
4           2           1.32
4           3           0.812
4           4           0.898
5           1           0.983
5           2           0.773
5           3           1.424
5           4           1.301
6           1           0.95
6           2           1.451
6           3           0.637
6           4           1.076
7           1           1.441
7           2           1.468
7           3           0.905
7           4           0.956
8           1           1.198
8           2           0.597
8           3           1.22
8           4           1.244



pc(j, m) - Variable costs of producing one unit of item j on machine m. The production cost is period-independent.


1           1           2.725
1           2           1.879
1           3           9.425
1           4           4.342
2           1           2.845
2           2           2.816
2           3           8.454
2           4           5.685
3           1           2.432
3           2           3.932
3           3           4.6
3           4           2.114
4           1           2.258
4           2           1.628
4           3           9.434
4           4           3.737
5           1           2.751
5           2           3.285
5           3           10.506
5           4           4.663
6           1           1.174
6           2           1.833
6           3           7.149
6           4           4.714
7           1           1.123
7           2           1.885
7           3           4.084
7           4           5.426
8           1           2.365
8           2           3.83
8           3           10.38
8           4           4.005



pe(j, m) - Production emission for producing one unit of item j on machine m. The production emission is period-independent.


1           1           0.85
1           2           0.703
1           3           0.142
1           4           0.449
2           1           0.484
2           2           0.394
2           3           0.177
2           4           0.377
3           1           0.43
3           2           0.434
3           3           0.13
3           4           0.437
4           1           0.927
4           2           0.576
4           3           0.088
4           4           0.114
5           1           0.973
5           2           0.705
5           3           0.179
5           4           0.486
6           1           0.359
6           2           0.397
6           3           0.208
6           4           0.19
7           1           0.776
7           2           0.407
7           3           0.165
7           4           0.162
8           1           0.389
8           2           0.396
8           3           0.231
8           4           0.423



hc(j) - Inventory-holding costs for one unit of item j for one period.


1           0.201
2           0.117
3           0.178
4           0.169
5           0.289
6           0.185
7           0.162
8           0.286



st(j, m) - Setup times for producing a lot of item j on machine m. The setup times are period-independent.


1           1           12.36
1           2           10.467
1           3           15.842
1           4           16.775
2           1           19.967
2           2           9.923
2           3           8.446
2           4           15.092
3           1           19.088
3           2           12.944
3           3           10.217
3           4           10.784
4           1           8.298
4           2           15.259
4           3           14.776
4           4           5.98
5           1           7.369
5           2           6.701
5           3           8.148
5           4           19.356
6           1           11.543
6           2           13.187
6           3           13.483
6           4           10.636
7           1           11.701
7           2           8.894
7           3           7.519
7           4           5.695
8           1           15.446
8           2           10.615
8           3           8.08
8           4           15.853



se(j, m) - Setup emission for producing a lot of item j on machine m. The setup emission are period-independent.


1           1           187.569
1           2           63.341
1           3           18.097
1           4           30.179
2           1           138.774
2           2           98.246
2           3           48.75
2           4           41.782
3           1           126.293
3           2           89.868
3           3           44.761
3           4           77.035
4           1           156.412
4           2           93.741
4           3           40.732
4           4           47.958
5           1           181.616
5           2           79.245
5           3           28.78
5           4           64.215
6           1           132.777
6           2           49.362
6           3           30.853
6           4           49.625
7           1           171.789
7           2           126.386
7           3           49.593
7           4           69.633
8           1           82.437
8           2           43.286
8           3           36.555
8           4           51.09



sc(j, m) - Setup costs for producing a lot of item j on machine m. The setup costs are period-independent.


1           1           10740.1
1           2           14320.133
1           3           42960.4
1           4           21480.2
2           1           6988.8
2           2           9318.4
2           3           27955.2
2           4           13977.6
3           1           9594.2
3           2           12792.267
3           3           38376.8
3           4           19188.4
4           1           10410.4
4           2           13880.533
4           3           41641.6
4           4           20820.8
5           1           16251.433
5           2           21668.578
5           3           65005.733
5           4           32502.867
6           1           10575.833
6           2           14101.111
6           3           42303.333
6           4           21151.667
7           1           9298.8
7           2           12398.4
7           3           37195.2
7           4           18597.6
8           1           15815.8
8           2           21087.733
8           3           63263.2
8           4           31631.6



bc(m) - Fixed investment cost for machine m.


1           1258.7826579956368
2           2067.6765124380563
3           17751.570008800776
4           9954.976876721852



ca(m, t) - The available capacity of machine m in period t.


1           1           179.60115833333327
1           2           179.60115833333327
1           3           179.60115833333327
1           4           179.60115833333327
1           5           179.60115833333327
1           6           179.60115833333327
2           1           179.60115833333327
2           2           179.60115833333327
2           3           179.60115833333327
2           4           179.60115833333327
2           5           179.60115833333327
2           6           179.60115833333327
3           1           179.60115833333327
3           2           179.60115833333327
3           3           179.60115833333327
3           4           179.60115833333327
3           5           179.60115833333327
3           6           179.60115833333327
4           1           179.60115833333327
4           2           179.60115833333327
4           3           179.60115833333327
4           4           179.60115833333327
4           5           179.60115833333327
4           6           179.60115833333327



em(t) - The limits of carbon emissions in period t.


1           827.7983175
2           827.7983175
3           827.7983175
4           827.7983175
5           827.7983175
6           827.7983175
