Information for the currently-owned machines and the machines that may be purchased: if 1, the machine can be purchased, otherwise currently-owned.


1           0.0
2           0.0
3           1.0
4           0.0



item_machine_arc(j, m) - The relationship arc between item j and machine m, i.e., machine m is capable of producing item j if item_machine_arc(j, m) = 1.


1           1           0.0
1           2           1.0
1           3           1.0
1           4           1.0
2           1           1.0
2           2           1.0
2           3           0.0
2           4           1.0
3           1           1.0
3           2           1.0
3           3           1.0
3           4           0.0
4           1           0.0
4           2           1.0
4           3           1.0
4           4           0.0
5           1           1.0
5           2           1.0
5           3           1.0
5           4           1.0
6           1           0.0
6           2           1.0
6           3           1.0
6           4           0.0
7           1           0.0
7           2           1.0
7           3           0.0
7           4           0.0
8           1           1.0
8           2           1.0
8           3           1.0
8           4           1.0



d(j, t) - Gross demand for item j in period t.


1           1           38
1           2           36
1           3           30
1           4           45
1           5           43
1           6           37
2           1           35
2           2           48
2           3           34
2           4           34
2           5           41
2           6           35
3           1           37
3           2           31
3           3           44
3           4           33
3           5           35
3           6           47
4           1           32
4           2           43
4           3           50
4           4           35
4           5           49
4           6           39
5           1           49
5           2           33
5           3           50
5           4           45
5           5           35
5           6           40
6           1           49
6           2           45
6           3           46
6           4           45
6           5           34
6           6           33
7           1           48
7           2           38
7           3           35
7           4           34
7           5           45
7           6           49
8           1           39
8           2           45
8           3           38
8           4           48
8           5           50
8           6           45



pt(j, m) - Time required to produce one unit of item j on machine m. The production time is period-independent.


1           1           1.258
1           2           1.162
1           3           0.67
1           4           0.63
2           1           1.411
2           2           1.088
2           3           1.252
2           4           0.783
3           1           1.111
3           2           0.516
3           3           1.438
3           4           0.954
4           1           1.268
4           2           1.031
4           3           0.81
4           4           0.585
5           1           1.051
5           2           0.614
5           3           0.879
5           4           0.612
6           1           1.267
6           2           1.32
6           3           1.052
6           4           0.546
7           1           1.114
7           2           0.712
7           3           1.306
7           4           0.787
8           1           0.654
8           2           1.465
8           3           1.213
8           4           0.794



pc(j, m) - Variable costs of producing one unit of item j on machine m. The production cost is period-independent.


1           1           2.433
1           2           3.987
1           3           5.022
1           4           3.01
2           1           2.706
2           2           4.268
2           3           4.463
2           4           1.604
3           1           1.579
3           2           3.552
3           3           4.117
3           4           2.904
4           1           2.02
4           2           4.155
4           3           10.013
4           4           1.431
5           1           2.949
5           2           5.933
5           3           10.445
5           4           2.553
6           1           2.342
6           2           5.897
6           3           5.385
6           4           2.263
7           1           1.902
7           2           4.519
7           3           9.582
7           4           3.318
8           1           1.248
8           2           5.982
8           3           9.624
8           4           2.779



pe(j, m) - Production emission for producing one unit of item j on machine m. The production emission is period-independent.


1           1           2.396
1           2           0.62
1           3           0.62
1           4           2.774
2           1           3.806
2           2           1.241
2           3           0.608
2           4           2.033
3           1           3.526
3           2           0.928
3           3           0.614
3           4           2.992
4           1           3.394
4           2           1.624
4           3           0.775
4           4           1.085
5           1           3.056
5           2           1.398
5           3           1.142
5           4           1.614
6           1           3.667
6           2           2.23
6           3           0.278
6           4           0.932
7           1           1.794
7           2           1.38
7           3           1.189
7           4           1.158
8           1           3.02
8           2           1.39
8           3           0.82
8           4           3.191



hc(j) - Inventory-holding costs for one unit of item j for one period.


1           0.151
2           0.103
3           0.269
4           0.2
5           0.285
6           0.186
7           0.293
8           0.164



st(j, m) - Setup times for producing a lot of item j on machine m. The setup times are period-independent.


1           1           72.151
1           2           60.444
1           3           58.392
1           4           56.07
2           1           43.361
2           2           96.12
2           3           57.89
2           4           51.522
3           1           80.969
3           2           39.163
3           3           93.282
3           4           73.168
4           1           28.322
4           2           63.937
4           3           32.049
4           4           66.905
5           1           71.829
5           2           78.632
5           3           61.241
5           4           97.097
6           1           65.748
6           2           84.929
6           3           74.189
6           4           72.008
7           1           28.792
7           2           56.662
7           3           87.886
7           4           43.644
8           1           95.054
8           2           58.617
8           3           55.318
8           4           68.71



se(j, m) - Setup emission for producing a lot of item j on machine m. The setup emission are period-independent.


1           1           192.421
1           2           83.245
1           3           36.087
1           4           148.77
2           1           198.348
2           2           72.788
2           3           35.602
2           4           92.084
3           1           154.203
3           2           34.63
3           3           19.334
3           4           68.391
4           1           87.117
4           2           59.4
4           3           30.487
4           4           93.913
5           1           190.056
5           2           51.024
5           3           42.182
5           4           77.023
6           1           96.333
6           2           67.832
6           3           48.529
6           4           72.52
7           1           118.166
7           2           71.918
7           3           24.598
7           4           44.115
8           1           108.493
8           2           99.747
8           3           33.343
8           4           75.487



sc(j, m) - Setup costs for producing a lot of item j on machine m. The setup costs are period-independent.


1           1           8068.433
1           2           16136.867
1           3           32273.733
1           4           10757.911
2           1           5455.567
2           2           10911.133
2           3           21822.267
2           4           7274.089
3           1           14248.033
3           2           28496.067
3           3           56992.133
3           4           18997.378
4           1           11573.333
4           2           23146.667
4           3           46293.333
4           4           15431.111
5           1           16758.0
5           2           33516.0
5           3           67032.0
5           4           22344.0
6           1           10936.8
6           2           21873.6
6           3           43747.2
6           4           14582.4
7           1           17023.3
7           2           34046.6
7           3           68093.2
7           4           22697.733
8           1           10140.667
8           2           20281.333
8           3           40562.667
8           4           13520.889



bc(m) - Fixed investment cost for machine m.


1           967.5372721909031
2           8788.039397948085
3           9348.445309505054
4           303.968301947531



ca(m, t) - The available capacity of machine m in period t.


1           1           292.3131322222223
1           2           292.3131322222223
1           3           292.3131322222223
1           4           292.3131322222223
1           5           292.3131322222223
1           6           292.3131322222223
2           1           292.3131322222223
2           2           292.3131322222223
2           3           292.3131322222223
2           4           292.3131322222223
2           5           292.3131322222223
2           6           292.3131322222223
3           1           292.3131322222223
3           2           292.3131322222223
3           3           292.3131322222223
3           4           292.3131322222223
3           5           292.3131322222223
3           6           292.3131322222223
4           1           292.3131322222223
4           2           292.3131322222223
4           3           292.3131322222223
4           4           292.3131322222223
4           5           292.3131322222223
4           6           292.3131322222223



em(t) - The limits of carbon emissions in period t.


1           1300.6473394444445
2           1300.6473394444445
3           1300.6473394444445
4           1300.6473394444445
5           1300.6473394444445
6           1300.6473394444445
