Information for the currently-owned machines and the machines that may be purchased: if 1, the machine can be purchased, otherwise currently-owned.


1           0.0
2           1.0
3           0.0
4           0.0



item_machine_arc(j, m) - The relationship arc between item j and machine m, i.e., machine m is capable of producing item j if item_machine_arc(j, m) = 1.


1           1           0.0
1           2           1.0
1           3           1.0
1           4           1.0
2           1           0.0
2           2           0.0
2           3           1.0
2           4           1.0
3           1           1.0
3           2           0.0
3           3           0.0
3           4           1.0
4           1           1.0
4           2           1.0
4           3           1.0
4           4           1.0
5           1           0.0
5           2           0.0
5           3           1.0
5           4           1.0
6           1           0.0
6           2           0.0
6           3           1.0
6           4           1.0
7           1           0.0
7           2           0.0
7           3           0.0
7           4           1.0
8           1           1.0
8           2           1.0
8           3           1.0
8           4           0.0



d(j, t) - Gross demand for item j in period t.


1           1           32
1           2           43
1           3           40
1           4           44
1           5           41
1           6           38
2           1           46
2           2           41
2           3           50
2           4           50
2           5           33
2           6           46
3           1           38
3           2           33
3           3           34
3           4           49
3           5           43
3           6           43
4           1           49
4           2           45
4           3           50
4           4           37
4           5           34
4           6           44
5           1           35
5           2           50
5           3           35
5           4           40
5           5           48
5           6           42
6           1           35
6           2           45
6           3           30
6           4           39
6           5           40
6           6           40
7           1           32
7           2           34
7           3           30
7           4           40
7           5           43
7           6           35
8           1           36
8           2           36
8           3           34
8           4           46
8           5           41
8           6           33



pt(j, m) - Time required to produce one unit of item j on machine m. The production time is period-independent.


1           1           1.237
1           2           1.412
1           3           0.878
1           4           0.607
2           1           1.316
2           2           1.27
2           3           1.26
2           4           1.063
3           1           1.015
3           2           1.003
3           3           1.249
3           4           0.575
4           1           1.443
4           2           1.386
4           3           1.393
4           4           0.507
5           1           1.147
5           2           1.079
5           3           1.343
5           4           0.821
6           1           1.432
6           2           0.507
6           3           1.384
6           4           0.957
7           1           0.625
7           2           1.345
7           3           0.886
7           4           0.797
8           1           0.874
8           2           1.18
8           3           1.019
8           4           0.635



pc(j, m) - Variable costs of producing one unit of item j on machine m. The production cost is period-independent.


1           1           4.807
1           2           1.433
1           3           2.382
1           4           4.982
2           1           5.019
2           2           3.798
2           3           2.674
2           4           9.607
3           1           4.725
3           2           2.86
3           3           1.471
3           4           7.371
4           1           3.446
4           2           2.227
4           3           1.156
4           4           8.21
5           1           5.872
5           2           2.753
5           3           1.237
5           4           6.612
6           1           4.589
6           2           3.766
6           3           1.986
6           4           5.803
7           1           5.715
7           2           2.573
7           3           2.61
7           4           9.123
8           1           4.107
8           2           3.04
8           3           1.196
8           4           5.764



pe(j, m) - Production emission for producing one unit of item j on machine m. The production emission is period-independent.


1           1           0.255
1           2           0.675
1           3           0.426
1           4           0.158
2           1           0.462
2           2           0.412
2           3           0.549
2           4           0.17
3           1           0.136
3           2           0.309
3           3           0.699
3           4           0.071
4           1           0.141
4           2           0.674
4           3           0.888
4           4           0.113
5           1           0.34
5           2           0.528
5           3           0.622
5           4           0.089
6           1           0.438
6           2           0.384
6           3           0.387
6           4           0.12
7           1           0.355
7           2           0.464
7           3           0.914
7           4           0.088
8           1           0.2
8           2           0.664
8           3           0.769
8           4           0.176



hc(j) - Inventory-holding costs for one unit of item j for one period.


1           0.155
2           0.299
3           0.259
4           0.145
5           0.243
6           0.276
7           0.1
8           0.29



st(j, m) - Setup times for producing a lot of item j on machine m. The setup times are period-independent.


1           1           19.747
1           2           7.718
1           3           7.852
1           4           12.847
2           1           17.08
2           2           5.312
2           3           13.615
2           4           12.067
3           1           7.449
3           2           13.419
3           3           10.018
3           4           18.486
4           1           10.0
4           2           13.267
4           3           17.314
4           4           8.313
5           1           12.076
5           2           10.79
5           3           9.834
5           4           16.804
6           1           19.296
6           2           9.921
6           3           16.228
6           4           15.113
7           1           13.116
7           2           5.621
7           3           19.376
7           4           14.973
8           1           17.83
8           2           11.925
8           3           8.304
8           4           11.3



se(j, m) - Setup emission for producing a lot of item j on machine m. The setup emission are period-independent.


1           1           44.398
1           2           98.556
1           3           129.363
1           4           25.68
2           1           54.382
2           2           56.648
2           3           78.696
2           4           35.505
3           1           74.465
3           2           135.519
3           3           198.757
3           4           36.612
4           1           38.652
4           2           124.068
4           3           132.518
4           4           17.997
5           1           83.578
5           2           102.678
5           3           149.867
5           4           24.273
6           1           59.799
6           2           66.127
6           3           129.02
6           4           30.82
7           1           43.455
7           2           50.921
7           3           131.879
7           4           16.963
8           1           92.746
8           2           116.87
8           3           65.927
8           4           26.286



sc(j, m) - Setup costs for producing a lot of item j on machine m. The setup costs are period-independent.


1           1           17215.333
1           2           11476.889
1           3           8607.667
1           4           34430.667
2           1           37115.867
2           2           24743.911
2           3           18557.933
2           4           74231.733
3           1           29008.0
3           2           19338.667
3           3           14504.0
3           4           58016.0
4           1           17525.667
4           2           11683.778
4           3           8762.833
4           4           35051.333
5           1           28350.0
5           2           18900.0
5           3           14175.0
5           4           56700.0
6           1           29495.2
6           2           19663.467
6           3           14747.6
6           4           58990.4
7           1           9986.667
7           2           6657.778
7           3           4993.333
7           4           19973.333
8           1           30585.333
8           2           20390.222
8           3           15292.667
8           4           61170.667



bc(m) - Fixed investment cost for machine m.


1           7173.627959919286
2           929.7139006434119
3           1535.5903104062052
4           4195.296799359243



ca(m, t) - The available capacity of machine m in period t.


1           1           195.82398305555557
1           2           195.82398305555557
1           3           195.82398305555557
1           4           195.82398305555557
1           5           195.82398305555557
1           6           195.82398305555557
2           1           195.82398305555557
2           2           195.82398305555557
2           3           195.82398305555557
2           4           195.82398305555557
2           5           195.82398305555557
2           6           195.82398305555557
3           1           195.82398305555557
3           2           195.82398305555557
3           3           195.82398305555557
3           4           195.82398305555557
3           5           195.82398305555557
3           6           195.82398305555557
4           1           195.82398305555557
4           2           195.82398305555557
4           3           195.82398305555557
4           4           195.82398305555557
4           5           195.82398305555557
4           6           195.82398305555557



em(t) - The limits of carbon emissions in period t.


1           532.1296749999999
2           532.1296749999999
3           532.1296749999999
4           532.1296749999999
5           532.1296749999999
6           532.1296749999999
