Information for the currently-owned machines and the machines that may be purchased: if 1, the machine can be purchased, otherwise currently-owned.


1           0.0
2           0.0
3           1.0
4           0.0



item_machine_arc(j, m) - The relationship arc between item j and machine m, i.e., machine m is capable of producing item j if item_machine_arc(j, m) = 1.


1           1           1.0
1           2           1.0
1           3           1.0
1           4           1.0
2           1           0.0
2           2           1.0
2           3           1.0
2           4           1.0
3           1           1.0
3           2           1.0
3           3           1.0
3           4           1.0
4           1           0.0
4           2           0.0
4           3           1.0
4           4           0.0
5           1           0.0
5           2           1.0
5           3           0.0
5           4           1.0
6           1           0.0
6           2           0.0
6           3           0.0
6           4           1.0
7           1           1.0
7           2           1.0
7           3           1.0
7           4           0.0
8           1           1.0
8           2           1.0
8           3           0.0
8           4           1.0



d(j, t) - Gross demand for item j in period t.


1           1           49
1           2           40
1           3           40
1           4           42
1           5           39
1           6           32
2           1           37
2           2           45
2           3           34
2           4           47
2           5           49
2           6           40
3           1           40
3           2           49
3           3           43
3           4           42
3           5           39
3           6           34
4           1           40
4           2           47
4           3           34
4           4           41
4           5           31
4           6           33
5           1           47
5           2           34
5           3           47
5           4           44
5           5           38
5           6           33
6           1           50
6           2           34
6           3           43
6           4           48
6           5           36
6           6           33
7           1           43
7           2           35
7           3           47
7           4           42
7           5           44
7           6           50
8           1           36
8           2           41
8           3           34
8           4           35
8           5           42
8           6           43



pt(j, m) - Time required to produce one unit of item j on machine m. The production time is period-independent.


1           1           0.817
1           2           0.615
1           3           1.318
1           4           0.604
2           1           1.452
2           2           1.338
2           3           1.286
2           4           0.572
3           1           1.48
3           2           0.614
3           3           1.011
3           4           0.771
4           1           0.902
4           2           0.843
4           3           0.526
4           4           1.451
5           1           0.807
5           2           1.253
5           3           0.841
5           4           1.442
6           1           0.509
6           2           1.411
6           3           1.164
6           4           0.802
7           1           0.903
7           2           0.754
7           3           0.558
7           4           0.87
8           1           0.624
8           2           1.489
8           3           1.146
8           4           0.685



pc(j, m) - Variable costs of producing one unit of item j on machine m. The production cost is period-independent.


1           1           4.119
1           2           1.057
1           3           8.445
1           4           1.754
2           1           5.875
2           2           2.021
2           3           5.911
2           4           3.608
3           1           5.494
3           2           1.365
3           3           4.936
3           4           1.895
4           1           3.671
4           2           1.069
4           3           11.952
4           4           1.503
5           1           5.98
5           2           1.365
5           3           6.679
5           4           1.916
6           1           2.412
6           2           2.388
6           3           6.649
6           4           2.578
7           1           4.427
7           2           2.262
7           3           9.579
7           4           1.368
8           1           5.118
8           2           2.711
8           3           11.946
8           4           2.987



pe(j, m) - Production emission for producing one unit of item j on machine m. The production emission is period-independent.


1           1           0.472
1           2           0.577
1           3           0.146
1           4           0.619
2           1           0.121
2           2           0.982
2           3           0.129
2           4           0.179
3           1           0.443
3           2           0.521
3           3           0.231
3           4           0.661
4           1           0.454
4           2           0.954
4           3           0.234
4           4           0.686
5           1           0.189
5           2           0.365
5           3           0.181
5           4           0.713
6           1           0.449
6           2           0.559
6           3           0.07
6           4           0.537
7           1           0.37
7           2           0.548
7           3           0.234
7           4           0.388
8           1           0.243
8           2           0.548
8           3           0.165
8           4           0.577



hc(j) - Inventory-holding costs for one unit of item j for one period.


1           0.129
2           0.11
3           0.109
4           0.252
5           0.21
6           0.153
7           0.245
8           0.278



st(j, m) - Setup times for producing a lot of item j on machine m. The setup times are period-independent.


1           1           42.441
1           2           54.472
1           3           89.499
1           4           36.37
2           1           76.528
2           2           47.137
2           3           77.645
2           4           92.099
3           1           97.529
3           2           80.399
3           3           47.076
3           4           96.088
4           1           81.459
4           2           37.713
4           3           51.506
4           4           29.974
5           1           39.422
5           2           82.579
5           3           56.995
5           4           79.249
6           1           45.685
6           2           25.638
6           3           60.489
6           4           86.132
7           1           54.172
7           2           84.747
7           3           99.598
7           4           94.308
8           1           71.034
8           2           69.198
8           3           50.388
8           4           83.614



se(j, m) - Setup emission for producing a lot of item j on machine m. The setup emission are period-independent.


1           1           9.057
1           2           33.302
1           3           3.8
1           4           18.552
2           1           10.368
2           2           38.095
2           3           5.454
2           4           20.541
3           1           14.618
3           2           12.08
3           3           3.903
3           4           23.22
4           1           17.054
4           2           22.161
4           3           3.326
4           4           18.61
5           1           14.724
5           2           13.918
5           3           9.728
5           4           7.771
6           1           19.285
6           2           22.654
6           3           7.649
6           4           21.008
7           1           12.998
7           2           11.339
7           3           4.95
7           4           20.8
8           1           7.117
8           2           39.108
8           3           6.249
8           4           26.097



sc(j, m) - Setup costs for producing a lot of item j on machine m. The setup costs are period-independent.


1           1           16025.24
1           2           8012.62
1           3           32050.48
1           4           10683.493
2           1           14229.6
2           2           7114.8
2           3           28459.2
2           4           9486.4
3           1           13820.473
3           2           6910.237
3           3           27640.947
3           4           9213.649
4           1           29235.36
4           2           14617.68
4           3           58470.72
4           4           19490.24
5           1           26195.4
5           2           13097.7
5           3           52390.8
5           4           17463.6
6           1           19163.76
6           2           9581.88
6           3           38327.52
6           4           12775.84
7           1           32825.1
7           2           16412.55
7           3           65650.2
7           4           21883.4
8           1           32965.24
8           2           16482.62
8           3           65930.48
8           4           21976.827



bc(m) - Fixed investment cost for machine m.


1           7999.806642738201
2           2618.853370107205
3           6176.982301275402
4           6396.612398489779



ca(m, t) - The available capacity of machine m in period t.


1           1           272.5089888888889
1           2           272.5089888888889
1           3           272.5089888888889
1           4           272.5089888888889
1           5           272.5089888888889
1           6           272.5089888888889
2           1           272.5089888888889
2           2           272.5089888888889
2           3           272.5089888888889
2           4           272.5089888888889
2           5           272.5089888888889
2           6           272.5089888888889
3           1           272.5089888888889
3           2           272.5089888888889
3           3           272.5089888888889
3           4           272.5089888888889
3           5           272.5089888888889
3           6           272.5089888888889
4           1           272.5089888888889
4           2           272.5089888888889
4           3           272.5089888888889
4           4           272.5089888888889
4           5           272.5089888888889
4           6           272.5089888888889



em(t) - The limits of carbon emissions in period t.


1           311.413025
2           311.413025
3           311.413025
4           311.413025
5           311.413025
6           311.413025
