Information for the currently-owned machines and the machines that may be purchased: if 1, the machine can be purchased, otherwise currently-owned.


1           0.0
2           0.0
3           0.0
4           1.0



item_machine_arc(j, m) - The relationship arc between item j and machine m, i.e., machine m is capable of producing item j if item_machine_arc(j, m) = 1.


1           1           1.0
1           2           1.0
1           3           0.0
1           4           1.0
2           1           1.0
2           2           1.0
2           3           1.0
2           4           1.0
3           1           0.0
3           2           1.0
3           3           0.0
3           4           0.0
4           1           1.0
4           2           1.0
4           3           1.0
4           4           1.0
5           1           0.0
5           2           1.0
5           3           0.0
5           4           1.0
6           1           0.0
6           2           0.0
6           3           1.0
6           4           0.0
7           1           0.0
7           2           1.0
7           3           1.0
7           4           1.0
8           1           1.0
8           2           1.0
8           3           1.0
8           4           1.0



d(j, t) - Gross demand for item j in period t.


1           1           35
1           2           33
1           3           42
1           4           39
1           5           39
1           6           31
2           1           50
2           2           44
2           3           39
2           4           36
2           5           34
2           6           36
3           1           35
3           2           32
3           3           32
3           4           47
3           5           50
3           6           44
4           1           34
4           2           31
4           3           49
4           4           39
4           5           37
4           6           32
5           1           42
5           2           46
5           3           33
5           4           38
5           5           39
5           6           30
6           1           33
6           2           43
6           3           40
6           4           33
6           5           41
6           6           41
7           1           38
7           2           35
7           3           46
7           4           30
7           5           30
7           6           39
8           1           50
8           2           33
8           3           47
8           4           33
8           5           47
8           6           42



pt(j, m) - Time required to produce one unit of item j on machine m. The production time is period-independent.


1           1           1.457
1           2           1.372
1           3           0.609
1           4           0.637
2           1           1.043
2           2           0.776
2           3           1.499
2           4           1.283
3           1           1.494
3           2           1.409
3           3           0.658
3           4           1.394
4           1           0.567
4           2           1.064
4           3           0.796
4           4           1.173
5           1           1.486
5           2           0.654
5           3           1.399
5           4           0.998
6           1           0.903
6           2           0.974
6           3           0.545
6           4           0.581
7           1           0.806
7           2           1.231
7           3           1.089
7           4           0.92
8           1           1.457
8           2           0.764
8           3           1.407
8           4           1.049



pc(j, m) - Variable costs of producing one unit of item j on machine m. The production cost is period-independent.


1           1           2.744
1           2           2.153
1           3           3.686
1           4           10.661
2           1           2.734
2           2           2.806
2           3           4.438
2           4           9.686
3           1           2.677
3           2           3.104
3           3           4.922
3           4           11.123
4           1           1.43
4           2           3.609
4           3           3.096
4           4           11.548
5           1           2.951
5           2           1.688
5           3           2.362
5           4           5.844
6           1           2.492
6           2           3.066
6           3           2.783
6           4           8.566
7           1           2.626
7           2           2.521
7           3           4.834
7           4           9.97
8           1           1.493
8           2           3.603
8           3           3.536
8           4           7.713



pe(j, m) - Production emission for producing one unit of item j on machine m. The production emission is period-independent.


1           1           0.767
1           2           0.399
1           3           0.264
1           4           0.053
2           1           0.204
2           2           0.277
2           3           0.266
2           4           0.171
3           1           0.788
3           2           0.551
3           3           0.206
3           4           0.171
4           1           0.438
4           2           0.27
4           3           0.426
4           4           0.161
5           1           0.325
5           2           0.288
5           3           0.422
5           4           0.203
6           1           0.88
6           2           0.73
6           3           0.294
6           4           0.089
7           1           0.274
7           2           0.457
7           3           0.116
7           4           0.178
8           1           0.69
8           2           0.443
8           3           0.489
8           4           0.058



hc(j) - Inventory-holding costs for one unit of item j for one period.


1           0.162
2           0.207
3           0.122
4           0.286
5           0.141
6           0.265
7           0.193
8           0.178



st(j, m) - Setup times for producing a lot of item j on machine m. The setup times are period-independent.


1           1           11.299
1           2           16.653
1           3           11.886
1           4           18.244
2           1           7.272
2           2           5.954
2           3           16.861
2           4           5.294
3           1           12.87
3           2           13.918
3           3           17.035
3           4           15.728
4           1           5.531
4           2           7.477
4           3           13.45
4           4           5.77
5           1           6.463
5           2           13.316
5           3           5.291
5           4           18.214
6           1           6.838
6           2           6.09
6           3           19.314
6           4           10.726
7           1           15.915
7           2           13.725
7           3           13.319
7           4           19.219
8           1           14.138
8           2           18.811
8           3           18.421
8           4           14.991



se(j, m) - Setup emission for producing a lot of item j on machine m. The setup emission are period-independent.


1           1           24.501
1           2           11.646
1           3           16.177
1           4           6.753
2           1           38.946
2           2           29.323
2           3           16.081
2           4           8.911
3           1           19.531
3           2           17.783
3           3           13.367
3           4           4.569
4           1           30.614
4           2           27.638
4           3           15.183
4           4           6.975
5           1           31.306
5           2           24.354
5           3           17.888
5           4           8.322
6           1           22.879
6           2           14.665
6           3           9.106
6           4           9.993
7           1           19.534
7           2           16.72
7           3           14.306
7           4           7.34
8           1           29.853
8           2           24.612
8           3           5.332
8           4           5.163



sc(j, m) - Setup costs for producing a lot of item j on machine m. The setup costs are period-independent.


1           1           9106.02
1           2           12141.36
1           3           18212.04
1           4           36424.08
2           1           12698.07
2           2           16930.76
2           3           25396.14
2           4           50792.28
3           1           7515.2
3           2           10020.267
3           3           15030.4
3           4           30060.8
4           1           16296.28
4           2           21728.373
4           3           32592.56
4           4           65185.12
5           1           8251.32
5           2           11001.76
5           3           16502.64
5           4           33005.28
6           1           15711.85
6           2           20949.133
6           3           31423.7
6           4           62847.4
7           1           10798.993
7           2           14398.658
7           3           21597.987
7           4           43195.973
8           1           11513.04
8           2           15350.72
8           3           23026.08
8           4           46052.16



bc(m) - Fixed investment cost for machine m.


1           4071.2241545634197
2           6356.844790085253
3           7775.352353796595
4           13188.081699215358



ca(m, t) - The available capacity of machine m in period t.


1           1           175.0100527777778
1           2           175.0100527777778
1           3           175.0100527777778
1           4           175.0100527777778
1           5           175.0100527777778
1           6           175.0100527777778
2           1           175.0100527777778
2           2           175.0100527777778
2           3           175.0100527777778
2           4           175.0100527777778
2           5           175.0100527777778
2           6           175.0100527777778
3           1           175.0100527777778
3           2           175.0100527777778
3           3           175.0100527777778
3           4           175.0100527777778
3           5           175.0100527777778
3           6           175.0100527777778
4           1           175.0100527777778
4           2           175.0100527777778
4           3           175.0100527777778
4           4           175.0100527777778
4           5           175.0100527777778
4           6           175.0100527777778



em(t) - The limits of carbon emissions in period t.


1           262.3572019444444
2           262.3572019444444
3           262.3572019444444
4           262.3572019444444
5           262.3572019444444
6           262.3572019444444
