Information for the currently-owned machines and the machines that may be purchased: if 1, the machine can be purchased, otherwise currently-owned.


1           1.0
2           0.0
3           0.0
4           0.0



item_machine_arc(j, m) - The relationship arc between item j and machine m, i.e., machine m is capable of producing item j if item_machine_arc(j, m) = 1.


1           1           1.0
1           2           1.0
1           3           1.0
1           4           0.0
2           1           0.0
2           2           0.0
2           3           0.0
2           4           1.0
3           1           1.0
3           2           1.0
3           3           0.0
3           4           0.0
4           1           1.0
4           2           1.0
4           3           1.0
4           4           1.0
5           1           0.0
5           2           1.0
5           3           0.0
5           4           1.0
6           1           0.0
6           2           1.0
6           3           0.0
6           4           1.0
7           1           1.0
7           2           1.0
7           3           1.0
7           4           1.0
8           1           1.0
8           2           0.0
8           3           0.0
8           4           0.0



d(j, t) - Gross demand for item j in period t.


1           1           45
1           2           31
1           3           50
1           4           36
1           5           31
1           6           42
2           1           32
2           2           39
2           3           30
2           4           49
2           5           38
2           6           47
3           1           34
3           2           32
3           3           34
3           4           39
3           5           32
3           6           30
4           1           33
4           2           46
4           3           33
4           4           48
4           5           37
4           6           50
5           1           33
5           2           50
5           3           36
5           4           42
5           5           31
5           6           39
6           1           48
6           2           41
6           3           42
6           4           38
6           5           39
6           6           31
7           1           34
7           2           38
7           3           38
7           4           40
7           5           33
7           6           42
8           1           32
8           2           49
8           3           47
8           4           50
8           5           33
8           6           31



pt(j, m) - Time required to produce one unit of item j on machine m. The production time is period-independent.


1           1           1.123
1           2           0.705
1           3           1.095
1           4           1.49
2           1           1.14
2           2           0.93
2           3           1.215
2           4           0.526
3           1           0.851
3           2           1.399
3           3           1.313
3           4           0.519
4           1           0.624
4           2           1.154
4           3           1.115
4           4           0.925
5           1           1.325
5           2           0.819
5           3           1.127
5           4           0.58
6           1           0.501
6           2           1.349
6           3           1.488
6           4           0.952
7           1           0.9
7           2           1.424
7           3           0.853
7           4           0.537
8           1           0.555
8           2           0.857
8           3           0.907
8           4           0.754



pc(j, m) - Variable costs of producing one unit of item j on machine m. The production cost is period-independent.


1           1           10.014
1           2           2.443
1           3           3.213
1           4           1.853
2           1           9.082
2           2           1.325
2           3           2.618
2           4           3.175
3           1           4.508
3           2           2.784
3           3           5.365
3           4           3.059
4           1           9.506
4           2           1.062
4           3           5.087
4           4           3.54
5           1           9.119
5           2           1.125
5           3           4.664
5           4           2.063
6           1           9.89
6           2           1.661
6           3           5.472
6           4           3.167
7           1           8.971
7           2           1.286
7           3           2.476
7           4           1.432
8           1           6.742
8           2           1.151
8           3           2.601
8           4           3.8



pe(j, m) - Production emission for producing one unit of item j on machine m. The production emission is period-independent.


1           1           0.66
1           2           4.05
1           3           0.918
1           4           2.742
2           1           0.391
2           2           3.054
2           3           1.527
2           4           0.88
3           1           0.826
3           2           2.18
3           3           1.539
3           4           1.105
4           1           0.717
4           2           1.706
4           3           2.187
4           4           3.497
5           1           0.65
5           2           3.126
5           3           0.652
5           4           3.395
6           1           0.996
6           2           2.263
6           3           0.873
6           4           3.338
7           1           0.287
7           2           2.65
7           3           1.743
7           4           2.595
8           1           0.297
8           2           1.85
8           3           2.073
8           4           1.782



hc(j) - Inventory-holding costs for one unit of item j for one period.


1           0.217
2           0.123
3           0.193
4           0.235
5           0.243
6           0.24
7           0.239
8           0.19



st(j, m) - Setup times for producing a lot of item j on machine m. The setup times are period-independent.


1           1           15.874
1           2           5.392
1           3           14.071
1           4           17.011
2           1           18.156
2           2           9.065
2           3           16.228
2           4           11.908
3           1           17.707
3           2           6.202
3           3           14.487
3           4           18.917
4           1           8.019
4           2           12.347
4           3           12.314
4           4           9.241
5           1           10.83
5           2           9.18
5           3           6.804
5           4           13.919
6           1           16.143
6           2           5.603
6           3           9.624
6           4           13.867
7           1           18.934
7           2           19.106
7           3           6.145
7           4           11.153
8           1           10.933
8           2           10.515
8           3           17.782
8           4           11.675



se(j, m) - Setup emission for producing a lot of item j on machine m. The setup emission are period-independent.


1           1           41.233
1           2           147.066
1           3           69.914
1           4           64.237
2           1           30.957
2           2           89.192
2           3           26.101
2           4           67.524
3           1           32.224
3           2           64.31
3           3           28.668
3           4           85.734
4           1           24.324
4           2           53.614
4           3           29.653
4           4           106.556
5           1           44.875
5           2           62.852
5           3           39.646
5           4           113.167
6           1           37.485
6           2           143.627
6           3           25.228
6           4           133.068
7           1           37.73
7           2           142.932
7           3           44.06
7           4           38.279
8           1           44.288
8           2           67.46
8           3           47.852
8           4           48.041



sc(j, m) - Setup costs for producing a lot of item j on machine m. The setup costs are period-independent.


1           1           47595.333
1           2           11898.833
1           3           23797.667
1           4           15865.111
2           1           26978.0
2           2           6744.5
2           3           13489.0
2           4           8992.667
3           1           36206.8
3           2           9051.7
3           3           18103.4
3           4           12068.933
4           1           54175.333
4           2           13543.833
4           3           27087.667
4           4           18058.444
5           1           52390.8
5           2           13097.7
5           3           26195.4
5           4           17463.6
6           1           53536.0
6           2           13384.0
6           3           26768.0
6           4           17845.333
7           1           50190.0
7           2           12547.5
7           3           25095.0
7           4           16730.0
8           1           42914.667
8           2           10728.667
8           3           21457.333
8           4           14304.889



bc(m) - Fixed investment cost for machine m.


1           2055.2475613915753
2           3023.867290713287
3           8080.838048606589
4           2676.4799915058725



ca(m, t) - The available capacity of machine m in period t.


1           1           160.0541321296296
1           2           160.0541321296296
1           3           160.0541321296296
1           4           160.0541321296296
1           5           160.0541321296296
1           6           160.0541321296296
2           1           160.0541321296296
2           2           160.0541321296296
2           3           160.0541321296296
2           4           160.0541321296296
2           5           160.0541321296296
2           6           160.0541321296296
3           1           160.0541321296296
3           2           160.0541321296296
3           3           160.0541321296296
3           4           160.0541321296296
3           5           160.0541321296296
3           6           160.0541321296296
4           1           160.0541321296296
4           2           160.0541321296296
4           3           160.0541321296296
4           4           160.0541321296296
4           5           160.0541321296296
4           6           160.0541321296296



em(t) - The limits of carbon emissions in period t.


1           1196.846
2           1196.846
3           1196.846
4           1196.846
5           1196.846
6           1196.846
