Information for the currently-owned machines and the machines that may be purchased: if 1, the machine can be purchased, otherwise currently-owned.


1           0.0
2           0.0
3           1.0
4           0.0



item_machine_arc(j, m) - The relationship arc between item j and machine m, i.e., machine m is capable of producing item j if item_machine_arc(j, m) = 1.


1           1           1.0
1           2           1.0
1           3           1.0
1           4           1.0
2           1           1.0
2           2           1.0
2           3           1.0
2           4           1.0
3           1           0.0
3           2           1.0
3           3           1.0
3           4           0.0
4           1           1.0
4           2           0.0
4           3           0.0
4           4           1.0
5           1           1.0
5           2           0.0
5           3           0.0
5           4           0.0
6           1           1.0
6           2           0.0
6           3           0.0
6           4           0.0
7           1           0.0
7           2           1.0
7           3           1.0
7           4           1.0
8           1           1.0
8           2           0.0
8           3           1.0
8           4           1.0



d(j, t) - Gross demand for item j in period t.


1           1           49
1           2           37
1           3           33
1           4           38
1           5           32
1           6           40
2           1           34
2           2           50
2           3           42
2           4           46
2           5           31
2           6           32
3           1           32
3           2           47
3           3           49
3           4           39
3           5           36
3           6           40
4           1           36
4           2           35
4           3           32
4           4           38
4           5           48
4           6           34
5           1           42
5           2           38
5           3           32
5           4           31
5           5           41
5           6           47
6           1           42
6           2           48
6           3           38
6           4           38
6           5           31
6           6           30
7           1           47
7           2           32
7           3           49
7           4           46
7           5           41
7           6           45
8           1           34
8           2           30
8           3           48
8           4           37
8           5           31
8           6           45



pt(j, m) - Time required to produce one unit of item j on machine m. The production time is period-independent.


1           1           1.313
1           2           0.869
1           3           0.601
1           4           0.541
2           1           1.278
2           2           1.196
2           3           1.124
2           4           0.749
3           1           0.992
3           2           1.465
3           3           0.841
3           4           0.812
4           1           0.524
4           2           0.848
4           3           0.93
4           4           0.578
5           1           1.161
5           2           1.156
5           3           1.216
5           4           1.245
6           1           1.124
6           2           1.146
6           3           0.808
6           4           1.02
7           1           1.008
7           2           1.049
7           3           1.32
7           4           0.524
8           1           0.736
8           2           0.779
8           3           0.631
8           4           0.667



pc(j, m) - Variable costs of producing one unit of item j on machine m. The production cost is period-independent.


1           1           6.565
1           2           2.817
1           3           2.06
1           4           5.808
2           1           10.73
2           2           1.4
2           3           1.663
2           4           3.35
3           1           10.348
3           2           2.611
3           3           2.678
3           4           4.97
4           1           11.217
4           2           3.861
4           3           2.749
4           4           5.686
5           1           8.61
5           2           2.169
5           3           1.823
5           4           2.246
6           1           5.284
6           2           2.904
6           3           1.138
6           4           5.25
7           1           4.192
7           2           3.607
7           3           2.429
7           4           3.613
8           1           7.911
8           2           2.149
8           3           2.239
8           4           5.3



pe(j, m) - Production emission for producing one unit of item j on machine m. The production emission is period-independent.


1           1           0.759
1           2           2.973
1           3           1.717
1           4           0.851
2           1           0.367
2           2           1.322
2           3           4.599
2           4           1.754
3           1           1.064
3           2           1.145
3           3           2.878
3           4           1.759
4           1           0.412
4           2           2.962
4           3           2.841
4           4           1.213
5           1           0.374
5           2           3.631
5           3           4.001
5           4           1.777
6           1           0.517
6           2           1.998
6           3           1.579
6           4           1.587
7           1           0.518
7           2           0.842
7           3           1.721
7           4           1.848
8           1           0.776
8           2           2.819
8           3           2.252
8           4           0.53



hc(j) - Inventory-holding costs for one unit of item j for one period.


1           0.104
2           0.185
3           0.159
4           0.186
5           0.165
6           0.205
7           0.126
8           0.137



st(j, m) - Setup times for producing a lot of item j on machine m. The setup times are period-independent.


1           1           7.718
1           2           18.139
1           3           13.556
1           4           6.782
2           1           9.022
2           2           6.833
2           3           18.112
2           4           6.277
3           1           5.063
3           2           19.322
3           3           10.96
3           4           8.576
4           1           8.221
4           2           11.266
4           3           7.937
4           4           11.372
5           1           10.982
5           2           8.367
5           3           12.461
5           4           15.774
6           1           6.262
6           2           11.824
6           3           14.557
6           4           16.963
7           1           19.386
7           2           19.724
7           3           17.178
7           4           14.004
8           1           18.553
8           2           5.104
8           3           16.764
8           4           9.894



se(j, m) - Setup emission for producing a lot of item j on machine m. The setup emission are period-independent.


1           1           36.154
1           2           84.971
1           3           152.928
1           4           77.038
2           1           37.561
2           2           97.105
2           3           157.288
2           4           33.515
3           1           35.587
3           2           93.521
3           3           132.855
3           4           30.691
4           1           38.607
4           2           71.661
4           3           120.487
4           4           80.528
5           1           21.338
5           2           127.429
5           3           106.916
5           4           43.974
6           1           24.102
6           2           107.484
6           3           94.672
6           4           27.429
7           1           48.997
7           2           82.938
7           3           146.101
7           4           39.618
8           1           12.902
8           2           88.077
8           3           162.155
8           4           30.149



sc(j, m) - Setup costs for producing a lot of item j on machine m. The setup costs are period-independent.


1           1           22228.267
1           2           7409.422
1           3           5557.067
1           4           11114.133
2           1           40576.667
2           2           13525.556
2           3           10144.167
2           4           20288.333
3           1           36061.2
3           2           12020.4
3           3           9015.3
3           4           18030.6
4           1           38712.8
4           2           12904.267
4           3           9678.2
4           4           19356.4
5           1           35574.0
5           2           11858.0
5           3           8893.5
5           4           17787.0
6           1           43432.667
6           2           14477.556
6           3           10858.167
6           4           21716.333
7           1           30576.0
7           2           10192.0
7           3           7644.0
7           4           15288.0
8           1           28770.0
8           2           9590.0
8           3           7192.5
8           4           14385.0



bc(m) - Fixed investment cost for machine m.


1           17085.927799378514
2           915.1201104699958
3           2311.6919821240017
4           7988.903608868965



ca(m, t) - The available capacity of machine m in period t.


1           1           160.44339629629633
1           2           160.44339629629633
1           3           160.44339629629633
1           4           160.44339629629633
1           5           160.44339629629633
1           6           160.44339629629633
2           1           160.44339629629633
2           2           160.44339629629633
2           3           160.44339629629633
2           4           160.44339629629633
2           5           160.44339629629633
2           6           160.44339629629633
3           1           160.44339629629633
3           2           160.44339629629633
3           3           160.44339629629633
3           4           160.44339629629633
3           5           160.44339629629633
3           6           160.44339629629633
4           1           160.44339629629633
4           2           160.44339629629633
4           3           160.44339629629633
4           4           160.44339629629633
4           5           160.44339629629633
4           6           160.44339629629633



em(t) - The limits of carbon emissions in period t.


1           931.4395222222223
2           931.4395222222223
3           931.4395222222223
4           931.4395222222223
5           931.4395222222223
6           931.4395222222223
