Information for the currently-owned machines and the machines that may be purchased: if 1, the machine can be purchased, otherwise currently-owned.


1           0.0
2           0.0
3           0.0
4           1.0



item_machine_arc(j, m) - The relationship arc between item j and machine m, i.e., machine m is capable of producing item j if item_machine_arc(j, m) = 1.


1           1           1.0
1           2           1.0
1           3           1.0
1           4           1.0
2           1           1.0
2           2           1.0
2           3           1.0
2           4           1.0
3           1           0.0
3           2           1.0
3           3           0.0
3           4           0.0
4           1           0.0
4           2           1.0
4           3           0.0
4           4           0.0
5           1           1.0
5           2           1.0
5           3           1.0
5           4           1.0
6           1           1.0
6           2           1.0
6           3           1.0
6           4           1.0
7           1           1.0
7           2           1.0
7           3           1.0
7           4           1.0
8           1           0.0
8           2           0.0
8           3           1.0
8           4           0.0



d(j, t) - Gross demand for item j in period t.


1           1           31
1           2           49
1           3           34
1           4           50
1           5           42
1           6           40
2           1           41
2           2           40
2           3           36
2           4           37
2           5           35
2           6           36
3           1           42
3           2           42
3           3           42
3           4           30
3           5           48
3           6           34
4           1           42
4           2           39
4           3           40
4           4           34
4           5           37
4           6           39
5           1           33
5           2           42
5           3           44
5           4           43
5           5           48
5           6           41
6           1           37
6           2           47
6           3           38
6           4           40
6           5           43
6           6           38
7           1           39
7           2           31
7           3           30
7           4           43
7           5           35
7           6           47
8           1           44
8           2           35
8           3           38
8           4           39
8           5           50
8           6           50



pt(j, m) - Time required to produce one unit of item j on machine m. The production time is period-independent.


1           1           0.66
1           2           0.947
1           3           0.654
1           4           1.058
2           1           1.217
2           2           0.509
2           3           1.463
2           4           0.68
3           1           1.371
3           2           1.07
3           3           0.724
3           4           0.51
4           1           1.193
4           2           0.521
4           3           0.951
4           4           1.416
5           1           0.918
5           2           0.895
5           3           0.998
5           4           1.324
6           1           0.998
6           2           1.312
6           3           1.224
6           4           0.923
7           1           1.103
7           2           0.997
7           3           0.777
7           4           0.584
8           1           0.911
8           2           0.572
8           3           0.6
8           4           0.855



pc(j, m) - Variable costs of producing one unit of item j on machine m. The production cost is period-independent.


1           1           3.645
1           2           4.297
1           3           2.332
1           4           7.634
2           1           3.339
2           2           3.174
2           3           1.85
2           4           9.785
3           1           2.47
3           2           3.424
3           3           1.346
3           4           10.398
4           1           1.598
4           2           3.86
4           3           1.093
4           4           4.769
5           1           2.316
5           2           5.801
5           3           2.103
5           4           5.889
6           1           3.707
6           2           2.502
6           3           1.543
6           4           5.752
7           1           2.338
7           2           2.876
7           3           1.404
7           4           7.052
8           1           1.948
8           2           2.662
8           3           1.634
8           4           8.105



pe(j, m) - Production emission for producing one unit of item j on machine m. The production emission is period-independent.


1           1           0.59
1           2           0.391
1           3           0.243
1           4           0.081
2           1           0.335
2           2           0.167
2           3           0.427
2           4           0.13
3           1           0.165
3           2           0.494
3           3           0.219
3           4           0.117
4           1           0.528
4           2           0.316
4           3           0.353
4           4           0.246
5           1           0.422
5           2           0.268
5           3           0.997
5           4           0.227
6           1           0.403
6           2           0.493
6           3           0.432
6           4           0.08
7           1           0.207
7           2           0.392
7           3           0.991
7           4           0.233
8           1           0.675
8           2           0.366
8           3           0.708
8           4           0.198



hc(j) - Inventory-holding costs for one unit of item j for one period.


1           0.242
2           0.209
3           0.245
4           0.106
5           0.297
6           0.145
7           0.259
8           0.145



st(j, m) - Setup times for producing a lot of item j on machine m. The setup times are period-independent.


1           1           79.156
1           2           51.179
1           3           78.585
1           4           54.594
2           1           92.778
2           2           71.25
2           3           76.657
2           4           47.825
3           1           28.607
3           2           85.587
3           3           67.121
3           4           69.621
4           1           41.173
4           2           51.503
4           3           65.567
4           4           57.922
5           1           96.864
5           2           66.257
5           3           71.588
5           4           47.474
6           1           36.114
6           2           71.984
6           3           93.712
6           4           42.909
7           1           28.095
7           2           41.752
7           3           64.63
7           4           97.194
8           1           79.519
8           2           84.213
8           3           37.103
8           4           76.896



se(j, m) - Setup emission for producing a lot of item j on machine m. The setup emission are period-independent.


1           1           10.007
1           2           8.431
1           3           22.982
1           4           8.144
2           1           25.988
2           2           13.968
2           3           18.017
2           4           3.144
3           1           8.393
3           2           9.787
3           3           10.249
3           4           3.487
4           1           20.654
4           2           18.68
4           3           12.439
4           4           8.256
5           1           15.729
5           2           13.019
5           3           28.087
5           4           7.323
6           1           26.247
6           2           5.376
6           3           28.566
6           4           6.904
7           1           16.477
7           2           17.014
7           3           18.016
7           4           4.611
8           1           11.807
8           2           13.17
8           3           24.64
8           4           9.93



sc(j, m) - Setup costs for producing a lot of item j on machine m. The setup costs are period-independent.


1           1           18521.067
1           2           27781.6
1           3           13890.8
1           4           55563.2
2           1           14630.0
2           2           21945.0
2           3           10972.5
2           4           43890.0
3           1           18140.889
3           2           27211.333
3           3           13605.667
3           4           54422.667
4           1           7617.867
4           2           11426.8
4           3           5713.4
4           4           22853.6
5           1           23192.4
5           2           34788.6
5           3           17394.3
5           4           69577.2
6           1           10962.0
6           2           16443.0
6           3           8221.5
6           4           32886.0
7           1           18130.0
7           2           27195.0
7           3           13597.5
7           4           54390.0
8           1           11548.444
8           2           17322.667
8           3           8661.333
8           4           34645.333



bc(m) - Fixed investment cost for machine m.


1           3216.218173597925
2           9720.288037338825
3           4344.038036828783
4           16093.82140736509



ca(m, t) - The available capacity of machine m in period t.


1           1           272.1353463888889
1           2           272.1353463888889
1           3           272.1353463888889
1           4           272.1353463888889
1           5           272.1353463888889
1           6           272.1353463888889
2           1           272.1353463888889
2           2           272.1353463888889
2           3           272.1353463888889
2           4           272.1353463888889
2           5           272.1353463888889
2           6           272.1353463888889
3           1           272.1353463888889
3           2           272.1353463888889
3           3           272.1353463888889
3           4           272.1353463888889
3           5           272.1353463888889
3           6           272.1353463888889
4           1           272.1353463888889
4           2           272.1353463888889
4           3           272.1353463888889
4           4           272.1353463888889
4           5           272.1353463888889
4           6           272.1353463888889



em(t) - The limits of carbon emissions in period t.


1           280.62626666666665
2           280.62626666666665
3           280.62626666666665
4           280.62626666666665
5           280.62626666666665
6           280.62626666666665
