Information for the currently-owned machines and the machines that may be purchased: if 1, the machine can be purchased, otherwise currently-owned.


1           0.0
2           0.0
3           1.0
4           0.0



item_machine_arc(j, m) - The relationship arc between item j and machine m, i.e., machine m is capable of producing item j if item_machine_arc(j, m) = 1.


1           1           1.0
1           2           1.0
1           3           1.0
1           4           1.0
2           1           0.0
2           2           0.0
2           3           1.0
2           4           0.0
3           1           1.0
3           2           0.0
3           3           0.0
3           4           1.0
4           1           1.0
4           2           1.0
4           3           1.0
4           4           1.0
5           1           1.0
5           2           1.0
5           3           1.0
5           4           1.0
6           1           0.0
6           2           1.0
6           3           1.0
6           4           0.0
7           1           1.0
7           2           0.0
7           3           0.0
7           4           1.0
8           1           0.0
8           2           1.0
8           3           0.0
8           4           0.0



d(j, t) - Gross demand for item j in period t.


1           1           49
1           2           45
1           3           30
1           4           32
1           5           36
1           6           36
2           1           48
2           2           39
2           3           44
2           4           46
2           5           44
2           6           44
3           1           49
3           2           43
3           3           39
3           4           41
3           5           32
3           6           35
4           1           39
4           2           41
4           3           43
4           4           48
4           5           35
4           6           39
5           1           33
5           2           40
5           3           36
5           4           49
5           5           50
5           6           40
6           1           31
6           2           31
6           3           40
6           4           37
6           5           50
6           6           45
7           1           45
7           2           41
7           3           32
7           4           39
7           5           34
7           6           43
8           1           47
8           2           45
8           3           41
8           4           48
8           5           41
8           6           41



pt(j, m) - Time required to produce one unit of item j on machine m. The production time is period-independent.


1           1           0.694
1           2           0.643
1           3           0.686
1           4           1.184
2           1           1.052
2           2           0.809
2           3           0.951
2           4           1.045
3           1           1.053
3           2           0.876
3           3           0.838
3           4           1.343
4           1           0.832
4           2           1.292
4           3           0.845
4           4           0.508
5           1           0.959
5           2           1.047
5           3           0.748
5           4           1.227
6           1           1.037
6           2           1.023
6           3           1.38
6           4           0.902
7           1           0.972
7           2           1.045
7           3           1.371
7           4           1.323
8           1           0.796
8           2           1.261
8           3           1.305
8           4           0.824



pc(j, m) - Variable costs of producing one unit of item j on machine m. The production cost is period-independent.


1           1           3.47
1           2           1.329
1           3           6.903
1           4           2.782
2           1           2.057
2           2           1.19
2           3           10.838
2           4           5.255
3           1           1.733
3           2           2.401
3           3           11.436
3           4           5.864
4           1           2.97
4           2           1.197
4           3           4.626
4           4           2.579
5           1           3.522
5           2           1.519
5           3           6.232
5           4           2.673
6           1           2.812
6           2           1.019
6           3           6.459
6           4           4.812
7           1           2.615
7           2           2.962
7           3           5.829
7           4           4.965
8           1           1.543
8           2           2.641
8           3           10.121
8           4           4.113



pe(j, m) - Production emission for producing one unit of item j on machine m. The production emission is period-independent.


1           1           1.949
1           2           1.815
1           3           1.177
1           4           1.887
2           1           3.645
2           2           4.041
2           3           0.29
2           4           1.074
3           1           3.605
3           2           3.223
3           3           0.626
3           4           0.595
4           1           0.959
4           2           3.688
4           3           1.101
4           4           2.17
5           1           3.23
5           2           4.496
5           3           0.268
5           4           2.417
6           1           1.912
6           2           2.152
6           3           0.75
6           4           2.494
7           1           1.029
7           2           3.375
7           3           0.951
7           4           1.69
8           1           3.005
8           2           1.333
8           3           0.473
8           4           1.909



hc(j) - Inventory-holding costs for one unit of item j for one period.


1           0.265
2           0.211
3           0.267
4           0.159
5           0.144
6           0.109
7           0.219
8           0.127



st(j, m) - Setup times for producing a lot of item j on machine m. The setup times are period-independent.


1           1           69.025
1           2           45.513
1           3           96.154
1           4           72.941
2           1           61.861
2           2           72.727
2           3           55.71
2           4           81.996
3           1           56.443
3           2           25.37
3           3           56.256
3           4           63.495
4           1           37.687
4           2           74.257
4           3           26.912
4           4           64.44
5           1           33.63
5           2           28.697
5           3           83.974
5           4           34.991
6           1           69.663
6           2           78.324
6           3           27.812
6           4           98.832
7           1           63.558
7           2           47.766
7           3           67.594
7           4           26.134
8           1           48.503
8           2           79.841
8           3           70.12
8           4           36.915



se(j, m) - Setup emission for producing a lot of item j on machine m. The setup emission are period-independent.


1           1           15.668
1           2           11.955
1           3           2.561
1           4           16.187
2           1           18.814
2           2           25.852
2           3           5.663
2           4           16.984
3           1           10.0
3           2           16.644
3           3           7.706
3           4           13.474
4           1           11.682
4           2           18.478
4           3           4.935
4           4           8.116
5           1           29.241
5           2           12.685
5           3           4.743
5           4           12.42
6           1           16.759
6           2           32.142
6           3           9.451
6           4           16.457
7           1           12.875
7           2           38.172
7           3           7.698
7           4           10.736
8           1           20.238
8           2           23.535
8           3           3.218
8           4           13.666



sc(j, m) - Setup costs for producing a lot of item j on machine m. The setup costs are period-independent.


1           1           18797.333
1           2           14098.0
1           3           56392.0
1           4           28196.0
2           1           17395.778
2           2           13046.833
2           3           52187.333
2           4           26093.667
3           1           19852.933
3           2           14889.7
3           3           59558.8
3           4           29779.4
4           1           12119.333
4           2           9089.5
4           3           36358.0
4           4           18179.0
5           1           11110.4
5           2           8332.8
5           3           33331.2
5           4           16665.6
6           1           7935.2
6           2           5951.4
6           3           23805.6
6           4           11902.8
7           1           15943.2
7           2           11957.4
7           3           47829.6
7           4           23914.8
8           1           10391.422
8           2           7793.567
8           3           31174.267
8           4           15587.133



bc(m) - Fixed investment cost for machine m.


1           2267.872619073203
2           1578.2292659082864
3           5529.9121555210395
4           9746.802142443139



ca(m, t) - The available capacity of machine m in period t.


1           1           267.8434111111111
1           2           267.8434111111111
1           3           267.8434111111111
1           4           267.8434111111111
1           5           267.8434111111111
1           6           267.8434111111111
2           1           267.8434111111111
2           2           267.8434111111111
2           3           267.8434111111111
2           4           267.8434111111111
2           5           267.8434111111111
2           6           267.8434111111111
3           1           267.8434111111111
3           2           267.8434111111111
3           3           267.8434111111111
3           4           267.8434111111111
3           5           267.8434111111111
3           6           267.8434111111111
4           1           267.8434111111111
4           2           267.8434111111111
4           3           267.8434111111111
4           4           267.8434111111111
4           5           267.8434111111111
4           6           267.8434111111111



em(t) - The limits of carbon emissions in period t.


1           882.6139758333333
2           882.6139758333333
3           882.6139758333333
4           882.6139758333333
5           882.6139758333333
6           882.6139758333333
