Information for the currently-owned machines and the machines that may be purchased: if 1, the machine can be purchased, otherwise currently-owned.


1           0.0
2           0.0
3           1.0
4           0.0



item_machine_arc(j, m) - The relationship arc between item j and machine m, i.e., machine m is capable of producing item j if item_machine_arc(j, m) = 1.


1           1           1.0
1           2           0.0
1           3           1.0
1           4           1.0
2           1           1.0
2           2           0.0
2           3           0.0
2           4           1.0
3           1           0.0
3           2           1.0
3           3           1.0
3           4           1.0
4           1           0.0
4           2           0.0
4           3           1.0
4           4           0.0
5           1           1.0
5           2           0.0
5           3           1.0
5           4           0.0
6           1           1.0
6           2           0.0
6           3           0.0
6           4           1.0
7           1           1.0
7           2           1.0
7           3           0.0
7           4           0.0
8           1           0.0
8           2           1.0
8           3           0.0
8           4           0.0



d(j, t) - Gross demand for item j in period t.


1           1           33
1           2           41
1           3           32
1           4           48
1           5           45
1           6           48
2           1           35
2           2           48
2           3           38
2           4           48
2           5           45
2           6           35
3           1           31
3           2           46
3           3           40
3           4           46
3           5           44
3           6           30
4           1           39
4           2           30
4           3           42
4           4           37
4           5           45
4           6           40
5           1           37
5           2           34
5           3           45
5           4           39
5           5           33
5           6           37
6           1           39
6           2           48
6           3           48
6           4           42
6           5           39
6           6           37
7           1           45
7           2           46
7           3           33
7           4           37
7           5           31
7           6           44
8           1           48
8           2           50
8           3           45
8           4           49
8           5           50
8           6           44



pt(j, m) - Time required to produce one unit of item j on machine m. The production time is period-independent.


1           1           0.58
1           2           1.118
1           3           1.105
1           4           1.089
2           1           1.257
2           2           0.808
2           3           1.33
2           4           1.276
3           1           0.65
3           2           1.369
3           3           1.103
3           4           0.913
4           1           0.982
4           2           1.367
4           3           1.428
4           4           0.756
5           1           0.601
5           2           0.62
5           3           1.175
5           4           0.636
6           1           0.99
6           2           1.434
6           3           1.116
6           4           0.982
7           1           0.845
7           2           0.565
7           3           0.975
7           4           1.279
8           1           1.12
8           2           1.474
8           3           0.824
8           4           0.907



pc(j, m) - Variable costs of producing one unit of item j on machine m. The production cost is period-independent.


1           1           4.475
1           2           2.764
1           3           1.724
1           4           2.414
2           1           11.629
2           2           2.413
2           3           1.367
2           4           2.42
3           1           6.093
3           2           2.306
3           3           3.715
3           4           1.009
4           1           11.56
4           2           5.009
4           3           3.568
4           4           1.061
5           1           7.228
5           2           3.965
5           3           3.698
5           4           1.113
6           1           4.326
6           2           4.059
6           3           1.917
6           4           1.424
7           1           10.506
7           2           2.423
7           3           2.207
7           4           2.816
8           1           9.73
8           2           2.286
8           3           2.566
8           4           2.784



pe(j, m) - Production emission for producing one unit of item j on machine m. The production emission is period-independent.


1           1           0.262
1           2           2.064
1           3           2.227
1           4           1.773
2           1           0.687
2           2           1.198
2           3           2.616
2           4           4.057
3           1           0.816
3           2           0.921
3           3           1.639
3           4           4.799
4           1           0.553
4           2           2.374
4           3           2.696
4           4           3.261
5           1           1.031
5           2           0.966
5           3           2.209
5           4           3.682
6           1           0.883
6           2           1.187
6           3           1.766
6           4           3.426
7           1           0.924
7           2           2.363
7           3           1.145
7           4           1.624
8           1           0.548
8           2           1.65
8           3           2.51
8           4           4.944



hc(j) - Inventory-holding costs for one unit of item j for one period.


1           0.275
2           0.17
3           0.238
4           0.203
5           0.112
6           0.105
7           0.217
8           0.158



st(j, m) - Setup times for producing a lot of item j on machine m. The setup times are period-independent.


1           1           14.018
1           2           18.137
1           3           14.066
1           4           17.311
2           1           8.499
2           2           10.305
2           3           13.576
2           4           6.747
3           1           13.037
3           2           12.892
3           3           10.238
3           4           17.853
4           1           12.7
4           2           17.892
4           3           5.318
4           4           17.045
5           1           10.683
5           2           11.91
5           3           9.793
5           4           14.536
6           1           17.727
6           2           15.639
6           3           17.263
6           4           6.552
7           1           17.365
7           2           7.955
7           3           7.531
7           4           5.286
8           1           19.067
8           2           19.306
8           3           9.081
8           4           8.257



se(j, m) - Setup emission for producing a lot of item j on machine m. The setup emission are period-independent.


1           1           5.68
1           2           11.166
1           3           26.327
1           4           17.232
2           1           6.35
2           2           7.925
2           3           8.198
2           4           36.411
3           1           9.643
3           2           11.064
3           3           20.184
3           4           37.272
4           1           4.12
4           2           13.397
4           3           7.724
4           4           37.726
5           1           4.206
5           2           5.447
5           3           26.65
5           4           33.494
6           1           5.444
6           2           7.279
6           3           13.07
6           4           34.234
7           1           8.193
7           2           9.643
7           3           12.814
7           4           11.405
8           1           3.928
8           2           9.321
8           3           19.249
8           4           23.262



sc(j, m) - Setup costs for producing a lot of item j on machine m. The setup costs are period-independent.


1           1           63396.667
1           2           31698.333
1           3           21132.222
1           4           15849.167
2           1           39508.0
2           2           19754.0
2           3           13169.333
2           4           9877.0
3           1           52645.6
3           2           26322.8
3           3           17548.533
3           4           13161.4
4           1           44145.733
4           2           22072.867
4           3           14715.244
4           4           11036.433
5           1           23520.0
5           2           11760.0
5           3           7840.0
5           4           5880.0
6           1           24794.0
6           2           12397.0
6           3           8264.667
6           4           6198.5
7           1           47797.867
7           2           23898.933
7           3           15932.622
7           4           11949.467
8           1           42175.467
8           2           21087.733
8           3           14058.489
8           4           10543.867



bc(m) - Fixed investment cost for machine m.


1           19453.205134616288
2           1362.1733473356935
3           762.7869952752286
4           3557.653585948925



ca(m, t) - The available capacity of machine m in period t.


1           1           192.05850740740743
1           2           192.05850740740743
1           3           192.05850740740743
1           4           192.05850740740743
1           5           192.05850740740743
1           6           192.05850740740743
2           1           192.05850740740743
2           2           192.05850740740743
2           3           192.05850740740743
2           4           192.05850740740743
2           5           192.05850740740743
2           6           192.05850740740743
3           1           192.05850740740743
3           2           192.05850740740743
3           3           192.05850740740743
3           4           192.05850740740743
3           5           192.05850740740743
3           6           192.05850740740743
4           1           192.05850740740743
4           2           192.05850740740743
4           3           192.05850740740743
4           4           192.05850740740743
4           5           192.05850740740743
4           6           192.05850740740743



em(t) - The limits of carbon emissions in period t.


1           1000.0682222222222
2           1000.0682222222222
3           1000.0682222222222
4           1000.0682222222222
5           1000.0682222222222
6           1000.0682222222222
