Information for the currently-owned machines and the machines that may be purchased: if 1, the machine can be purchased, otherwise currently-owned.


1           0.0
2           1.0
3           0.0
4           0.0



item_machine_arc(j, m) - The relationship arc between item j and machine m, i.e., machine m is capable of producing item j if item_machine_arc(j, m) = 1.


1           1           1.0
1           2           1.0
1           3           1.0
1           4           1.0
2           1           0.0
2           2           0.0
2           3           0.0
2           4           1.0
3           1           1.0
3           2           1.0
3           3           0.0
3           4           1.0
4           1           1.0
4           2           0.0
4           3           1.0
4           4           1.0
5           1           1.0
5           2           1.0
5           3           1.0
5           4           1.0
6           1           1.0
6           2           1.0
6           3           1.0
6           4           1.0
7           1           0.0
7           2           0.0
7           3           1.0
7           4           1.0
8           1           1.0
8           2           1.0
8           3           1.0
8           4           1.0



d(j, t) - Gross demand for item j in period t.


1           1           43
1           2           40
1           3           34
1           4           42
1           5           44
1           6           35
2           1           30
2           2           42
2           3           43
2           4           30
2           5           46
2           6           41
3           1           34
3           2           38
3           3           49
3           4           45
3           5           48
3           6           32
4           1           48
4           2           39
4           3           41
4           4           47
4           5           39
4           6           43
5           1           45
5           2           46
5           3           40
5           4           33
5           5           49
5           6           37
6           1           43
6           2           50
6           3           34
6           4           40
6           5           37
6           6           31
7           1           34
7           2           39
7           3           46
7           4           35
7           5           49
7           6           40
8           1           42
8           2           46
8           3           42
8           4           46
8           5           40
8           6           35



pt(j, m) - Time required to produce one unit of item j on machine m. The production time is period-independent.


1           1           1.244
1           2           0.908
1           3           0.529
1           4           1.19
2           1           0.996
2           2           0.529
2           3           0.63
2           4           1.382
3           1           0.764
3           2           0.585
3           3           0.913
3           4           1.141
4           1           1.142
4           2           1.424
4           3           0.823
4           4           0.772
5           1           1.063
5           2           1.229
5           3           1.161
5           4           1.154
6           1           1.174
6           2           0.642
6           3           0.792
6           4           0.638
7           1           0.568
7           2           0.652
7           3           0.864
7           4           0.843
8           1           0.768
8           2           0.685
8           3           1.373
8           4           0.708



pc(j, m) - Variable costs of producing one unit of item j on machine m. The production cost is period-independent.


1           1           3.235
1           2           2.595
1           3           8.697
1           4           2.134
2           1           2.606
2           2           1.432
2           3           7.484
2           4           1.771
3           1           3.561
3           2           2.624
3           3           10.946
3           4           1.144
4           1           3.475
4           2           2.24
4           3           6.811
4           4           1.795
5           1           3.663
5           2           2.843
5           3           10.502
5           4           2.3
6           1           5.538
6           2           3.078
6           3           6.693
6           4           1.244
7           1           3.143
7           2           1.363
7           3           10.168
7           4           1.173
8           1           5.74
8           2           2.809
8           3           8.894
8           4           2.96



pe(j, m) - Production emission for producing one unit of item j on machine m. The production emission is period-independent.


1           1           0.331
1           2           0.248
1           3           0.157
1           4           0.85
2           1           0.116
2           2           0.746
2           3           0.061
2           4           0.28
3           1           0.46
3           2           0.575
3           3           0.064
3           4           0.711
4           1           0.35
4           2           0.513
4           3           0.061
4           4           0.271
5           1           0.422
5           2           0.541
5           3           0.14
5           4           0.955
6           1           0.18
6           2           0.425
6           3           0.126
6           4           0.328
7           1           0.212
7           2           0.716
7           3           0.135
7           4           0.357
8           1           0.312
8           2           0.549
8           3           0.217
8           4           0.91



hc(j) - Inventory-holding costs for one unit of item j for one period.


1           0.16
2           0.198
3           0.134
4           0.259
5           0.182
6           0.27
7           0.103
8           0.104



st(j, m) - Setup times for producing a lot of item j on machine m. The setup times are period-independent.


1           1           6.142
1           2           10.772
1           3           17.551
1           4           18.937
2           1           6.928
2           2           14.053
2           3           9.938
2           4           17.658
3           1           7.085
3           2           9.498
3           3           10.251
3           4           8.35
4           1           10.754
4           2           19.862
4           3           16.542
4           4           14.018
5           1           14.501
5           2           9.505
5           3           12.904
5           4           14.782
6           1           14.179
6           2           11.723
6           3           7.562
6           4           9.804
7           1           17.92
7           2           16.563
7           3           9.391
7           4           18.278
8           1           8.378
8           2           13.72
8           3           18.04
8           4           12.567



se(j, m) - Setup emission for producing a lot of item j on machine m. The setup emission are period-independent.


1           1           39.366
1           2           47.094
1           3           31.407
1           4           111.355
2           1           82.326
2           2           101.289
2           3           48.6
2           4           89.405
3           1           76.915
3           2           43.091
3           3           19.712
3           4           68.636
4           1           83.408
4           2           74.124
4           3           26.928
4           4           160.999
5           1           41.805
5           2           56.388
5           3           15.93
5           4           160.411
6           1           60.66
6           2           103.308
6           3           41.803
6           4           120.676
7           1           36.148
7           2           59.077
7           3           45.746
7           4           76.225
8           1           77.86
8           2           88.496
8           3           21.087
8           4           53.893



sc(j, m) - Setup costs for producing a lot of item j on machine m. The setup costs are period-independent.


1           1           17770.667
1           2           11847.111
1           3           35541.333
1           4           8885.333
2           1           21436.8
2           2           14291.2
2           3           42873.6
2           4           10718.4
3           1           15383.2
3           2           10255.467
3           3           30766.4
3           4           7691.6
4           1           31062.733
4           2           20708.489
4           3           62125.467
4           4           15531.367
5           1           21233.333
5           2           14155.556
5           3           42466.667
5           4           10616.667
6           1           29610.0
6           2           19740.0
6           3           59220.0
6           4           14805.0
7           1           11680.2
7           2           7786.8
7           3           23360.4
7           4           5840.1
8           1           12181.867
8           2           8121.244
8           3           24363.733
8           4           6090.933



bc(m) - Fixed investment cost for machine m.


1           9515.47792009282
2           4019.3487512388697
3           1712.981988982265
4           301.5367224168847



ca(m, t) - The available capacity of machine m in period t.


1           1           188.98554175925923
1           2           188.98554175925923
1           3           188.98554175925923
1           4           188.98554175925923
1           5           188.98554175925923
1           6           188.98554175925923
2           1           188.98554175925923
2           2           188.98554175925923
2           3           188.98554175925923
2           4           188.98554175925923
2           5           188.98554175925923
2           6           188.98554175925923
3           1           188.98554175925923
3           2           188.98554175925923
3           3           188.98554175925923
3           4           188.98554175925923
3           5           188.98554175925923
3           6           188.98554175925923
4           1           188.98554175925923
4           2           188.98554175925923
4           3           188.98554175925923
4           4           188.98554175925923
4           5           188.98554175925923
4           6           188.98554175925923



em(t) - The limits of carbon emissions in period t.


1           629.1137844444445
2           629.1137844444445
3           629.1137844444445
4           629.1137844444445
5           629.1137844444445
6           629.1137844444445
