Information for the currently-owned machines and the machines that may be purchased: if 1, the machine can be purchased, otherwise currently-owned.


1           1.0
2           0.0
3           0.0
4           0.0



item_machine_arc(j, m) - The relationship arc between item j and machine m, i.e., machine m is capable of producing item j if item_machine_arc(j, m) = 1.


1           1           1.0
1           2           0.0
1           3           0.0
1           4           0.0
2           1           0.0
2           2           0.0
2           3           0.0
2           4           1.0
3           1           1.0
3           2           0.0
3           3           0.0
3           4           0.0
4           1           1.0
4           2           0.0
4           3           0.0
4           4           1.0
5           1           0.0
5           2           1.0
5           3           0.0
5           4           0.0
6           1           0.0
6           2           1.0
6           3           1.0
6           4           1.0
7           1           1.0
7           2           1.0
7           3           0.0
7           4           1.0
8           1           1.0
8           2           1.0
8           3           1.0
8           4           1.0



d(j, t) - Gross demand for item j in period t.


1           1           34
1           2           37
1           3           44
1           4           37
1           5           30
1           6           43
2           1           35
2           2           37
2           3           47
2           4           48
2           5           32
2           6           39
3           1           37
3           2           36
3           3           41
3           4           43
3           5           32
3           6           35
4           1           36
4           2           36
4           3           40
4           4           50
4           5           50
4           6           47
5           1           36
5           2           45
5           3           42
5           4           41
5           5           43
5           6           44
6           1           47
6           2           49
6           3           31
6           4           31
6           5           35
6           6           37
7           1           30
7           2           35
7           3           36
7           4           38
7           5           34
7           6           49
8           1           45
8           2           39
8           3           49
8           4           33
8           5           43
8           6           43



pt(j, m) - Time required to produce one unit of item j on machine m. The production time is period-independent.


1           1           0.593
1           2           1.345
1           3           0.61
1           4           1.132
2           1           1.348
2           2           0.506
2           3           1.198
2           4           0.742
3           1           1.041
3           2           1.369
3           3           1.409
3           4           1.31
4           1           0.511
4           2           0.898
4           3           0.79
4           4           0.905
5           1           0.625
5           2           0.901
5           3           1.485
5           4           1.42
6           1           1.102
6           2           1.317
6           3           0.703
6           4           1.219
7           1           0.799
7           2           1.124
7           3           0.525
7           4           1.353
8           1           0.849
8           2           0.556
8           3           1.467
8           4           0.854



pc(j, m) - Variable costs of producing one unit of item j on machine m. The production cost is period-independent.


1           1           4.746
1           2           8.411
1           3           1.978
1           4           1.855
2           1           2.226
2           2           4.733
2           3           1.742
2           4           3.033
3           1           4.522
3           2           7.486
3           3           2.661
3           4           2.199
4           1           5.207
4           2           11.887
4           3           1.421
4           4           3.648
5           1           5.189
5           2           4.586
5           3           2.886
5           4           2.71
6           1           4.202
6           2           9.874
6           3           2.119
6           4           3.267
7           1           5.807
7           2           11.188
7           3           2.748
7           4           2.976
8           1           5.285
8           2           9.192
8           3           1.063
8           4           3.971



pe(j, m) - Production emission for producing one unit of item j on machine m. The production emission is period-independent.


1           1           2.303
1           2           0.853
1           3           3.616
1           4           1.699
2           1           0.563
2           2           0.496
2           3           4.494
2           4           3.673
3           1           0.687
3           2           0.98
3           3           3.381
3           4           2.5
4           1           0.542
4           2           0.655
4           3           1.697
4           4           2.928
5           1           1.496
5           2           0.43
5           3           4.669
5           4           0.769
6           1           1.473
6           2           1.072
6           3           1.073
6           4           1.315
7           1           2.375
7           2           0.803
7           3           4.875
7           4           2.154
8           1           0.742
8           2           1.233
8           3           3.998
8           4           1.026



hc(j) - Inventory-holding costs for one unit of item j for one period.


1           0.196
2           0.137
3           0.122
4           0.262
5           0.123
6           0.15
7           0.189
8           0.165



st(j, m) - Setup times for producing a lot of item j on machine m. The setup times are period-independent.


1           1           8.334
1           2           9.286
1           3           15.123
1           4           11.655
2           1           15.318
2           2           9.427
2           3           18.6
2           4           12.768
3           1           11.763
3           2           15.867
3           3           18.845
3           4           9.001
4           1           10.267
4           2           12.267
4           3           19.768
4           4           14.03
5           1           13.585
5           2           12.304
5           3           5.21
5           4           13.433
6           1           17.092
6           2           8.318
6           3           14.311
6           4           10.378
7           1           7.654
7           2           15.815
7           3           18.238
7           4           8.748
8           1           14.232
8           2           19.903
8           3           13.366
8           4           6.952



se(j, m) - Setup emission for producing a lot of item j on machine m. The setup emission are period-independent.


1           1           71.952
1           2           15.636
1           3           132.283
1           4           112.016
2           1           96.587
2           2           21.598
2           3           186.041
2           4           104.403
3           1           63.488
3           2           25.846
3           3           161.985
3           4           88.829
4           1           86.841
4           2           47.365
4           3           76.077
4           4           113.323
5           1           26.031
5           2           48.7
5           3           115.793
5           4           73.399
6           1           49.193
6           2           26.072
6           3           135.186
6           4           40.507
7           1           70.163
7           2           26.332
7           3           195.371
7           4           45.28
8           1           41.614
8           2           29.863
8           3           108.03
8           4           111.732



sc(j, m) - Setup costs for producing a lot of item j on machine m. The setup costs are period-independent.


1           1           20580.0
1           2           41160.0
1           3           10290.0
1           4           13720.0
2           1           15216.133
2           2           30432.267
2           3           7608.067
2           4           10144.089
3           1           12753.067
3           2           25506.133
3           3           6376.533
3           4           8502.044
4           1           31667.067
4           2           63334.133
4           3           15833.533
4           4           21111.378
5           1           14407.4
5           2           28814.8
5           3           7203.7
5           4           9604.933
6           1           16100.0
6           2           32200.0
6           3           8050.0
6           4           10733.333
7           1           19580.4
7           2           39160.8
7           3           9790.2
7           4           13053.6
8           1           19404.0
8           2           38808.0
8           3           9702.0
8           4           12936.0



bc(m) - Fixed investment cost for machine m.


1           6834.634767311424
2           5228.377567147236
3           4741.795683418995
4           6131.5660708941305



ca(m, t) - The available capacity of machine m in period t.


1           1           167.3663087962963
1           2           167.3663087962963
1           3           167.3663087962963
1           4           167.3663087962963
1           5           167.3663087962963
1           6           167.3663087962963
2           1           167.3663087962963
2           2           167.3663087962963
2           3           167.3663087962963
2           4           167.3663087962963
2           5           167.3663087962963
2           6           167.3663087962963
3           1           167.3663087962963
3           2           167.3663087962963
3           3           167.3663087962963
3           4           167.3663087962963
3           5           167.3663087962963
3           6           167.3663087962963
4           1           167.3663087962963
4           2           167.3663087962963
4           3           167.3663087962963
4           4           167.3663087962963
4           5           167.3663087962963
4           6           167.3663087962963



em(t) - The limits of carbon emissions in period t.


1           1265.9179652777777
2           1265.9179652777777
3           1265.9179652777777
4           1265.9179652777777
5           1265.9179652777777
6           1265.9179652777777
