Information for the currently-owned machines and the machines that may be purchased: if 1, the machine can be purchased, otherwise currently-owned.


1           0.0
2           0.0
3           0.0
4           1.0



item_machine_arc(j, m) - The relationship arc between item j and machine m, i.e., machine m is capable of producing item j if item_machine_arc(j, m) = 1.


1           1           1.0
1           2           0.0
1           3           0.0
1           4           0.0
2           1           1.0
2           2           1.0
2           3           0.0
2           4           1.0
3           1           1.0
3           2           1.0
3           3           1.0
3           4           1.0
4           1           1.0
4           2           1.0
4           3           1.0
4           4           1.0
5           1           0.0
5           2           1.0
5           3           0.0
5           4           0.0
6           1           1.0
6           2           1.0
6           3           1.0
6           4           1.0
7           1           0.0
7           2           0.0
7           3           1.0
7           4           1.0
8           1           1.0
8           2           1.0
8           3           1.0
8           4           1.0



d(j, t) - Gross demand for item j in period t.


1           1           45
1           2           34
1           3           47
1           4           31
1           5           43
1           6           32
2           1           37
2           2           46
2           3           33
2           4           40
2           5           30
2           6           44
3           1           42
3           2           47
3           3           45
3           4           44
3           5           45
3           6           31
4           1           43
4           2           46
4           3           30
4           4           45
4           5           42
4           6           30
5           1           47
5           2           48
5           3           38
5           4           31
5           5           48
5           6           35
6           1           41
6           2           41
6           3           36
6           4           31
6           5           46
6           6           46
7           1           46
7           2           43
7           3           40
7           4           39
7           5           37
7           6           37
8           1           44
8           2           44
8           3           46
8           4           34
8           5           37
8           6           31



pt(j, m) - Time required to produce one unit of item j on machine m. The production time is period-independent.


1           1           0.972
1           2           1.316
1           3           1.325
1           4           1.048
2           1           0.806
2           2           0.61
2           3           0.927
2           4           1.342
3           1           1.42
3           2           1.369
3           3           1.153
3           4           0.981
4           1           1.146
4           2           1.304
4           3           0.643
4           4           1.32
5           1           0.627
5           2           1.031
5           3           0.991
5           4           1.454
6           1           0.782
6           2           0.814
6           3           1.264
6           4           1.024
7           1           1.451
7           2           0.885
7           3           1.445
7           4           1.398
8           1           1.32
8           2           1.38
8           3           1.019
8           4           1.127



pc(j, m) - Variable costs of producing one unit of item j on machine m. The production cost is period-independent.


1           1           11.818
1           2           2.52
1           3           2.656
1           4           2.046
2           1           8.042
2           2           2.264
2           3           2.387
2           4           5.416
3           1           11.606
3           2           2.905
3           3           1.087
3           4           3.998
4           1           8.746
4           2           3.196
4           3           1.561
4           4           4.881
5           1           8.063
5           2           3.909
5           3           2.889
5           4           3.332
6           1           9.717
6           2           2.925
6           3           2.741
6           4           5.464
7           1           8.995
7           2           2.959
7           3           1.4
7           4           2.637
8           1           8.252
8           2           2.721
8           3           2.157
8           4           2.393



pe(j, m) - Production emission for producing one unit of item j on machine m. The production emission is period-independent.


1           1           0.204
1           2           0.41
1           3           0.645
1           4           0.323
2           1           0.106
2           2           0.188
2           3           0.399
2           4           0.274
3           1           0.19
3           2           0.534
3           3           0.687
3           4           0.183
4           1           0.056
4           2           0.339
4           3           0.648
4           4           0.249
5           1           0.063
5           2           0.622
5           3           0.609
5           4           0.392
6           1           0.143
6           2           0.689
6           3           0.21
6           4           0.323
7           1           0.231
7           2           0.291
7           3           0.349
7           4           0.254
8           1           0.248
8           2           0.562
8           3           0.525
8           4           0.304



hc(j) - Inventory-holding costs for one unit of item j for one period.


1           0.232
2           0.208
3           0.115
4           0.281
5           0.127
6           0.207
7           0.169
8           0.236



st(j, m) - Setup times for producing a lot of item j on machine m. The setup times are period-independent.


1           1           26.221
1           2           88.064
1           3           28.177
1           4           79.098
2           1           41.42
2           2           45.451
2           3           53.278
2           4           85.268
3           1           30.293
3           2           62.554
3           3           43.475
3           4           93.085
4           1           36.271
4           2           47.75
4           3           93.785
4           4           25.329
5           1           38.769
5           2           88.814
5           3           89.095
5           4           91.621
6           1           98.567
6           2           30.403
6           3           49.79
6           4           70.239
7           1           33.285
7           2           35.919
7           3           60.772
7           4           48.958
8           1           69.9
8           2           95.009
8           3           37.998
8           4           76.228



se(j, m) - Setup emission for producing a lot of item j on machine m. The setup emission are period-independent.


1           1           44.575
1           2           148.022
1           3           166.265
1           4           38.796
2           1           39.868
2           2           59.999
2           3           91.206
2           4           90.713
3           1           45.444
3           2           110.327
3           3           55.435
3           4           53.073
4           1           21.5
4           2           134.329
4           3           165.801
4           4           93.551
5           1           44.151
5           2           118.702
5           3           66.529
5           4           76.41
6           1           32.053
6           2           52.525
6           3           120.409
6           4           86.642
7           1           13.93
7           2           46.076
7           3           150.877
7           4           90.795
8           1           17.408
8           2           137.221
8           3           184.476
8           4           41.391



sc(j, m) - Setup costs for producing a lot of item j on machine m. The setup costs are period-independent.


1           1           50235.733
1           2           16745.244
1           3           12558.933
1           4           25117.867
2           1           44650.667
2           2           14883.556
2           3           11162.667
2           4           22325.333
3           1           27262.667
3           2           9087.556
3           3           6815.667
3           4           13631.333
4           1           61894.933
4           2           20631.644
4           3           15473.733
4           4           30947.467
5           1           29277.733
5           2           9759.244
5           3           7319.433
5           4           14638.867
6           1           46561.2
6           2           15520.4
6           3           11640.3
6           4           23280.6
7           1           38171.467
7           2           12723.822
7           3           9542.867
7           4           19085.733
8           1           51982.933
8           2           17327.644
8           3           12995.733
8           4           25991.467



bc(m) - Fixed investment cost for machine m.


1           11145.67852961169
2           6544.551670697598
3           2020.3269129813784
4           7291.3794333383585



ca(m, t) - The available capacity of machine m in period t.


1           1           274.6223796296296
1           2           274.6223796296296
1           3           274.6223796296296
1           4           274.6223796296296
1           5           274.6223796296296
1           6           274.6223796296296
2           1           274.6223796296296
2           2           274.6223796296296
2           3           274.6223796296296
2           4           274.6223796296296
2           5           274.6223796296296
2           6           274.6223796296296
3           1           274.6223796296296
3           2           274.6223796296296
3           3           274.6223796296296
3           4           274.6223796296296
3           5           274.6223796296296
3           6           274.6223796296296
4           1           274.6223796296296
4           2           274.6223796296296
4           3           274.6223796296296
4           4           274.6223796296296
4           5           274.6223796296296
4           6           274.6223796296296



em(t) - The limits of carbon emissions in period t.


1           700.8202911111111
2           700.8202911111111
3           700.8202911111111
4           700.8202911111111
5           700.8202911111111
6           700.8202911111111
