Information for the currently-owned machines and the machines that may be purchased: if 1, the machine can be purchased, otherwise currently-owned.


1           0.0
2           1.0
3           0.0
4           0.0



item_machine_arc(j, m) - The relationship arc between item j and machine m, i.e., machine m is capable of producing item j if item_machine_arc(j, m) = 1.


1           1           0.0
1           2           1.0
1           3           0.0
1           4           1.0
2           1           0.0
2           2           1.0
2           3           0.0
2           4           0.0
3           1           0.0
3           2           0.0
3           3           0.0
3           4           1.0
4           1           0.0
4           2           1.0
4           3           0.0
4           4           1.0
5           1           0.0
5           2           1.0
5           3           0.0
5           4           0.0
6           1           1.0
6           2           0.0
6           3           0.0
6           4           0.0
7           1           1.0
7           2           1.0
7           3           0.0
7           4           1.0
8           1           1.0
8           2           1.0
8           3           0.0
8           4           1.0



d(j, t) - Gross demand for item j in period t.


1           1           34
1           2           33
1           3           40
1           4           40
1           5           44
1           6           34
2           1           33
2           2           49
2           3           33
2           4           32
2           5           48
2           6           34
3           1           42
3           2           40
3           3           38
3           4           31
3           5           31
3           6           42
4           1           47
4           2           33
4           3           38
4           4           43
4           5           46
4           6           39
5           1           36
5           2           46
5           3           46
5           4           44
5           5           30
5           6           45
6           1           33
6           2           34
6           3           35
6           4           40
6           5           30
6           6           42
7           1           33
7           2           37
7           3           50
7           4           37
7           5           37
7           6           42
8           1           34
8           2           38
8           3           30
8           4           36
8           5           36
8           6           49



pt(j, m) - Time required to produce one unit of item j on machine m. The production time is period-independent.


1           1           1.262
1           2           0.679
1           3           0.605
1           4           1.26
2           1           0.843
2           2           0.601
2           3           1.339
2           4           0.61
3           1           0.789
3           2           1.251
3           3           0.7
3           4           1.265
4           1           0.783
4           2           0.584
4           3           0.699
4           4           0.796
5           1           1.428
5           2           0.869
5           3           0.834
5           4           1.454
6           1           0.904
6           2           1.114
6           3           0.537
6           4           0.817
7           1           1.066
7           2           0.584
7           3           1.396
7           4           0.514
8           1           0.94
8           2           1.492
8           3           1.172
8           4           0.69



pc(j, m) - Variable costs of producing one unit of item j on machine m. The production cost is period-independent.


1           1           3.893
1           2           4.071
1           3           2.5
1           4           3.002
2           1           2.243
2           2           4.176
2           3           2.451
2           4           3.489
3           1           2.22
3           2           6.291
3           3           1.439
3           4           3.689
4           1           1.862
4           2           5.417
4           3           2.856
4           4           2.328
5           1           2.527
5           2           5.263
5           3           2.605
5           4           4.758
6           1           3.987
6           2           5.87
6           3           2.016
6           4           4.679
7           1           3.944
7           2           11.159
7           3           2.713
7           4           5.957
8           1           1.673
8           2           4.412
8           3           2.7
8           4           2.996



pe(j, m) - Production emission for producing one unit of item j on machine m. The production emission is period-independent.


1           1           2.487
1           2           1.047
1           3           2.178
1           4           1.763
2           1           0.755
2           2           0.605
2           3           3.411
2           4           1.373
3           1           2.562
3           2           1.103
3           3           3.162
3           4           2.145
4           1           3.67
4           2           0.868
4           3           3.112
4           4           0.846
5           1           2.922
5           2           0.943
5           3           1.582
5           4           1.315
6           1           1.497
6           2           1.156
6           3           3.97
6           4           2.053
7           1           0.973
7           2           0.465
7           3           1.825
7           4           1.429
8           1           0.917
8           2           0.639
8           3           2.037
8           4           2.093



hc(j) - Inventory-holding costs for one unit of item j for one period.


1           0.216
2           0.266
3           0.177
4           0.189
5           0.276
6           0.175
7           0.173
8           0.262



st(j, m) - Setup times for producing a lot of item j on machine m. The setup times are period-independent.


1           1           12.173
1           2           17.171
1           3           10.802
1           4           13.088
2           1           5.271
2           2           17.676
2           3           13.395
2           4           5.307
3           1           18.805
3           2           15.296
3           3           9.308
3           4           13.443
4           1           19.908
4           2           5.668
4           3           14.392
4           4           15.001
5           1           17.089
5           2           12.882
5           3           18.521
5           4           10.275
6           1           7.57
6           2           14.828
6           3           7.356
6           4           13.127
7           1           6.356
7           2           11.944
7           3           16.452
7           4           16.97
8           1           6.695
8           2           5.019
8           3           5.752
8           4           7.291



se(j, m) - Setup emission for producing a lot of item j on machine m. The setup emission are period-independent.


1           1           15.663
1           2           3.991
1           3           21.104
1           4           15.094
2           1           19.035
2           2           3.942
2           3           28.125
2           4           7.633
3           1           15.114
3           2           9.352
3           3           32.103
3           4           15.274
4           1           26.796
4           2           8.513
4           3           35.842
4           4           8.738
5           1           14.191
5           2           3.96
5           3           29.116
5           4           5.84
6           1           16.386
6           2           3.399
6           3           14.415
6           4           17.206
7           1           15.251
7           2           2.82
7           3           21.313
7           4           6.061
8           1           9.39
8           2           7.524
8           3           26.837
8           4           15.017



sc(j, m) - Setup costs for producing a lot of item j on machine m. The setup costs are period-independent.


1           1           15120.0
1           2           45360.0
1           3           11340.0
1           4           22680.0
2           1           18951.022
2           2           56853.067
2           3           14213.267
2           4           28426.533
3           1           12334.933
3           2           37004.8
3           3           9251.2
3           4           18502.4
4           1           14464.8
4           2           43394.4
4           3           10848.6
4           4           21697.2
5           1           21209.067
5           2           63627.2
5           3           15906.8
5           4           31813.6
6           1           11651.111
6           2           34953.333
6           3           8738.333
6           4           17476.667
7           1           12702.044
7           2           38106.133
7           3           9526.533
7           4           19053.067
8           1           18176.978
8           2           54530.933
8           3           13632.733
8           4           27265.467



bc(m) - Fixed investment cost for machine m.


1           2314.1514495173765
2           19303.379649351245
3           3074.7728166559436
4           4589.1432815447315



ca(m, t) - The available capacity of machine m in period t.


1           1           162.9532890740741
1           2           162.9532890740741
1           3           162.9532890740741
1           4           162.9532890740741
1           5           162.9532890740741
1           6           162.9532890740741
2           1           162.9532890740741
2           2           162.9532890740741
2           3           162.9532890740741
2           4           162.9532890740741
2           5           162.9532890740741
2           6           162.9532890740741
3           1           162.9532890740741
3           2           162.9532890740741
3           3           162.9532890740741
3           4           162.9532890740741
3           5           162.9532890740741
3           6           162.9532890740741
4           1           162.9532890740741
4           2           162.9532890740741
4           3           162.9532890740741
4           4           162.9532890740741
4           5           162.9532890740741
4           6           162.9532890740741



em(t) - The limits of carbon emissions in period t.


1           565.8995222222222
2           565.8995222222222
3           565.8995222222222
4           565.8995222222222
5           565.8995222222222
6           565.8995222222222
