Information for the currently-owned machines and the machines that may be purchased: if 1, the machine can be purchased, otherwise currently-owned.


1           0.0
2           0.0
3           1.0
4           0.0



item_machine_arc(j, m) - The relationship arc between item j and machine m, i.e., machine m is capable of producing item j if item_machine_arc(j, m) = 1.


1           1           1.0
1           2           0.0
1           3           0.0
1           4           1.0
2           1           1.0
2           2           0.0
2           3           0.0
2           4           1.0
3           1           1.0
3           2           0.0
3           3           1.0
3           4           0.0
4           1           1.0
4           2           0.0
4           3           1.0
4           4           0.0
5           1           0.0
5           2           1.0
5           3           0.0
5           4           0.0
6           1           0.0
6           2           0.0
6           3           0.0
6           4           1.0
7           1           0.0
7           2           1.0
7           3           0.0
7           4           1.0
8           1           0.0
8           2           1.0
8           3           1.0
8           4           1.0



d(j, t) - Gross demand for item j in period t.


1           1           48
1           2           46
1           3           35
1           4           33
1           5           44
1           6           43
2           1           31
2           2           41
2           3           36
2           4           41
2           5           44
2           6           38
3           1           37
3           2           39
3           3           45
3           4           48
3           5           35
3           6           49
4           1           33
4           2           36
4           3           47
4           4           49
4           5           44
4           6           37
5           1           33
5           2           39
5           3           43
5           4           46
5           5           49
5           6           35
6           1           35
6           2           37
6           3           36
6           4           33
6           5           45
6           6           36
7           1           47
7           2           32
7           3           46
7           4           42
7           5           32
7           6           41
8           1           30
8           2           31
8           3           45
8           4           37
8           5           47
8           6           43



pt(j, m) - Time required to produce one unit of item j on machine m. The production time is period-independent.


1           1           1.052
1           2           1.114
1           3           0.677
1           4           0.835
2           1           1.141
2           2           1.246
2           3           1.394
2           4           1.135
3           1           1.374
3           2           0.845
3           3           1.242
3           4           0.867
4           1           1.075
4           2           1.296
4           3           1.337
4           4           1.378
5           1           0.797
5           2           1.311
5           3           0.992
5           4           0.83
6           1           0.861
6           2           0.96
6           3           1.427
6           4           1.226
7           1           0.92
7           2           1.319
7           3           1.338
7           4           0.876
8           1           1.191
8           2           1.175
8           3           1.184
8           4           0.881



pc(j, m) - Variable costs of producing one unit of item j on machine m. The production cost is period-independent.


1           1           2.777
1           2           4.215
1           3           6.375
1           4           2.384
2           1           2.686
2           2           2.788
2           3           10.688
2           4           1.797
3           1           2.944
3           2           2.59
3           3           8.72
3           4           1.408
4           1           2.852
4           2           5.045
4           3           5.323
4           4           2.326
5           1           2.862
5           2           4.792
5           3           5.746
5           4           1.808
6           1           3.585
6           2           2.654
6           3           5.367
6           4           2.148
7           1           1.414
7           2           5.049
7           3           9.267
7           4           1.602
8           1           3.334
8           2           3.474
8           3           10.256
8           4           1.061



pe(j, m) - Production emission for producing one unit of item j on machine m. The production emission is period-independent.


1           1           1.924
1           2           0.58
1           3           0.956
1           4           3.73
2           1           3.153
2           2           2.46
2           3           0.455
2           4           3.886
3           1           2.384
3           2           1.063
3           3           1.063
3           4           4.175
4           1           3.569
4           2           2.207
4           3           0.959
4           4           3.814
5           1           2.544
5           2           2.395
5           3           0.5
5           4           2.679
6           1           1.522
6           2           0.562
6           3           1.094
6           4           2.773
7           1           3.643
7           2           0.506
7           3           1.077
7           4           4.0
8           1           2.274
8           2           0.595
8           3           1.206
8           4           3.368



hc(j) - Inventory-holding costs for one unit of item j for one period.


1           0.114
2           0.163
3           0.285
4           0.229
5           0.228
6           0.119
7           0.283
8           0.28



st(j, m) - Setup times for producing a lot of item j on machine m. The setup times are period-independent.


1           1           73.533
1           2           43.407
1           3           63.849
1           4           40.6
2           1           96.223
2           2           50.646
2           3           35.508
2           4           62.974
3           1           42.481
3           2           80.245
3           3           53.347
3           4           70.835
4           1           43.22
4           2           25.482
4           3           42.555
4           4           56.944
5           1           72.415
5           2           85.314
5           3           54.029
5           4           58.327
6           1           26.836
6           2           68.064
6           3           35.613
6           4           51.26
7           1           48.278
7           2           48.789
7           3           76.135
7           4           89.742
8           1           54.313
8           2           65.685
8           3           97.733
8           4           30.697



se(j, m) - Setup emission for producing a lot of item j on machine m. The setup emission are period-independent.


1           1           29.686
1           2           8.728
1           3           3.884
1           4           31.912
2           1           29.764
2           2           15.017
2           3           9.334
2           4           21.124
3           1           14.934
3           2           6.597
3           3           8.729
3           4           37.701
4           1           16.344
4           2           19.169
4           3           3.887
4           4           21.301
5           1           17.411
5           2           12.131
5           3           6.394
5           4           32.402
6           1           23.482
6           2           11.509
6           3           7.057
6           4           24.118
7           1           20.009
7           2           5.445
7           3           5.604
7           4           19.768
8           1           15.952
8           2           17.48
8           3           7.785
8           4           25.241



sc(j, m) - Setup costs for producing a lot of item j on machine m. The setup costs are period-independent.


1           1           8831.2
1           2           13246.8
1           3           26493.6
1           4           6623.4
2           1           11714.267
2           2           17571.4
2           3           35142.8
2           4           8785.7
3           1           22432.667
3           2           33649.0
3           3           67298.0
3           4           16824.5
4           1           17526.133
4           2           26289.2
4           3           52578.4
4           4           13144.6
5           1           17378.667
5           2           26068.0
5           3           52136.0
5           4           13034.0
6           1           8218.933
6           2           12328.4
6           3           24656.8
6           4           6164.2
7           1           21130.667
7           2           31696.0
7           3           63392.0
7           4           15848.0
8           1           20296.889
8           2           30445.333
8           3           60890.667
8           4           15222.667



bc(m) - Fixed investment cost for machine m.


1           284.40653873988157
2           3363.390168745093
3           7535.946320220277
4           405.18162845164795



ca(m, t) - The available capacity of machine m in period t.


1           1           289.94384999999994
1           2           289.94384999999994
1           3           289.94384999999994
1           4           289.94384999999994
1           5           289.94384999999994
1           6           289.94384999999994
2           1           289.94384999999994
2           2           289.94384999999994
2           3           289.94384999999994
2           4           289.94384999999994
2           5           289.94384999999994
2           6           289.94384999999994
3           1           289.94384999999994
3           2           289.94384999999994
3           3           289.94384999999994
3           4           289.94384999999994
3           5           289.94384999999994
3           6           289.94384999999994
4           1           289.94384999999994
4           2           289.94384999999994
4           3           289.94384999999994
4           4           289.94384999999994
4           5           289.94384999999994
4           6           289.94384999999994



em(t) - The limits of carbon emissions in period t.


1           1186.7612166666665
2           1186.7612166666665
3           1186.7612166666665
4           1186.7612166666665
5           1186.7612166666665
6           1186.7612166666665
