Information for the currently-owned machines and the machines that may be purchased: if 1, the machine can be purchased, otherwise currently-owned.


1           0.0
2           0.0
3           0.0
4           1.0



item_machine_arc(j, m) - The relationship arc between item j and machine m, i.e., machine m is capable of producing item j if item_machine_arc(j, m) = 1.


1           1           1.0
1           2           1.0
1           3           1.0
1           4           1.0
2           1           1.0
2           2           1.0
2           3           1.0
2           4           1.0
3           1           0.0
3           2           0.0
3           3           0.0
3           4           1.0
4           1           1.0
4           2           0.0
4           3           0.0
4           4           0.0
5           1           1.0
5           2           1.0
5           3           0.0
5           4           1.0
6           1           1.0
6           2           1.0
6           3           1.0
6           4           1.0
7           1           1.0
7           2           1.0
7           3           0.0
7           4           0.0
8           1           0.0
8           2           1.0
8           3           0.0
8           4           0.0



d(j, t) - Gross demand for item j in period t.


1           1           41
1           2           33
1           3           47
1           4           39
1           5           42
1           6           34
2           1           46
2           2           40
2           3           30
2           4           37
2           5           49
2           6           32
3           1           37
3           2           48
3           3           39
3           4           43
3           5           32
3           6           49
4           1           33
4           2           46
4           3           50
4           4           43
4           5           36
4           6           33
5           1           36
5           2           45
5           3           49
5           4           46
5           5           30
5           6           32
6           1           50
6           2           40
6           3           42
6           4           31
6           5           41
6           6           34
7           1           50
7           2           47
7           3           49
7           4           31
7           5           41
7           6           45
8           1           38
8           2           35
8           3           37
8           4           37
8           5           32
8           6           45



pt(j, m) - Time required to produce one unit of item j on machine m. The production time is period-independent.


1           1           1.156
1           2           0.683
1           3           1.379
1           4           1.253
2           1           0.618
2           2           1.138
2           3           1.055
2           4           1.459
3           1           0.968
3           2           0.937
3           3           1.091
3           4           1.142
4           1           1.096
4           2           1.399
4           3           1.498
4           4           0.527
5           1           0.688
5           2           0.57
5           3           0.796
5           4           0.815
6           1           0.996
6           2           1.201
6           3           0.723
6           4           0.623
7           1           0.987
7           2           0.516
7           3           0.736
7           4           1.07
8           1           0.782
8           2           1.005
8           3           0.542
8           4           0.787



pc(j, m) - Variable costs of producing one unit of item j on machine m. The production cost is period-independent.


1           1           3.977
1           2           7.964
1           3           2.152
1           4           3.794
2           1           3.176
2           2           8.143
2           3           2.925
2           4           4.867
3           1           3.513
3           2           11.224
3           3           2.495
3           4           4.191
4           1           3.749
4           2           9.445
4           3           2.502
4           4           2.912
5           1           2.946
5           2           7.677
5           3           1.686
5           4           2.05
6           1           2.044
6           2           4.213
6           3           2.569
6           4           4.599
7           1           3.175
7           2           7.277
7           3           2.736
7           4           4.976
8           1           1.492
8           2           4.86
8           3           2.128
8           4           4.472



pe(j, m) - Production emission for producing one unit of item j on machine m. The production emission is period-independent.


1           1           1.595
1           2           1.088
1           3           1.445
1           4           0.752
2           1           1.43
2           2           1.217
2           3           4.186
2           4           1.332
3           1           0.946
3           2           0.623
3           3           3.873
3           4           1.429
4           1           1.582
4           2           1.219
4           3           4.84
4           4           1.198
5           1           3.602
5           2           0.993
5           3           3.421
5           4           0.713
6           1           2.494
6           2           0.702
6           3           4.371
6           4           1.21
7           1           1.015
7           2           1.013
7           3           2.388
7           4           0.817
8           1           3.092
8           2           0.721
8           3           4.594
8           4           2.041



hc(j) - Inventory-holding costs for one unit of item j for one period.


1           0.266
2           0.125
3           0.272
4           0.16
5           0.28
6           0.134
7           0.247
8           0.16



st(j, m) - Setup times for producing a lot of item j on machine m. The setup times are period-independent.


1           1           5.639
1           2           15.507
1           3           12.084
1           4           15.285
2           1           5.313
2           2           16.403
2           3           14.297
2           4           8.71
3           1           18.526
3           2           19.77
3           3           14.854
3           4           14.428
4           1           6.59
4           2           13.959
4           3           15.711
4           4           7.804
5           1           19.538
5           2           7.939
5           3           14.526
5           4           19.751
6           1           12.459
6           2           13.079
6           3           5.375
6           4           7.397
7           1           12.519
7           2           5.123
7           3           9.367
7           4           7.624
8           1           11.879
8           2           12.239
8           3           18.92
8           4           18.027



se(j, m) - Setup emission for producing a lot of item j on machine m. The setup emission are period-independent.


1           1           86.56
1           2           27.491
1           3           115.407
1           4           73.096
2           1           42.875
2           2           37.82
2           3           196.921
2           4           97.189
3           1           116.622
3           2           34.074
3           3           82.24
3           4           39.486
4           1           56.89
4           2           39.205
4           3           126.133
4           4           60.284
5           1           58.592
5           2           25.946
5           3           183.595
5           4           90.744
6           1           121.213
6           2           30.643
6           3           92.637
6           4           68.466
7           1           59.241
7           2           34.802
7           3           131.577
7           4           62.455
8           1           59.897
8           2           40.628
8           3           120.312
8           4           83.487



sc(j, m) - Setup costs for producing a lot of item j on machine m. The setup costs are period-independent.


1           1           21483.342
1           2           64450.027
1           3           16112.507
1           4           32225.013
2           1           10010.0
2           2           30030.0
2           3           7507.5
2           4           15015.0
3           1           23084.942
3           2           69254.827
3           3           17313.707
3           4           34627.413
4           1           13196.089
4           2           39588.267
4           3           9897.067
4           4           19794.133
5           1           22805.689
5           2           68417.067
5           3           17104.267
5           4           34208.533
6           1           10914.151
6           2           32742.453
6           3           8185.613
6           4           16371.227
7           1           22231.098
7           2           66693.293
7           3           16673.323
7           4           33346.647
8           1           12265.244
8           2           36795.733
8           3           9198.933
8           4           18397.867



bc(m) - Fixed investment cost for machine m.


1           4362.05603512641
2           15889.378073432905
3           1362.2467978507214
4           9329.83725614893



ca(m, t) - The available capacity of machine m in period t.


1           1           182.3265888888889
1           2           182.3265888888889
1           3           182.3265888888889
1           4           182.3265888888889
1           5           182.3265888888889
1           6           182.3265888888889
2           1           182.3265888888889
2           2           182.3265888888889
2           3           182.3265888888889
2           4           182.3265888888889
2           5           182.3265888888889
2           6           182.3265888888889
3           1           182.3265888888889
3           2           182.3265888888889
3           3           182.3265888888889
3           4           182.3265888888889
3           5           182.3265888888889
3           6           182.3265888888889
4           1           182.3265888888889
4           2           182.3265888888889
4           3           182.3265888888889
4           4           182.3265888888889
4           5           182.3265888888889
4           6           182.3265888888889



em(t) - The limits of carbon emissions in period t.


1           1013.3298777777778
2           1013.3298777777778
3           1013.3298777777778
4           1013.3298777777778
5           1013.3298777777778
6           1013.3298777777778
