Information for the currently-owned machines and the machines that may be purchased: if 1, the machine can be purchased, otherwise currently-owned.


1           1.0
2           0.0
3           0.0
4           0.0



item_machine_arc(j, m) - The relationship arc between item j and machine m, i.e., machine m is capable of producing item j if item_machine_arc(j, m) = 1.


1           1           1.0
1           2           0.0
1           3           0.0
1           4           1.0
2           1           0.0
2           2           1.0
2           3           1.0
2           4           0.0
3           1           1.0
3           2           1.0
3           3           1.0
3           4           1.0
4           1           0.0
4           2           1.0
4           3           1.0
4           4           1.0
5           1           1.0
5           2           0.0
5           3           0.0
5           4           1.0
6           1           0.0
6           2           1.0
6           3           0.0
6           4           0.0
7           1           1.0
7           2           0.0
7           3           0.0
7           4           1.0
8           1           1.0
8           2           1.0
8           3           1.0
8           4           1.0



d(j, t) - Gross demand for item j in period t.


1           1           49
1           2           36
1           3           39
1           4           49
1           5           47
1           6           49
2           1           43
2           2           38
2           3           46
2           4           38
2           5           45
2           6           45
3           1           40
3           2           40
3           3           31
3           4           50
3           5           47
3           6           38
4           1           33
4           2           32
4           3           46
4           4           48
4           5           50
4           6           31
5           1           39
5           2           43
5           3           32
5           4           38
5           5           44
5           6           48
6           1           46
6           2           31
6           3           43
6           4           33
6           5           36
6           6           30
7           1           31
7           2           48
7           3           35
7           4           44
7           5           34
7           6           40
8           1           50
8           2           48
8           3           45
8           4           39
8           5           31
8           6           30



pt(j, m) - Time required to produce one unit of item j on machine m. The production time is period-independent.


1           1           1.45
1           2           1.064
1           3           0.774
1           4           0.503
2           1           0.789
2           2           1.372
2           3           0.903
2           4           1.397
3           1           0.547
3           2           1.205
3           3           0.531
3           4           1.188
4           1           1.041
4           2           1.374
4           3           1.074
4           4           0.879
5           1           0.92
5           2           1.039
5           3           0.863
5           4           0.985
6           1           0.541
6           2           0.78
6           3           1.094
6           4           0.847
7           1           0.539
7           2           0.827
7           3           0.703
7           4           1.016
8           1           0.599
8           2           0.56
8           3           0.933
8           4           1.007



pc(j, m) - Variable costs of producing one unit of item j on machine m. The production cost is period-independent.


1           1           2.806
1           2           1.265
1           3           1.679
1           4           6.341
2           1           2.404
2           2           1.982
2           3           2.25
2           4           7.852
3           1           3.664
3           2           2.977
3           3           2.524
3           4           11.144
4           1           2.397
4           2           1.341
4           3           3.428
4           4           8.366
5           1           3.373
5           2           2.0
5           3           3.816
5           4           6.855
6           1           3.761
6           2           2.671
6           3           3.254
6           4           9.46
7           1           5.535
7           2           2.149
7           3           2.939
7           4           6.112
8           1           5.602
8           2           1.428
8           3           3.721
8           4           7.387



pe(j, m) - Production emission for producing one unit of item j on machine m. The production emission is period-independent.


1           1           0.637
1           2           4.4
1           3           2.087
1           4           0.742
2           1           1.362
2           2           4.614
2           3           2.967
2           4           0.799
3           1           1.528
3           2           1.454
3           3           2.776
3           4           0.437
4           1           1.654
4           2           3.271
4           3           1.152
4           4           0.885
5           1           1.127
5           2           3.771
5           3           1.616
5           4           0.847
6           1           1.268
6           2           4.148
6           3           3.691
6           4           1.192
7           1           1.086
7           2           3.523
7           3           3.557
7           4           0.323
8           1           1.698
8           2           1.303
8           3           3.021
8           4           0.516



hc(j) - Inventory-holding costs for one unit of item j for one period.


1           0.122
2           0.236
3           0.216
4           0.14
5           0.15
6           0.236
7           0.179
8           0.111



st(j, m) - Setup times for producing a lot of item j on machine m. The setup times are period-independent.


1           1           82.361
1           2           56.689
1           3           50.723
1           4           92.059
2           1           31.966
2           2           93.804
2           3           95.382
2           4           50.046
3           1           71.276
3           2           30.633
3           3           36.138
3           4           58.435
4           1           41.367
4           2           91.836
4           3           81.348
4           4           35.012
5           1           29.531
5           2           91.59
5           3           28.856
5           4           51.456
6           1           76.304
6           2           93.412
6           3           92.957
6           4           35.264
7           1           43.632
7           2           78.153
7           3           91.97
7           4           57.714
8           1           63.533
8           2           80.663
8           3           54.31
8           4           37.368



se(j, m) - Setup emission for producing a lot of item j on machine m. The setup emission are period-independent.


1           1           35.144
1           2           175.885
1           3           127.688
1           4           18.903
2           1           48.555
2           2           94.675
2           3           145.957
2           4           17.137
3           1           64.883
3           2           87.825
3           3           39.51
3           4           19.936
4           1           90.735
4           2           51.996
4           3           77.042
4           4           28.108
5           1           54.716
5           2           62.82
5           3           61.309
5           4           39.201
6           1           52.188
6           2           149.531
6           3           37.767
6           4           40.505
7           1           53.878
7           2           103.033
7           3           132.567
7           4           33.646
8           1           62.143
8           2           101.209
8           3           111.186
8           4           32.941



sc(j, m) - Setup costs for producing a lot of item j on machine m. The setup costs are period-independent.


1           1           16846.573
1           2           8423.287
1           3           11231.049
1           4           33693.147
2           1           30892.4
2           2           15446.2
2           3           20594.933
2           4           61784.8
3           1           27276.48
3           2           13638.24
3           3           18184.32
3           4           54552.96
4           1           17248.0
4           2           8624.0
4           3           11498.667
4           4           34496.0
5           1           18788.0
5           2           9394.0
5           3           12525.333
5           4           37576.0
6           1           26531.12
6           2           13265.56
6           3           17687.413
6           4           53062.24
7           1           21317.707
7           2           10658.853
7           3           14211.804
7           4           42635.413
8           1           13846.14
8           2           6923.07
8           3           9230.76
8           4           27692.28



bc(m) - Fixed investment cost for machine m.


1           4089.010753683788
2           3562.167532090174
3           2866.4206255857744
4           2549.9203497081457



ca(m, t) - The available capacity of machine m in period t.


1           1           267.2327194444444
1           2           267.2327194444444
1           3           267.2327194444444
1           4           267.2327194444444
1           5           267.2327194444444
1           6           267.2327194444444
2           1           267.2327194444444
2           2           267.2327194444444
2           3           267.2327194444444
2           4           267.2327194444444
2           5           267.2327194444444
2           6           267.2327194444444
3           1           267.2327194444444
3           2           267.2327194444444
3           3           267.2327194444444
3           4           267.2327194444444
3           5           267.2327194444444
3           6           267.2327194444444
4           1           267.2327194444444
4           2           267.2327194444444
4           3           267.2327194444444
4           4           267.2327194444444
4           5           267.2327194444444
4           6           267.2327194444444



em(t) - The limits of carbon emissions in period t.


1           1254.6792416666667
2           1254.6792416666667
3           1254.6792416666667
4           1254.6792416666667
5           1254.6792416666667
6           1254.6792416666667
