Information for the currently-owned machines and the machines that may be purchased: if 1, the machine can be purchased, otherwise currently-owned.


1           0.0
2           0.0
3           0.0
4           1.0



item_machine_arc(j, m) - The relationship arc between item j and machine m, i.e., machine m is capable of producing item j if item_machine_arc(j, m) = 1.


1           1           0.0
1           2           0.0
1           3           1.0
1           4           1.0
2           1           1.0
2           2           1.0
2           3           1.0
2           4           1.0
3           1           0.0
3           2           1.0
3           3           0.0
3           4           0.0
4           1           1.0
4           2           0.0
4           3           0.0
4           4           0.0
5           1           1.0
5           2           1.0
5           3           0.0
5           4           0.0
6           1           1.0
6           2           1.0
6           3           1.0
6           4           1.0
7           1           0.0
7           2           0.0
7           3           0.0
7           4           1.0
8           1           1.0
8           2           1.0
8           3           1.0
8           4           1.0



d(j, t) - Gross demand for item j in period t.


1           1           38
1           2           49
1           3           38
1           4           44
1           5           35
1           6           33
2           1           34
2           2           40
2           3           50
2           4           41
2           5           50
2           6           41
3           1           48
3           2           34
3           3           38
3           4           45
3           5           36
3           6           30
4           1           35
4           2           36
4           3           30
4           4           38
4           5           38
4           6           40
5           1           48
5           2           50
5           3           45
5           4           40
5           5           31
5           6           40
6           1           38
6           2           40
6           3           30
6           4           46
6           5           37
6           6           37
7           1           35
7           2           36
7           3           41
7           4           50
7           5           31
7           6           35
8           1           46
8           2           30
8           3           36
8           4           46
8           5           34
8           6           48



pt(j, m) - Time required to produce one unit of item j on machine m. The production time is period-independent.


1           1           1.038
1           2           1.34
1           3           0.574
1           4           0.586
2           1           1.012
2           2           1.083
2           3           1.203
2           4           0.961
3           1           0.925
3           2           0.715
3           3           0.582
3           4           1.15
4           1           1.197
4           2           0.619
4           3           1.174
4           4           1.35
5           1           0.911
5           2           1.346
5           3           0.847
5           4           1.353
6           1           1.273
6           2           0.791
6           3           0.743
6           4           1.392
7           1           0.849
7           2           0.655
7           3           0.613
7           4           0.596
8           1           0.699
8           2           1.377
8           3           1.405
8           4           0.738



pc(j, m) - Variable costs of producing one unit of item j on machine m. The production cost is period-independent.


1           1           4.124
1           2           1.616
1           3           3.359
1           4           10.251
2           1           2.767
2           2           1.641
2           3           3.897
2           4           4.146
3           1           5.364
3           2           2.91
3           3           3.922
3           4           6.779
4           1           5.933
4           2           1.822
4           3           3.671
4           4           5.117
5           1           4.669
5           2           2.735
5           3           3.228
5           4           11.08
6           1           5.964
6           2           1.676
6           3           3.617
6           4           5.089
7           1           2.935
7           2           2.399
7           3           2.251
7           4           4.662
8           1           2.428
8           2           2.928
8           3           2.837
8           4           9.258



pe(j, m) - Production emission for producing one unit of item j on machine m. The production emission is period-independent.


1           1           0.116
1           2           0.439
1           3           0.42
1           4           0.207
2           1           0.328
2           2           0.98
2           3           0.205
2           4           0.249
3           1           0.47
3           2           0.846
3           3           0.648
3           4           0.098
4           1           0.426
4           2           0.428
4           3           0.449
4           4           0.077
5           1           0.429
5           2           0.793
5           3           0.252
5           4           0.18
6           1           0.253
6           2           0.761
6           3           0.502
6           4           0.183
7           1           0.484
7           2           0.946
7           3           0.727
7           4           0.161
8           1           0.252
8           2           0.416
8           3           0.634
8           4           0.216



hc(j) - Inventory-holding costs for one unit of item j for one period.


1           0.173
2           0.264
3           0.1
4           0.14
5           0.159
6           0.293
7           0.135
8           0.298



st(j, m) - Setup times for producing a lot of item j on machine m. The setup times are period-independent.


1           1           14.423
1           2           8.792
1           3           16.125
1           4           6.798
2           1           12.188
2           2           10.099
2           3           12.764
2           4           18.221
3           1           18.52
3           2           14.031
3           3           6.523
3           4           13.111
4           1           10.217
4           2           7.33
4           3           12.047
4           4           10.404
5           1           12.97
5           2           9.148
5           3           19.619
5           4           5.674
6           1           19.627
6           2           17.413
6           3           16.324
6           4           9.048
7           1           6.481
7           2           18.515
7           3           10.137
7           4           11.641
8           1           18.169
8           2           15.192
8           3           6.694
8           4           12.749



se(j, m) - Setup emission for producing a lot of item j on machine m. The setup emission are period-independent.


1           1           71.242
1           2           84.972
1           3           74.625
1           4           39.776
2           1           92.777
2           2           144.606
2           3           106.584
2           4           24.283
3           1           30.178
3           2           67.187
3           3           106.897
3           4           32.365
4           1           58.076
4           2           89.856
4           3           133.71
4           4           14.308
5           1           35.229
5           2           153.049
5           3           92.599
5           4           40.083
6           1           45.29
6           2           119.529
6           3           99.994
6           4           16.702
7           1           71.243
7           2           134.587
7           3           58.309
7           4           35.515
8           1           69.26
8           2           165.165
8           3           114.907
8           4           44.402



sc(j, m) - Setup costs for producing a lot of item j on machine m. The setup costs are period-independent.


1           1           21047.18
1           2           10523.59
1           3           14031.453
1           4           42094.36
2           1           34693.12
2           2           17346.56
2           3           23128.747
2           4           69386.24
3           1           11858.0
3           2           5929.0
3           3           7905.333
3           4           23716.0
4           1           15595.067
4           2           7797.533
4           3           10396.711
4           4           31190.133
5           1           20731.48
5           2           10365.74
5           3           13820.987
5           4           41462.96
6           1           34292.72
6           2           17146.36
6           3           22861.813
6           4           68585.44
7           1           15800.4
7           2           7900.2
7           3           10533.6
7           4           31600.8
8           1           36713.6
8           2           18356.8
8           3           24475.733
8           4           73427.2



bc(m) - Fixed investment cost for machine m.


1           8622.127173028304
2           2764.2286189433803
3           5029.397558647264
4           1844.7721746855827



ca(m, t) - The available capacity of machine m in period t.


1           1           159.56535000000002
1           2           159.56535000000002
1           3           159.56535000000002
1           4           159.56535000000002
1           5           159.56535000000002
1           6           159.56535000000002
2           1           159.56535000000002
2           2           159.56535000000002
2           3           159.56535000000002
2           4           159.56535000000002
2           5           159.56535000000002
2           6           159.56535000000002
3           1           159.56535000000002
3           2           159.56535000000002
3           3           159.56535000000002
3           4           159.56535000000002
3           5           159.56535000000002
3           6           159.56535000000002
4           1           159.56535000000002
4           2           159.56535000000002
4           3           159.56535000000002
4           4           159.56535000000002
4           5           159.56535000000002
4           6           159.56535000000002



em(t) - The limits of carbon emissions in period t.


1           660.5925608333333
2           660.5925608333333
3           660.5925608333333
4           660.5925608333333
5           660.5925608333333
6           660.5925608333333
