Information for the currently-owned machines and the machines that may be purchased: if 1, the machine can be purchased, otherwise currently-owned.


1           1.0
2           0.0
3           0.0
4           0.0



item_machine_arc(j, m) - The relationship arc between item j and machine m, i.e., machine m is capable of producing item j if item_machine_arc(j, m) = 1.


1           1           0.0
1           2           1.0
1           3           0.0
1           4           0.0
2           1           1.0
2           2           1.0
2           3           1.0
2           4           1.0
3           1           0.0
3           2           0.0
3           3           0.0
3           4           1.0
4           1           1.0
4           2           0.0
4           3           1.0
4           4           1.0
5           1           1.0
5           2           0.0
5           3           0.0
5           4           1.0
6           1           0.0
6           2           0.0
6           3           1.0
6           4           1.0
7           1           1.0
7           2           0.0
7           3           1.0
7           4           1.0
8           1           1.0
8           2           0.0
8           3           1.0
8           4           1.0



d(j, t) - Gross demand for item j in period t.


1           1           50
1           2           50
1           3           35
1           4           47
1           5           43
1           6           36
2           1           49
2           2           36
2           3           49
2           4           40
2           5           36
2           6           34
3           1           45
3           2           45
3           3           33
3           4           31
3           5           38
3           6           32
4           1           41
4           2           44
4           3           44
4           4           45
4           5           41
4           6           45
5           1           39
5           2           37
5           3           35
5           4           50
5           5           45
5           6           48
6           1           41
6           2           31
6           3           32
6           4           49
6           5           37
6           6           32
7           1           34
7           2           40
7           3           31
7           4           31
7           5           42
7           6           48
8           1           32
8           2           42
8           3           49
8           4           44
8           5           30
8           6           46



pt(j, m) - Time required to produce one unit of item j on machine m. The production time is period-independent.


1           1           1.476
1           2           0.556
1           3           0.632
1           4           0.896
2           1           1.358
2           2           1.088
2           3           0.857
2           4           1.411
3           1           1.229
3           2           1.059
3           3           0.588
3           4           1.441
4           1           1.49
4           2           0.582
4           3           0.823
4           4           1.252
5           1           0.799
5           2           0.972
5           3           0.761
5           4           1.005
6           1           1.275
6           2           1.359
6           3           1.149
6           4           1.279
7           1           0.957
7           2           0.957
7           3           1.261
7           4           0.761
8           1           0.924
8           2           0.9
8           3           0.956
8           4           0.679



pc(j, m) - Variable costs of producing one unit of item j on machine m. The production cost is period-independent.


1           1           5.362
1           2           3.754
1           3           1.049
1           4           11.985
2           1           2.772
2           2           1.605
2           3           2.607
2           4           10.214
3           1           5.652
3           2           2.18
3           3           2.594
3           4           5.4
4           1           2.693
4           2           2.046
4           3           2.893
4           4           11.725
5           1           4.814
5           2           3.984
5           3           1.309
5           4           5.84
6           1           3.113
6           2           2.734
6           3           1.462
6           4           6.165
7           1           2.895
7           2           2.606
7           3           2.827
7           4           5.791
8           1           5.424
8           2           1.97
8           3           2.854
8           4           4.202



pe(j, m) - Production emission for producing one unit of item j on machine m. The production emission is period-independent.


1           1           2.24
1           2           1.369
1           3           4.903
1           4           0.848
2           1           2.376
2           2           3.45
2           3           4.726
2           4           0.287
3           1           1.889
3           2           2.901
3           3           1.43
3           4           0.695
4           1           1.131
4           2           1.47
4           3           2.924
4           4           0.426
5           1           1.808
5           2           2.056
5           3           3.256
5           4           1.009
6           1           2.057
6           2           2.358
6           3           1.744
6           4           0.803
7           1           1.998
7           2           1.754
7           3           4.693
7           4           0.879
8           1           1.842
8           2           2.527
8           3           3.722
8           4           1.004



hc(j) - Inventory-holding costs for one unit of item j for one period.


1           0.124
2           0.12
3           0.129
4           0.223
5           0.256
6           0.161
7           0.122
8           0.107



st(j, m) - Setup times for producing a lot of item j on machine m. The setup times are period-independent.


1           1           27.525
1           2           96.649
1           3           52.352
1           4           85.521
2           1           37.332
2           2           54.967
2           3           45.452
2           4           83.963
3           1           68.095
3           2           90.832
3           3           89.606
3           4           69.062
4           1           79.507
4           2           76.368
4           3           93.702
4           4           63.309
5           1           44.376
5           2           89.943
5           3           28.389
5           4           43.608
6           1           44.911
6           2           33.903
6           3           85.875
6           4           55.104
7           1           73.217
7           2           88.105
7           3           44.835
7           4           78.545
8           1           28.636
8           2           53.82
8           3           69.201
8           4           39.291



se(j, m) - Setup emission for producing a lot of item j on machine m. The setup emission are period-independent.


1           1           18.584
1           2           13.045
1           3           34.377
1           4           7.334
2           1           6.724
2           2           24.765
2           3           15.136
2           4           4.765
3           1           13.143
3           2           7.985
3           3           20.252
3           4           7.655
4           1           15.838
4           2           20.661
4           3           14.694
4           4           8.398
5           1           7.93
5           2           20.649
5           3           14.191
5           4           5.296
6           1           16.571
6           2           24.637
6           3           12.335
6           4           3.729
7           1           15.674
7           2           16.017
7           3           26.53
7           4           9.892
8           1           19.26
8           2           19.389
8           3           19.292
8           4           9.636



sc(j, m) - Setup costs for producing a lot of item j on machine m. The setup costs are period-independent.


1           1           15103.2
1           2           10068.8
1           3           7551.6
1           4           30206.4
2           1           13664.0
2           2           9109.333
2           3           6832.0
2           4           27328.0
3           1           13484.8
3           2           8989.867
3           3           6742.4
3           4           26969.6
4           1           27057.333
4           2           18038.222
4           3           13528.667
4           4           54114.667
5           1           30344.533
5           2           20229.689
5           3           15172.267
5           4           60689.067
6           1           16679.6
6           2           11119.733
6           3           8339.8
6           4           33359.2
7           1           12866.933
7           2           8577.956
7           3           6433.467
7           4           25733.867
8           1           12133.8
8           2           8089.2
8           3           6066.9
8           4           24267.6



bc(m) - Fixed investment cost for machine m.


1           11.046240232264193
2           5236.87728838813
3           3473.754253850076
4           9336.87027140333



ca(m, t) - The available capacity of machine m in period t.


1           1           277.8097518518518
1           2           277.8097518518518
1           3           277.8097518518518
1           4           277.8097518518518
1           5           277.8097518518518
1           6           277.8097518518518
2           1           277.8097518518518
2           2           277.8097518518518
2           3           277.8097518518518
2           4           277.8097518518518
2           5           277.8097518518518
2           6           277.8097518518518
3           1           277.8097518518518
3           2           277.8097518518518
3           3           277.8097518518518
3           4           277.8097518518518
3           5           277.8097518518518
3           6           277.8097518518518
4           1           277.8097518518518
4           2           277.8097518518518
4           3           277.8097518518518
4           4           277.8097518518518
4           5           277.8097518518518
4           6           277.8097518518518



em(t) - The limits of carbon emissions in period t.


1           921.1946761111112
2           921.1946761111112
3           921.1946761111112
4           921.1946761111112
5           921.1946761111112
6           921.1946761111112
