Information for the currently-owned machines and the machines that may be purchased: if 1, the machine can be purchased, otherwise currently-owned.


1           1.0
2           0.0
3           0.0
4           0.0



item_machine_arc(j, m) - The relationship arc between item j and machine m, i.e., machine m is capable of producing item j if item_machine_arc(j, m) = 1.


1           1           1.0
1           2           0.0
1           3           0.0
1           4           1.0
2           1           1.0
2           2           1.0
2           3           0.0
2           4           0.0
3           1           0.0
3           2           1.0
3           3           1.0
3           4           1.0
4           1           0.0
4           2           1.0
4           3           0.0
4           4           1.0
5           1           0.0
5           2           1.0
5           3           1.0
5           4           1.0
6           1           0.0
6           2           0.0
6           3           1.0
6           4           1.0
7           1           0.0
7           2           1.0
7           3           0.0
7           4           0.0
8           1           0.0
8           2           0.0
8           3           1.0
8           4           1.0



d(j, t) - Gross demand for item j in period t.


1           1           34
1           2           43
1           3           43
1           4           44
1           5           38
1           6           32
2           1           38
2           2           41
2           3           34
2           4           48
2           5           37
2           6           44
3           1           49
3           2           44
3           3           34
3           4           30
3           5           33
3           6           48
4           1           48
4           2           49
4           3           44
4           4           49
4           5           31
4           6           42
5           1           42
5           2           37
5           3           30
5           4           31
5           5           39
5           6           41
6           1           42
6           2           44
6           3           41
6           4           45
6           5           50
6           6           46
7           1           43
7           2           37
7           3           48
7           4           41
7           5           42
7           6           46
8           1           36
8           2           32
8           3           39
8           4           48
8           5           31
8           6           45



pt(j, m) - Time required to produce one unit of item j on machine m. The production time is period-independent.


1           1           1.476
1           2           0.699
1           3           1.424
1           4           1.019
2           1           1.386
2           2           0.64
2           3           1.462
2           4           1.416
3           1           1.322
3           2           0.909
3           3           0.998
3           4           1.414
4           1           0.713
4           2           0.711
4           3           0.652
4           4           0.881
5           1           1.47
5           2           1.18
5           3           1.473
5           4           0.641
6           1           1.306
6           2           1.224
6           3           1.071
6           4           1.088
7           1           1.297
7           2           1.316
7           3           1.037
7           4           0.871
8           1           1.344
8           2           0.973
8           3           1.117
8           4           1.434



pc(j, m) - Variable costs of producing one unit of item j on machine m. The production cost is period-independent.


1           1           11.081
1           2           5.662
1           3           2.979
1           4           2.567
2           1           11.027
2           2           2.144
2           3           2.136
2           4           3.979
3           1           11.734
3           2           5.302
3           3           2.498
3           4           2.18
4           1           10.666
4           2           2.941
4           3           2.358
4           4           1.988
5           1           7.212
5           2           2.695
5           3           1.516
5           4           2.021
6           1           7.477
6           2           2.363
6           3           1.493
6           4           2.084
7           1           6.283
7           2           4.793
7           3           1.294
7           4           2.645
8           1           5.088
8           2           2.006
8           3           2.375
8           4           3.385



pe(j, m) - Production emission for producing one unit of item j on machine m. The production emission is period-independent.


1           1           0.08
1           2           0.438
1           3           0.551
1           4           0.248
2           1           0.167
2           2           0.241
2           3           0.981
2           4           0.471
3           1           0.06
3           2           0.348
3           3           0.464
3           4           0.519
4           1           0.193
4           2           0.182
4           3           0.604
4           4           0.348
5           1           0.14
5           2           0.101
5           3           0.641
5           4           0.544
6           1           0.092
6           2           0.191
6           3           0.317
6           4           0.45
7           1           0.227
7           2           0.188
7           3           0.452
7           4           0.553
8           1           0.241
8           2           0.267
8           3           0.396
8           4           0.605



hc(j) - Inventory-holding costs for one unit of item j for one period.


1           0.297
2           0.259
3           0.153
4           0.203
5           0.126
6           0.231
7           0.213
8           0.114



st(j, m) - Setup times for producing a lot of item j on machine m. The setup times are period-independent.


1           1           17.087
1           2           5.037
1           3           18.239
1           4           11.444
2           1           16.19
2           2           15.99
2           3           11.39
2           4           6.743
3           1           19.243
3           2           12.866
3           3           8.911
3           4           14.786
4           1           16.025
4           2           9.207
4           3           8.682
4           4           7.281
5           1           15.509
5           2           17.415
5           3           5.978
5           4           11.955
6           1           15.296
6           2           15.522
6           3           17.83
6           4           19.314
7           1           9.427
7           2           10.904
7           3           19.342
7           4           18.873
8           1           14.378
8           2           13.544
8           3           6.478
8           4           8.49



se(j, m) - Setup emission for producing a lot of item j on machine m. The setup emission are period-independent.


1           1           17.572
1           2           80.609
1           3           86.694
1           4           127.533
2           1           46.089
2           2           86.321
2           3           136.858
2           4           41.402
3           1           28.924
3           2           72.914
3           3           94.671
3           4           109.511
4           1           40.738
4           2           30.512
4           3           189.343
4           4           146.729
5           1           48.895
5           2           93.037
5           3           78.455
5           4           97.984
6           1           29.878
6           2           79.183
6           3           138.704
6           4           46.904
7           1           26.724
7           2           77.953
7           3           50.904
7           4           144.081
8           1           28.799
8           2           81.936
8           3           116.486
8           4           74.984



sc(j, m) - Setup costs for producing a lot of item j on machine m. The setup costs are period-independent.


1           1           71351.28
1           2           35675.64
1           3           17837.82
1           4           23783.76
2           1           64349.413
2           2           32174.707
2           3           16087.353
2           4           21449.804
3           1           37385.04
3           2           18692.52
3           3           9346.26
3           4           12461.68
4           1           54812.707
4           2           27406.353
4           3           13703.177
4           4           18270.902
5           1           28459.2
5           2           14229.6
5           3           7114.8
5           4           9486.4
6           1           63558.88
6           2           31779.44
6           3           15889.72
6           4           21186.293
7           1           56200.76
7           2           28100.38
7           3           14050.19
7           4           18733.587
8           1           27036.24
8           2           13518.12
8           3           6759.06
8           4           9012.08



bc(m) - Fixed investment cost for machine m.


1           2386.2648485830287
2           6392.408108989245
3           2746.1937323085162
4           1445.2959410302897



ca(m, t) - The available capacity of machine m in period t.


1           1           192.28089999999995
1           2           192.28089999999995
1           3           192.28089999999995
1           4           192.28089999999995
1           5           192.28089999999995
1           6           192.28089999999995
2           1           192.28089999999995
2           2           192.28089999999995
2           3           192.28089999999995
2           4           192.28089999999995
2           5           192.28089999999995
2           6           192.28089999999995
3           1           192.28089999999995
3           2           192.28089999999995
3           3           192.28089999999995
3           4           192.28089999999995
3           5           192.28089999999995
3           6           192.28089999999995
4           1           192.28089999999995
4           2           192.28089999999995
4           3           192.28089999999995
4           4           192.28089999999995
4           5           192.28089999999995
4           6           192.28089999999995



em(t) - The limits of carbon emissions in period t.


1           618.8536277777778
2           618.8536277777778
3           618.8536277777778
4           618.8536277777778
5           618.8536277777778
6           618.8536277777778
