Information for the currently-owned machines and the machines that may be purchased: if 1, the machine can be purchased, otherwise currently-owned.


1           1.0
2           0.0
3           0.0
4           0.0



item_machine_arc(j, m) - The relationship arc between item j and machine m, i.e., machine m is capable of producing item j if item_machine_arc(j, m) = 1.


1           1           0.0
1           2           1.0
1           3           1.0
1           4           1.0
2           1           1.0
2           2           1.0
2           3           1.0
2           4           1.0
3           1           1.0
3           2           1.0
3           3           1.0
3           4           1.0
4           1           1.0
4           2           1.0
4           3           1.0
4           4           1.0
5           1           0.0
5           2           1.0
5           3           0.0
5           4           0.0
6           1           1.0
6           2           0.0
6           3           0.0
6           4           1.0
7           1           1.0
7           2           1.0
7           3           1.0
7           4           1.0
8           1           0.0
8           2           0.0
8           3           0.0
8           4           1.0



d(j, t) - Gross demand for item j in period t.


1           1           44
1           2           43
1           3           33
1           4           49
1           5           31
1           6           31
2           1           46
2           2           50
2           3           33
2           4           41
2           5           38
2           6           41
3           1           39
3           2           41
3           3           50
3           4           42
3           5           48
3           6           45
4           1           41
4           2           45
4           3           39
4           4           36
4           5           34
4           6           34
5           1           45
5           2           42
5           3           31
5           4           48
5           5           48
5           6           38
6           1           34
6           2           44
6           3           46
6           4           30
6           5           46
6           6           44
7           1           41
7           2           38
7           3           49
7           4           31
7           5           45
7           6           42
8           1           42
8           2           30
8           3           42
8           4           32
8           5           44
8           6           41



pt(j, m) - Time required to produce one unit of item j on machine m. The production time is period-independent.


1           1           1.188
1           2           1.2
1           3           0.611
1           4           1.496
2           1           0.594
2           2           1.453
2           3           1.32
2           4           0.593
3           1           1.036
3           2           0.544
3           3           0.935
3           4           0.865
4           1           1.057
4           2           0.786
4           3           0.985
4           4           0.857
5           1           0.712
5           2           0.846
5           3           0.954
5           4           0.623
6           1           1.117
6           2           0.985
6           3           0.693
6           4           1.47
7           1           0.782
7           2           1.035
7           3           1.25
7           4           1.483
8           1           0.509
8           2           1.172
8           3           0.887
8           4           0.801



pc(j, m) - Variable costs of producing one unit of item j on machine m. The production cost is period-independent.


1           1           5.303
1           2           2.464
1           3           8.102
1           4           3.383
2           1           2.703
2           2           2.56
2           3           10.534
2           4           2.966
3           1           5.599
3           2           1.676
3           3           4.664
3           4           3.91
4           1           5.577
4           2           1.234
4           3           4.918
4           4           1.908
5           1           3.194
5           2           2.754
5           3           8.137
5           4           1.883
6           1           2.262
6           2           1.849
6           3           4.639
6           4           2.172
7           1           4.688
7           2           1.283
7           3           10.206
7           4           2.908
8           1           4.671
8           2           1.697
8           3           4.029
8           4           3.083



pe(j, m) - Production emission for producing one unit of item j on machine m. The production emission is period-independent.


1           1           0.47
1           2           0.27
1           3           0.247
1           4           0.236
2           1           0.145
2           2           0.315
2           3           0.05
2           4           0.375
3           1           0.401
3           2           0.278
3           3           0.185
3           4           0.435
4           1           0.448
4           2           0.822
4           3           0.097
4           4           0.598
5           1           0.377
5           2           0.938
5           3           0.176
5           4           0.703
6           1           0.485
6           2           0.458
6           3           0.1
6           4           0.319
7           1           0.133
7           2           0.422
7           3           0.141
7           4           0.358
8           1           0.185
8           2           0.987
8           3           0.204
8           4           0.385



hc(j) - Inventory-holding costs for one unit of item j for one period.


1           0.153
2           0.257
3           0.232
4           0.277
5           0.263
6           0.153
7           0.248
8           0.254



st(j, m) - Setup times for producing a lot of item j on machine m. The setup times are period-independent.


1           1           5.674
1           2           18.121
1           3           7.935
1           4           5.797
2           1           18.0
2           2           18.586
2           3           8.981
2           4           19.083
3           1           16.343
3           2           18.316
3           3           9.767
3           4           17.598
4           1           9.81
4           2           18.534
4           3           6.764
4           4           6.945
5           1           9.526
5           2           17.851
5           3           17.419
5           4           15.572
6           1           12.905
6           2           13.537
6           3           9.686
6           4           10.497
7           1           19.276
7           2           18.831
7           3           17.411
7           4           17.272
8           1           12.814
8           2           10.742
8           3           19.213
8           4           12.12



se(j, m) - Setup emission for producing a lot of item j on machine m. The setup emission are period-independent.


1           1           48.629
1           2           169.468
1           3           18.843
1           4           130.668
2           1           38.678
2           2           160.524
2           3           29.307
2           4           103.984
3           1           94.367
3           2           152.258
3           3           14.592
3           4           81.546
4           1           89.453
4           2           160.635
4           3           15.739
4           4           41.761
5           1           39.874
5           2           137.492
5           3           41.432
5           4           86.117
6           1           97.309
6           2           166.003
6           3           13.735
6           4           124.486
7           1           73.078
7           2           175.931
7           3           46.808
7           4           127.995
8           1           64.617
8           2           196.982
8           3           45.762
8           4           105.242



sc(j, m) - Setup costs for producing a lot of item j on machine m. The setup costs are period-independent.


1           1           16493.4
1           2           8246.7
1           3           32986.8
1           4           10995.6
2           1           29863.4
2           2           14931.7
2           3           59726.8
2           4           19908.933
3           1           28690.667
3           2           14345.333
3           3           57381.333
3           4           19127.111
4           1           29602.067
4           2           14801.033
4           3           59204.133
4           4           19734.711
5           1           30928.8
5           2           15464.4
5           3           61857.6
5           4           20619.2
6           1           17421.6
6           2           8710.8
6           3           34843.2
6           4           11614.4
7           1           28470.4
7           2           14235.2
7           3           56940.8
7           4           18980.267
8           1           27381.2
8           2           13690.6
8           3           54762.4
8           4           18254.133



bc(m) - Fixed investment cost for machine m.


1           7205.051571312474
2           4651.613020658654
3           13965.666292737757
4           5930.5411334628125



ca(m, t) - The available capacity of machine m in period t.


1           1           176.37736666666666
1           2           176.37736666666666
1           3           176.37736666666666
1           4           176.37736666666666
1           5           176.37736666666666
1           6           176.37736666666666
2           1           176.37736666666666
2           2           176.37736666666666
2           3           176.37736666666666
2           4           176.37736666666666
2           5           176.37736666666666
2           6           176.37736666666666
3           1           176.37736666666666
3           2           176.37736666666666
3           3           176.37736666666666
3           4           176.37736666666666
3           5           176.37736666666666
3           6           176.37736666666666
4           1           176.37736666666666
4           2           176.37736666666666
4           3           176.37736666666666
4           4           176.37736666666666
4           5           176.37736666666666
4           6           176.37736666666666



em(t) - The limits of carbon emissions in period t.


1           754.7663083333333
2           754.7663083333333
3           754.7663083333333
4           754.7663083333333
5           754.7663083333333
6           754.7663083333333
