Information for the currently-owned machines and the machines that may be purchased: if 1, the machine can be purchased, otherwise currently-owned.


1           0.0
2           1.0
3           0.0
4           0.0



item_machine_arc(j, m) - The relationship arc between item j and machine m, i.e., machine m is capable of producing item j if item_machine_arc(j, m) = 1.


1           1           0.0
1           2           0.0
1           3           1.0
1           4           0.0
2           1           0.0
2           2           1.0
2           3           1.0
2           4           0.0
3           1           1.0
3           2           0.0
3           3           0.0
3           4           0.0
4           1           0.0
4           2           1.0
4           3           1.0
4           4           1.0
5           1           1.0
5           2           1.0
5           3           1.0
5           4           1.0
6           1           1.0
6           2           0.0
6           3           1.0
6           4           1.0
7           1           1.0
7           2           0.0
7           3           0.0
7           4           0.0
8           1           1.0
8           2           1.0
8           3           1.0
8           4           1.0



d(j, t) - Gross demand for item j in period t.


1           1           37
1           2           37
1           3           38
1           4           39
1           5           50
1           6           49
2           1           46
2           2           48
2           3           49
2           4           37
2           5           38
2           6           35
3           1           38
3           2           31
3           3           31
3           4           34
3           5           47
3           6           47
4           1           42
4           2           34
4           3           49
4           4           38
4           5           34
4           6           33
5           1           34
5           2           34
5           3           35
5           4           40
5           5           44
5           6           45
6           1           45
6           2           42
6           3           44
6           4           38
6           5           48
6           6           50
7           1           31
7           2           42
7           3           50
7           4           46
7           5           47
7           6           50
8           1           38
8           2           50
8           3           47
8           4           42
8           5           38
8           6           43



pt(j, m) - Time required to produce one unit of item j on machine m. The production time is period-independent.


1           1           0.517
1           2           0.644
1           3           1.36
1           4           0.969
2           1           1.265
2           2           0.799
2           3           0.909
2           4           0.914
3           1           0.71
3           2           1.056
3           3           1.306
3           4           1.191
4           1           1.235
4           2           0.623
4           3           1.304
4           4           1.484
5           1           0.802
5           2           0.936
5           3           0.995
5           4           1.017
6           1           1.119
6           2           0.542
6           3           1.06
6           4           1.453
7           1           0.989
7           2           1.261
7           3           0.847
7           4           1.048
8           1           1.328
8           2           0.911
8           3           0.564
8           4           1.02



pc(j, m) - Variable costs of producing one unit of item j on machine m. The production cost is period-independent.


1           1           7.108
1           2           2.823
1           3           2.445
1           4           2.205
2           1           11.505
2           2           3.602
2           3           1.539
2           4           2.083
3           1           4.322
3           2           5.911
3           3           3.758
3           4           2.88
4           1           11.634
4           2           2.97
4           3           3.63
4           4           1.707
5           1           10.975
5           2           2.812
5           3           3.196
5           4           2.525
6           1           8.402
6           2           3.631
6           3           1.638
6           4           1.53
7           1           11.518
7           2           5.653
7           3           1.822
7           4           1.086
8           1           4.435
8           2           2.602
8           3           2.19
8           4           2.776



pe(j, m) - Production emission for producing one unit of item j on machine m. The production emission is period-independent.


1           1           0.134
1           2           0.373
1           3           0.659
1           4           0.609
2           1           0.087
2           2           0.209
2           3           0.648
2           4           0.491
3           1           0.248
3           2           0.155
3           3           0.356
3           4           0.457
4           1           0.052
4           2           0.322
4           3           0.586
4           4           0.355
5           1           0.184
5           2           0.45
5           3           0.684
5           4           0.395
6           1           0.169
6           2           0.363
6           3           0.594
6           4           0.414
7           1           0.096
7           2           0.21
7           3           0.497
7           4           0.385
8           1           0.235
8           2           0.362
8           3           0.316
8           4           0.902



hc(j) - Inventory-holding costs for one unit of item j for one period.


1           0.179
2           0.179
3           0.182
4           0.256
5           0.113
6           0.273
7           0.233
8           0.243



st(j, m) - Setup times for producing a lot of item j on machine m. The setup times are period-independent.


1           1           68.608
1           2           68.378
1           3           92.179
1           4           65.08
2           1           92.513
2           2           58.13
2           3           55.42
2           4           33.728
3           1           50.463
3           2           47.104
3           3           99.836
3           4           65.797
4           1           33.104
4           2           99.499
4           3           80.072
4           4           43.151
5           1           86.275
5           2           29.363
5           3           96.295
5           4           98.245
6           1           28.426
6           2           33.801
6           3           61.948
6           4           73.48
7           1           78.478
7           2           37.48
7           3           90.043
7           4           39.89
8           1           40.163
8           2           67.167
8           3           82.767
8           4           26.635



se(j, m) - Setup emission for producing a lot of item j on machine m. The setup emission are period-independent.


1           1           7.187
1           2           9.196
1           3           28.374
1           4           29.56
2           1           4.297
2           2           12.035
2           3           15.546
2           4           15.21
3           1           5.359
3           2           10.481
3           3           26.858
3           4           39.828
4           1           5.351
4           2           18.266
4           3           14.393
4           4           35.838
5           1           6.235
5           2           10.328
5           3           20.578
5           4           26.592
6           1           7.362
6           2           8.698
6           3           26.654
6           4           24.406
7           1           4.79
7           2           15.149
7           3           29.217
7           4           31.122
8           1           5.833
8           2           13.029
8           3           10.482
8           4           36.649



sc(j, m) - Setup costs for producing a lot of item j on machine m. The setup costs are period-independent.


1           1           45943.333
1           2           22971.667
1           3           15314.444
1           4           11485.833
2           1           46494.653
2           2           23247.327
2           3           15498.218
2           4           11623.663
3           1           42602.56
3           2           21301.28
3           3           14200.853
3           4           10650.64
4           1           60450.133
4           2           30225.067
4           3           20150.044
4           4           15112.533
5           1           26915.093
5           2           13457.547
5           3           8971.698
5           4           6728.773
6           1           74834.76
6           2           37417.38
6           3           24944.92
6           4           18708.69
7           1           63630.747
7           2           31815.373
7           3           21210.249
7           4           15907.687
8           1           64365.84
8           2           32182.92
8           3           21455.28
8           4           16091.46



bc(m) - Fixed investment cost for machine m.


1           7654.785598334252
2           7863.447901214351
3           386.9129031489201
4           275.14671547332836



ca(m, t) - The available capacity of machine m in period t.


1           1           283.5234111111111
1           2           283.5234111111111
1           3           283.5234111111111
1           4           283.5234111111111
1           5           283.5234111111111
1           6           283.5234111111111
2           1           283.5234111111111
2           2           283.5234111111111
2           3           283.5234111111111
2           4           283.5234111111111
2           5           283.5234111111111
2           6           283.5234111111111
3           1           283.5234111111111
3           2           283.5234111111111
3           3           283.5234111111111
3           4           283.5234111111111
3           5           283.5234111111111
3           6           283.5234111111111
4           1           283.5234111111111
4           2           283.5234111111111
4           3           283.5234111111111
4           4           283.5234111111111
4           5           283.5234111111111
4           6           283.5234111111111



em(t) - The limits of carbon emissions in period t.


1           269.3597666666667
2           269.3597666666667
3           269.3597666666667
4           269.3597666666667
5           269.3597666666667
6           269.3597666666667
