Information for the currently-owned machines and the machines that may be purchased: if 1, the machine can be purchased, otherwise currently-owned.


1           0.0
2           0.0
3           1.0
4           0.0



item_machine_arc(j, m) - The relationship arc between item j and machine m, i.e., machine m is capable of producing item j if item_machine_arc(j, m) = 1.


1           1           0.0
1           2           0.0
1           3           1.0
1           4           0.0
2           1           0.0
2           2           0.0
2           3           1.0
2           4           0.0
3           1           1.0
3           2           1.0
3           3           1.0
3           4           0.0
4           1           1.0
4           2           1.0
4           3           0.0
4           4           0.0
5           1           0.0
5           2           0.0
5           3           1.0
5           4           1.0
6           1           1.0
6           2           1.0
6           3           1.0
6           4           1.0
7           1           0.0
7           2           1.0
7           3           0.0
7           4           1.0
8           1           1.0
8           2           0.0
8           3           0.0
8           4           0.0



d(j, t) - Gross demand for item j in period t.


1           1           30
1           2           44
1           3           48
1           4           44
1           5           48
1           6           48
2           1           38
2           2           30
2           3           37
2           4           44
2           5           41
2           6           49
3           1           35
3           2           42
3           3           35
3           4           36
3           5           35
3           6           39
4           1           49
4           2           48
4           3           38
4           4           47
4           5           42
4           6           39
5           1           46
5           2           39
5           3           31
5           4           30
5           5           43
5           6           46
6           1           36
6           2           50
6           3           36
6           4           45
6           5           45
6           6           41
7           1           46
7           2           38
7           3           43
7           4           36
7           5           31
7           6           45
8           1           50
8           2           39
8           3           37
8           4           46
8           5           37
8           6           30



pt(j, m) - Time required to produce one unit of item j on machine m. The production time is period-independent.


1           1           1.032
1           2           0.738
1           3           0.955
1           4           0.873
2           1           1.405
2           2           1.403
2           3           1.179
2           4           1.308
3           1           1.238
3           2           0.891
3           3           0.571
3           4           0.547
4           1           1.483
4           2           0.94
4           3           0.689
4           4           1.167
5           1           1.176
5           2           0.8
5           3           1.368
5           4           1.3
6           1           0.717
6           2           0.595
6           3           1.462
6           4           0.864
7           1           0.572
7           2           1.417
7           3           0.621
7           4           1.208
8           1           1.159
8           2           1.342
8           3           1.311
8           4           1.435



pc(j, m) - Variable costs of producing one unit of item j on machine m. The production cost is period-independent.


1           1           1.498
1           2           2.184
1           3           4.091
1           4           2.738
2           1           1.36
2           2           3.105
2           3           10.68
2           4           3.373
3           1           2.725
3           2           3.449
3           3           7.113
3           4           2.26
4           1           2.507
4           2           4.448
4           3           6.909
4           4           3.968
5           1           2.877
5           2           4.633
5           3           11.797
5           4           1.427
6           1           2.222
6           2           5.839
6           3           5.425
6           4           2.961
7           1           1.725
7           2           2.673
7           3           6.361
7           4           3.165
8           1           2.848
8           2           4.987
8           3           4.402
8           4           2.433



pe(j, m) - Production emission for producing one unit of item j on machine m. The production emission is period-independent.


1           1           1.408
1           2           1.328
1           3           0.485
1           4           1.657
2           1           2.871
2           2           1.442
2           3           0.849
2           4           1.49
3           1           2.825
3           2           0.744
3           3           0.691
3           4           3.587
4           1           1.677
4           2           0.514
4           3           0.929
4           4           1.714
5           1           1.717
5           2           1.991
5           3           0.353
5           4           1.875
6           1           1.327
6           2           0.77
6           3           1.094
6           4           1.618
7           1           3.371
7           2           2.068
7           3           0.713
7           4           2.363
8           1           2.652
8           2           2.303
8           3           0.532
8           4           0.919



hc(j) - Inventory-holding costs for one unit of item j for one period.


1           0.248
2           0.121
3           0.177
4           0.134
5           0.199
6           0.208
7           0.104
8           0.115



st(j, m) - Setup times for producing a lot of item j on machine m. The setup times are period-independent.


1           1           19.317
1           2           15.926
1           3           13.677
1           4           5.831
2           1           10.599
2           2           15.054
2           3           5.744
2           4           16.055
3           1           8.059
3           2           10.549
3           3           12.513
3           4           7.888
4           1           14.637
4           2           5.178
4           3           15.897
4           4           9.454
5           1           16.691
5           2           10.866
5           3           6.737
5           4           15.437
6           1           11.487
6           2           16.228
6           3           8.257
6           4           6.08
7           1           15.053
7           2           7.917
7           3           18.588
7           4           16.848
8           1           16.103
8           2           12.0
8           3           18.449
8           4           12.651



se(j, m) - Setup emission for producing a lot of item j on machine m. The setup emission are period-independent.


1           1           71.121
1           2           92.675
1           3           46.518
1           4           94.668
2           1           147.946
2           2           94.755
2           3           21.307
2           4           145.774
3           1           136.18
3           2           48.28
3           3           49.245
3           4           50.172
4           1           66.652
4           2           68.989
4           3           35.674
4           4           110.888
5           1           87.455
5           2           97.138
5           3           39.801
5           4           125.783
6           1           183.574
6           2           49.215
6           3           19.469
6           4           115.66
7           1           93.212
7           2           37.63
7           3           30.078
7           4           143.78
8           1           141.724
8           2           36.635
8           3           34.097
8           4           50.902



sc(j, m) - Setup costs for producing a lot of item j on machine m. The setup costs are period-independent.


1           1           15161.067
1           2           30322.133
1           3           60644.267
1           4           20214.756
2           1           6747.767
2           2           13495.533
2           3           26991.067
2           4           8997.022
3           1           9168.6
3           2           18337.2
3           3           36674.4
3           4           12224.8
4           1           8223.133
4           2           16446.267
4           3           32892.533
4           4           10964.178
5           1           10911.833
5           2           21823.667
5           3           43647.333
5           4           14549.111
6           1           12278.933
6           2           24557.867
6           3           49115.733
6           4           16371.911
7           1           5799.733
7           2           11599.467
7           3           23198.933
7           4           7732.978
8           1           6413.167
8           2           12826.333
8           3           25652.667
8           4           8550.889



bc(m) - Fixed investment cost for machine m.


1           3106.7259925208164
2           6343.85427070999
3           7934.3345682884255
4           1695.3625022573417



ca(m, t) - The available capacity of machine m in period t.


1           1           209.95850944444445
1           2           209.95850944444445
1           3           209.95850944444445
1           4           209.95850944444445
1           5           209.95850944444445
1           6           209.95850944444445
2           1           209.95850944444445
2           2           209.95850944444445
2           3           209.95850944444445
2           4           209.95850944444445
2           5           209.95850944444445
2           6           209.95850944444445
3           1           209.95850944444445
3           2           209.95850944444445
3           3           209.95850944444445
3           4           209.95850944444445
3           5           209.95850944444445
3           6           209.95850944444445
4           1           209.95850944444445
4           2           209.95850944444445
4           3           209.95850944444445
4           4           209.95850944444445
4           5           209.95850944444445
4           6           209.95850944444445



em(t) - The limits of carbon emissions in period t.


1           1161.3838775000002
2           1161.3838775000002
3           1161.3838775000002
4           1161.3838775000002
5           1161.3838775000002
6           1161.3838775000002
