Information for the currently-owned machines and the machines that may be purchased: if 1, the machine can be purchased, otherwise currently-owned.


1           0.0
2           0.0
3           0.0
4           1.0



item_machine_arc(j, m) - The relationship arc between item j and machine m, i.e., machine m is capable of producing item j if item_machine_arc(j, m) = 1.


1           1           1.0
1           2           1.0
1           3           1.0
1           4           0.0
2           1           0.0
2           2           0.0
2           3           0.0
2           4           1.0
3           1           1.0
3           2           1.0
3           3           0.0
3           4           1.0
4           1           1.0
4           2           1.0
4           3           1.0
4           4           0.0
5           1           1.0
5           2           1.0
5           3           1.0
5           4           1.0
6           1           0.0
6           2           0.0
6           3           0.0
6           4           1.0
7           1           0.0
7           2           1.0
7           3           0.0
7           4           1.0
8           1           0.0
8           2           0.0
8           3           0.0
8           4           1.0



d(j, t) - Gross demand for item j in period t.


1           1           50
1           2           32
1           3           40
1           4           33
1           5           40
1           6           31
2           1           39
2           2           44
2           3           33
2           4           42
2           5           33
2           6           45
3           1           30
3           2           42
3           3           38
3           4           30
3           5           45
3           6           41
4           1           47
4           2           33
4           3           39
4           4           49
4           5           30
4           6           46
5           1           45
5           2           30
5           3           36
5           4           50
5           5           47
5           6           50
6           1           30
6           2           37
6           3           31
6           4           48
6           5           47
6           6           36
7           1           49
7           2           30
7           3           31
7           4           32
7           5           30
7           6           38
8           1           41
8           2           31
8           3           46
8           4           46
8           5           37
8           6           36



pt(j, m) - Time required to produce one unit of item j on machine m. The production time is period-independent.


1           1           1.1
1           2           1.304
1           3           0.584
1           4           0.6
2           1           0.945
2           2           0.781
2           3           0.757
2           4           1.144
3           1           0.984
3           2           0.511
3           3           1.214
3           4           0.783
4           1           0.902
4           2           0.933
4           3           1.41
4           4           1.377
5           1           0.706
5           2           0.855
5           3           0.593
5           4           1.384
6           1           1.118
6           2           1.129
6           3           1.21
6           4           0.761
7           1           0.624
7           2           1.196
7           3           0.753
7           4           0.521
8           1           1.09
8           2           1.292
8           3           0.756
8           4           1.274



pc(j, m) - Variable costs of producing one unit of item j on machine m. The production cost is period-independent.


1           1           2.376
1           2           5.26
1           3           1.244
1           4           3.42
2           1           2.205
2           2           7.708
2           3           1.126
2           4           2.995
3           1           2.919
3           2           11.988
3           3           1.218
3           4           1.668
4           1           4.516
4           2           10.545
4           3           1.989
4           4           3.908
5           1           4.026
5           2           4.366
5           3           1.118
5           4           3.579
6           1           2.795
6           2           7.767
6           3           2.287
6           4           1.508
7           1           3.701
7           2           11.448
7           3           2.014
7           4           3.496
8           1           5.839
8           2           4.529
8           3           1.45
8           4           2.652



pe(j, m) - Production emission for producing one unit of item j on machine m. The production emission is period-independent.


1           1           1.114
1           2           0.927
1           3           3.927
1           4           2.065
2           1           2.311
2           2           1.16
2           3           2.183
2           4           2.304
3           1           0.676
3           2           0.729
3           3           2.154
3           4           1.656
4           1           0.574
4           2           0.524
4           3           3.155
4           4           1.241
5           1           1.875
5           2           0.735
5           3           3.366
5           4           2.848
6           1           1.075
6           2           1.225
6           3           3.828
6           4           2.86
7           1           0.949
7           2           0.674
7           3           3.724
7           4           3.353
8           1           1.703
8           2           0.812
8           3           3.379
8           4           1.502



hc(j) - Inventory-holding costs for one unit of item j for one period.


1           0.272
2           0.121
3           0.256
4           0.203
5           0.253
6           0.201
7           0.111
8           0.214



st(j, m) - Setup times for producing a lot of item j on machine m. The setup times are period-independent.


1           1           17.447
1           2           19.929
1           3           11.477
1           4           15.18
2           1           11.472
2           2           6.596
2           3           6.251
2           4           13.494
3           1           7.21
3           2           9.7
3           3           12.605
3           4           6.528
4           1           7.437
4           2           6.877
4           3           9.099
4           4           16.919
5           1           14.446
5           2           18.394
5           3           10.178
5           4           16.506
6           1           10.482
6           2           7.739
6           3           14.338
6           4           9.814
7           1           19.69
7           2           11.832
7           3           11.034
7           4           14.961
8           1           18.961
8           2           16.51
8           3           6.753
8           4           19.908



se(j, m) - Setup emission for producing a lot of item j on machine m. The setup emission are period-independent.


1           1           6.221
1           2           4.065
1           3           17.75
1           4           12.817
2           1           6.807
2           2           9.2
2           3           37.718
2           4           26.436
3           1           14.921
3           2           8.355
3           3           26.24
3           4           28.867
4           1           8.839
4           2           3.356
4           3           39.565
4           4           22.328
5           1           17.289
5           2           3.51
5           3           32.84
5           4           9.322
6           1           7.541
6           2           3.759
6           3           12.118
6           4           25.618
7           1           13.79
7           2           8.457
7           3           15.391
7           4           17.555
8           1           18.119
8           2           9.329
8           3           36.82
8           4           28.669



sc(j, m) - Setup costs for producing a lot of item j on machine m. The setup costs are period-independent.


1           1           31555.627
1           2           63111.253
1           3           15777.813
1           4           21037.084
2           1           14658.747
2           2           29317.493
2           3           7329.373
2           4           9772.498
3           1           29699.413
3           2           59398.827
3           3           14849.707
3           4           19799.609
4           1           25426.427
4           2           50852.853
4           3           12713.213
4           4           16950.951
5           1           33507.32
5           2           67014.64
5           3           16753.66
5           4           22338.213
6           1           23628.22
6           2           47256.44
6           3           11814.11
6           4           15752.147
7           1           11965.8
7           2           23931.6
7           3           5982.9
7           4           7977.2
8           1           26035.24
8           2           52070.48
8           3           13017.62
8           4           17356.827



bc(m) - Fixed investment cost for machine m.


1           323.9879278918212
2           17401.150038478736
3           1061.4824191710354
4           2548.8465635331986



ca(m, t) - The available capacity of machine m in period t.


1           1           181.84777722222222
1           2           181.84777722222222
1           3           181.84777722222222
1           4           181.84777722222222
1           5           181.84777722222222
1           6           181.84777722222222
2           1           181.84777722222222
2           2           181.84777722222222
2           3           181.84777722222222
2           4           181.84777722222222
2           5           181.84777722222222
2           6           181.84777722222222
3           1           181.84777722222222
3           2           181.84777722222222
3           3           181.84777722222222
3           4           181.84777722222222
3           5           181.84777722222222
3           6           181.84777722222222
4           1           181.84777722222222
4           2           181.84777722222222
4           3           181.84777722222222
4           4           181.84777722222222
4           5           181.84777722222222
4           6           181.84777722222222



em(t) - The limits of carbon emissions in period t.


1           1035.1579913888888
2           1035.1579913888888
3           1035.1579913888888
4           1035.1579913888888
5           1035.1579913888888
6           1035.1579913888888
