Information for the currently-owned machines and the machines that may be purchased: if 1, the machine can be purchased, otherwise currently-owned.


1           0.0
2           0.0
3           1.0
4           0.0



item_machine_arc(j, m) - The relationship arc between item j and machine m, i.e., machine m is capable of producing item j if item_machine_arc(j, m) = 1.


1           1           1.0
1           2           1.0
1           3           1.0
1           4           1.0
2           1           0.0
2           2           0.0
2           3           1.0
2           4           0.0
3           1           0.0
3           2           1.0
3           3           1.0
3           4           1.0
4           1           0.0
4           2           1.0
4           3           0.0
4           4           1.0
5           1           1.0
5           2           1.0
5           3           1.0
5           4           1.0
6           1           1.0
6           2           0.0
6           3           1.0
6           4           0.0
7           1           1.0
7           2           0.0
7           3           0.0
7           4           0.0
8           1           1.0
8           2           0.0
8           3           0.0
8           4           0.0



d(j, t) - Gross demand for item j in period t.


1           1           36
1           2           41
1           3           35
1           4           34
1           5           33
1           6           35
2           1           31
2           2           46
2           3           42
2           4           38
2           5           42
2           6           33
3           1           44
3           2           42
3           3           35
3           4           50
3           5           35
3           6           40
4           1           37
4           2           40
4           3           49
4           4           42
4           5           31
4           6           30
5           1           47
5           2           42
5           3           35
5           4           44
5           5           48
5           6           44
6           1           36
6           2           41
6           3           35
6           4           50
6           5           35
6           6           32
7           1           40
7           2           50
7           3           46
7           4           46
7           5           30
7           6           47
8           1           35
8           2           37
8           3           31
8           4           38
8           5           42
8           6           40



pt(j, m) - Time required to produce one unit of item j on machine m. The production time is period-independent.


1           1           1.17
1           2           0.878
1           3           0.74
1           4           1.171
2           1           1.13
2           2           1.172
2           3           1.073
2           4           1.177
3           1           0.549
3           2           0.675
3           3           0.927
3           4           1.433
4           1           0.844
4           2           0.702
4           3           0.786
4           4           1.408
5           1           0.533
5           2           1.199
5           3           1.147
5           4           1.374
6           1           1.297
6           2           0.643
6           3           0.786
6           4           0.83
7           1           1.293
7           2           1.257
7           3           1.312
7           4           1.427
8           1           0.869
8           2           1.22
8           3           1.454
8           4           1.343



pc(j, m) - Variable costs of producing one unit of item j on machine m. The production cost is period-independent.


1           1           2.707
1           2           2.42
1           3           8.879
1           4           2.563
2           1           2.662
2           2           4.55
2           3           10.254
2           4           2.021
3           1           2.425
3           2           4.585
3           3           7.244
3           4           3.934
4           1           2.591
4           2           2.401
4           3           11.7
4           4           2.981
5           1           2.187
5           2           4.439
5           3           10.965
5           4           1.786
6           1           2.468
6           2           4.296
6           3           9.033
6           4           2.859
7           1           1.366
7           2           4.495
7           3           5.255
7           4           3.502
8           1           2.475
8           2           3.989
8           3           4.605
8           4           2.759



pe(j, m) - Production emission for producing one unit of item j on machine m. The production emission is period-independent.


1           1           0.544
1           2           0.414
1           3           0.07
1           4           0.166
2           1           0.883
2           2           0.243
2           3           0.165
2           4           0.449
3           1           0.657
3           2           0.146
3           3           0.161
3           4           0.309
4           1           0.338
4           2           0.184
4           3           0.09
4           4           0.513
5           1           0.826
5           2           0.263
5           3           0.073
5           4           0.502
6           1           0.797
6           2           0.104
6           3           0.064
6           4           0.34
7           1           0.295
7           2           0.291
7           3           0.135
7           4           0.425
8           1           0.247
8           2           0.394
8           3           0.246
8           4           0.17



hc(j) - Inventory-holding costs for one unit of item j for one period.


1           0.179
2           0.137
3           0.136
4           0.131
5           0.11
6           0.294
7           0.166
8           0.206



st(j, m) - Setup times for producing a lot of item j on machine m. The setup times are period-independent.


1           1           38.758
1           2           45.691
1           3           44.412
1           4           93.901
2           1           27.395
2           2           97.658
2           3           98.723
2           4           74.795
3           1           32.939
3           2           46.394
3           3           79.673
3           4           75.878
4           1           31.146
4           2           33.095
4           3           68.79
4           4           84.636
5           1           42.162
5           2           36.264
5           3           52.402
5           4           82.263
6           1           95.35
6           2           79.308
6           3           47.185
6           4           37.509
7           1           33.738
7           2           97.051
7           3           89.89
7           4           27.423
8           1           97.457
8           2           90.583
8           3           84.626
8           4           29.246



se(j, m) - Setup emission for producing a lot of item j on machine m. The setup emission are period-independent.


1           1           70.947
1           2           85.614
1           3           44.521
1           4           148.001
2           1           156.441
2           2           63.574
2           3           35.51
2           4           57.296
3           1           119.174
3           2           86.34
3           3           13.082
3           4           124.463
4           1           98.805
4           2           38.049
4           3           17.621
4           4           94.993
5           1           134.702
5           2           96.796
5           3           38.136
5           4           68.127
6           1           124.987
6           2           37.084
6           3           33.312
6           4           50.643
7           1           115.857
7           2           48.95
7           3           40.765
7           4           62.714
8           1           158.753
8           2           99.31
8           3           40.211
8           4           75.671



sc(j, m) - Setup costs for producing a lot of item j on machine m. The setup costs are period-independent.


1           1           8938.067
1           2           17876.133
1           3           35752.267
1           4           11917.422
2           1           7416.267
2           2           14832.533
2           3           29665.067
2           4           9888.356
3           1           7806.4
3           2           15612.8
3           3           31225.6
3           4           10408.533
4           1           6999.767
4           2           13999.533
4           3           27999.067
4           4           9333.022
5           1           6673.333
5           2           13346.667
5           3           26693.333
5           4           8897.778
6           1           15709.4
6           2           31418.8
6           3           62837.6
6           4           20945.867
7           1           10031.933
7           2           20063.867
7           3           40127.733
7           4           13375.911
8           1           10718.867
8           2           21437.733
8           3           42875.467
8           4           14291.822



bc(m) - Fixed investment cost for machine m.


1           4085.4811119619476
2           9449.255795781752
3           19785.323718049985
4           3218.4125579863817



ca(m, t) - The available capacity of machine m in period t.


1           1           280.29693611111105
1           2           280.29693611111105
1           3           280.29693611111105
1           4           280.29693611111105
1           5           280.29693611111105
1           6           280.29693611111105
2           1           280.29693611111105
2           2           280.29693611111105
2           3           280.29693611111105
2           4           280.29693611111105
2           5           280.29693611111105
2           6           280.29693611111105
3           1           280.29693611111105
3           2           280.29693611111105
3           3           280.29693611111105
3           4           280.29693611111105
3           5           280.29693611111105
3           6           280.29693611111105
4           1           280.29693611111105
4           2           280.29693611111105
4           3           280.29693611111105
4           4           280.29693611111105
4           5           280.29693611111105
4           6           280.29693611111105



em(t) - The limits of carbon emissions in period t.


1           687.1216916666666
2           687.1216916666666
3           687.1216916666666
4           687.1216916666666
5           687.1216916666666
6           687.1216916666666
