Information for the currently-owned machines and the machines that may be purchased: if 1, the machine can be purchased, otherwise currently-owned.


1           0.0
2           0.0
3           1.0
4           0.0



item_machine_arc(j, m) - The relationship arc between item j and machine m, i.e., machine m is capable of producing item j if item_machine_arc(j, m) = 1.


1           1           1.0
1           2           1.0
1           3           0.0
1           4           1.0
2           1           1.0
2           2           1.0
2           3           1.0
2           4           1.0
3           1           1.0
3           2           1.0
3           3           1.0
3           4           0.0
4           1           1.0
4           2           1.0
4           3           1.0
4           4           1.0
5           1           0.0
5           2           1.0
5           3           1.0
5           4           1.0
6           1           1.0
6           2           1.0
6           3           1.0
6           4           1.0
7           1           0.0
7           2           1.0
7           3           1.0
7           4           1.0
8           1           1.0
8           2           0.0
8           3           1.0
8           4           1.0



d(j, t) - Gross demand for item j in period t.


1           1           36
1           2           35
1           3           43
1           4           47
1           5           40
1           6           47
2           1           32
2           2           37
2           3           49
2           4           36
2           5           36
2           6           44
3           1           31
3           2           50
3           3           34
3           4           47
3           5           46
3           6           34
4           1           30
4           2           47
4           3           48
4           4           32
4           5           39
4           6           32
5           1           45
5           2           50
5           3           37
5           4           33
5           5           40
5           6           33
6           1           43
6           2           41
6           3           30
6           4           30
6           5           30
6           6           48
7           1           44
7           2           47
7           3           46
7           4           34
7           5           43
7           6           43
8           1           43
8           2           46
8           3           38
8           4           45
8           5           37
8           6           35



pt(j, m) - Time required to produce one unit of item j on machine m. The production time is period-independent.


1           1           1.297
1           2           0.612
1           3           1.117
1           4           1.15
2           1           1.16
2           2           0.953
2           3           1.366
2           4           0.705
3           1           1.398
3           2           1.265
3           3           1.063
3           4           0.562
4           1           0.745
4           2           0.527
4           3           0.55
4           4           0.685
5           1           0.767
5           2           0.509
5           3           0.546
5           4           1.127
6           1           1.108
6           2           0.699
6           3           1.07
6           4           1.15
7           1           0.616
7           2           1.475
7           3           0.81
7           4           1.313
8           1           1.158
8           2           0.544
8           3           0.772
8           4           0.852



pc(j, m) - Variable costs of producing one unit of item j on machine m. The production cost is period-independent.


1           1           1.586
1           2           3.202
1           3           7.932
1           4           2.613
2           1           3.266
2           2           4.35
2           3           7.45
2           4           1.32
3           1           2.468
3           2           4.973
3           3           4.714
3           4           2.839
4           1           3.493
4           2           5.458
4           3           11.943
4           4           1.859
5           1           3.123
5           2           5.717
5           3           4.421
5           4           1.386
6           1           1.656
6           2           2.92
6           3           5.897
6           4           2.218
7           1           2.083
7           2           5.19
7           3           4.005
7           4           2.781
8           1           1.6
8           2           3.751
8           3           7.007
8           4           2.07



pe(j, m) - Production emission for producing one unit of item j on machine m. The production emission is period-independent.


1           1           0.562
1           2           0.229
1           3           0.227
1           4           0.825
2           1           0.6
2           2           0.326
2           3           0.218
2           4           0.469
3           1           0.392
3           2           0.238
3           3           0.078
3           4           0.387
4           1           0.48
4           2           0.185
4           3           0.239
4           4           0.351
5           1           0.457
5           2           0.36
5           3           0.168
5           4           0.819
6           1           0.504
6           2           0.449
6           3           0.065
6           4           0.725
7           1           0.321
7           2           0.479
7           3           0.089
7           4           0.95
8           1           0.549
8           2           0.438
8           3           0.116
8           4           0.222



hc(j) - Inventory-holding costs for one unit of item j for one period.


1           0.279
2           0.137
3           0.193
4           0.195
5           0.259
6           0.209
7           0.222
8           0.244



st(j, m) - Setup times for producing a lot of item j on machine m. The setup times are period-independent.


1           1           9.93
1           2           15.39
1           3           9.749
1           4           9.935
2           1           14.918
2           2           12.45
2           3           5.595
2           4           17.299
3           1           15.358
3           2           9.849
3           3           9.572
3           4           15.606
4           1           6.009
4           2           15.59
4           3           9.949
4           4           15.301
5           1           11.06
5           2           7.081
5           3           15.766
5           4           11.709
6           1           14.048
6           2           13.292
6           3           18.557
6           4           15.903
7           1           13.844
7           2           10.85
7           3           14.69
7           4           18.039
8           1           18.81
8           2           15.077
8           3           5.048
8           4           18.998



se(j, m) - Setup emission for producing a lot of item j on machine m. The setup emission are period-independent.


1           1           27.085
1           2           6.48
1           3           4.689
1           4           25.403
2           1           13.089
2           2           19.632
2           3           8.421
2           4           31.434
3           1           18.046
3           2           16.069
3           3           3.759
3           4           28.411
4           1           8.687
4           2           7.634
4           3           9.088
4           4           10.765
5           1           16.246
5           2           15.269
5           3           9.418
5           4           19.187
6           1           20.562
6           2           11.203
6           3           3.193
6           4           35.788
7           1           20.116
7           2           11.725
7           3           8.526
7           4           11.357
8           1           26.657
8           2           18.622
8           3           7.776
8           4           26.215



sc(j, m) - Setup costs for producing a lot of item j on machine m. The setup costs are period-independent.


1           1           23679.04
1           2           35518.56
1           3           71037.12
1           4           17759.28
2           1           10970.96
2           2           16456.44
2           3           32912.88
2           4           8228.22
3           1           15983.831
3           2           23975.747
3           3           47951.493
3           4           11987.873
4           1           15215.2
4           2           22822.8
4           3           45645.6
4           4           11411.4
5           1           21095.262
5           2           31642.893
5           3           63285.787
5           4           15821.447
6           1           15878.427
6           2           23817.64
6           3           47635.28
6           4           11908.82
7           1           19525.147
7           2           29287.72
7           3           58575.44
7           4           14643.86
8           1           20374.542
8           2           30561.813
8           3           61123.627
8           4           15280.907



bc(m) - Fixed investment cost for machine m.


1           5788.170737861719
2           5044.760869948231
3           5750.109268552111
4           4244.254717689593



ca(m, t) - The available capacity of machine m in period t.


1           1           169.74334351851851
1           2           169.74334351851851
1           3           169.74334351851851
1           4           169.74334351851851
1           5           169.74334351851851
1           6           169.74334351851851
2           1           169.74334351851851
2           2           169.74334351851851
2           3           169.74334351851851
2           4           169.74334351851851
2           5           169.74334351851851
2           6           169.74334351851851
3           1           169.74334351851851
3           2           169.74334351851851
3           3           169.74334351851851
3           4           169.74334351851851
3           5           169.74334351851851
3           6           169.74334351851851
4           1           169.74334351851851
4           2           169.74334351851851
4           3           169.74334351851851
4           4           169.74334351851851
4           5           169.74334351851851
4           6           169.74334351851851



em(t) - The limits of carbon emissions in period t.


1           290.02666
2           290.02666
3           290.02666
4           290.02666
5           290.02666
6           290.02666
