Information for the currently-owned machines and the machines that may be purchased: if 1, the machine can be purchased, otherwise currently-owned.


1           1.0
2           0.0
3           0.0
4           0.0



item_machine_arc(j, m) - The relationship arc between item j and machine m, i.e., machine m is capable of producing item j if item_machine_arc(j, m) = 1.


1           1           1.0
1           2           1.0
1           3           0.0
1           4           0.0
2           1           1.0
2           2           1.0
2           3           1.0
2           4           1.0
3           1           1.0
3           2           1.0
3           3           0.0
3           4           1.0
4           1           1.0
4           2           0.0
4           3           1.0
4           4           1.0
5           1           0.0
5           2           1.0
5           3           0.0
5           4           0.0
6           1           0.0
6           2           0.0
6           3           0.0
6           4           1.0
7           1           1.0
7           2           1.0
7           3           1.0
7           4           1.0
8           1           1.0
8           2           0.0
8           3           0.0
8           4           0.0



d(j, t) - Gross demand for item j in period t.


1           1           30
1           2           46
1           3           39
1           4           37
1           5           32
1           6           38
2           1           34
2           2           43
2           3           46
2           4           35
2           5           35
2           6           47
3           1           31
3           2           32
3           3           39
3           4           37
3           5           41
3           6           40
4           1           47
4           2           44
4           3           31
4           4           50
4           5           45
4           6           40
5           1           31
5           2           31
5           3           34
5           4           32
5           5           50
5           6           32
6           1           34
6           2           36
6           3           30
6           4           41
6           5           33
6           6           50
7           1           36
7           2           44
7           3           41
7           4           30
7           5           41
7           6           31
8           1           49
8           2           38
8           3           31
8           4           35
8           5           44
8           6           38



pt(j, m) - Time required to produce one unit of item j on machine m. The production time is period-independent.


1           1           0.709
1           2           1.148
1           3           1.098
1           4           1.042
2           1           1.125
2           2           0.518
2           3           0.616
2           4           0.866
3           1           0.931
3           2           1.471
3           3           0.96
3           4           1.05
4           1           1.199
4           2           0.825
4           3           0.504
4           4           1.496
5           1           1.072
5           2           1.35
5           3           0.903
5           4           0.816
6           1           1.359
6           2           1.379
6           3           1.325
6           4           0.907
7           1           1.248
7           2           0.733
7           3           0.899
7           4           1.235
8           1           0.868
8           2           1.129
8           3           0.638
8           4           0.991



pc(j, m) - Variable costs of producing one unit of item j on machine m. The production cost is period-independent.


1           1           1.967
1           2           3.412
1           3           2.913
1           4           10.918
2           1           1.32
2           2           1.568
2           3           5.108
2           4           6.426
3           1           1.935
3           2           2.423
3           3           2.542
3           4           6.04
4           1           2.31
4           2           1.602
4           3           5.784
4           4           10.752
5           1           1.262
5           2           2.166
5           3           2.404
5           4           5.514
6           1           2.236
6           2           2.339
6           3           3.997
6           4           10.006
7           1           1.269
7           2           1.603
7           3           4.487
7           4           10.309
8           1           1.169
8           2           2.628
8           3           3.622
8           4           10.425



pe(j, m) - Production emission for producing one unit of item j on machine m. The production emission is period-independent.


1           1           0.847
1           2           0.47
1           3           0.273
1           4           0.154
2           1           0.298
2           2           0.448
2           3           0.341
2           4           0.113
3           1           0.847
3           2           0.696
3           3           0.455
3           4           0.058
4           1           0.326
4           2           0.298
4           3           0.489
4           4           0.091
5           1           0.548
5           2           0.405
5           3           0.117
5           4           0.155
6           1           0.859
6           2           0.391
6           3           0.16
6           4           0.113
7           1           0.905
7           2           0.737
7           3           0.45
7           4           0.198
8           1           0.656
8           2           0.497
8           3           0.321
8           4           0.092



hc(j) - Inventory-holding costs for one unit of item j for one period.


1           0.151
2           0.217
3           0.163
4           0.235
5           0.292
6           0.221
7           0.229
8           0.11



st(j, m) - Setup times for producing a lot of item j on machine m. The setup times are period-independent.


1           1           19.77
1           2           15.079
1           3           16.353
1           4           12.198
2           1           6.018
2           2           12.975
2           3           10.976
2           4           18.701
3           1           17.882
3           2           7.334
3           3           13.289
3           4           6.102
4           1           6.918
4           2           13.993
4           3           7.268
4           4           14.463
5           1           16.516
5           2           16.732
5           3           17.924
5           4           8.306
6           1           17.328
6           2           12.478
6           3           9.64
6           4           11.459
7           1           14.672
7           2           8.449
7           3           19.92
7           4           19.77
8           1           18.144
8           2           13.561
8           3           16.874
8           4           16.774



se(j, m) - Setup emission for producing a lot of item j on machine m. The setup emission are period-independent.


1           1           19.023
1           2           7.824
1           3           18.78
1           4           9.528
2           1           26.3
2           2           26.925
2           3           7.47
2           4           8.609
3           1           15.69
3           2           17.563
3           3           16.88
3           4           6.044
4           1           29.514
4           2           22.043
4           3           6.98
4           4           3.044
5           1           16.746
5           2           11.636
5           3           7.474
5           4           4.659
6           1           28.775
6           2           13.631
6           3           5.6
6           4           2.745
7           1           39.381
7           2           18.627
7           3           5.332
7           4           6.857
8           1           39.677
8           2           8.292
8           3           17.09
8           4           3.008



sc(j, m) - Setup costs for producing a lot of item j on machine m. The setup costs are period-independent.


1           1           8603.98
1           2           11471.973
1           3           17207.96
1           4           34415.92
2           1           13367.2
2           2           17822.933
2           3           26734.4
2           4           53468.8
3           1           9204.067
3           2           12272.089
3           3           18408.133
3           4           36816.267
4           1           15501.383
4           2           20668.511
4           3           31002.767
4           4           62005.533
5           1           15738.8
5           2           20985.067
5           3           31477.6
5           4           62955.2
6           1           12706.027
6           2           16941.369
6           3           25412.053
6           4           50824.107
7           1           13107.197
7           2           17476.262
7           3           26214.393
7           4           52428.787
8           1           6634.833
8           2           8846.444
8           3           13269.667
8           4           26539.333



bc(m) - Fixed investment cost for machine m.


1           1463.9009566755901
2           5852.8069382748
3           3082.52893799416
4           9019.090547258245



ca(m, t) - The available capacity of machine m in period t.


1           1           186.14637351851854
1           2           186.14637351851854
1           3           186.14637351851854
1           4           186.14637351851854
1           5           186.14637351851854
1           6           186.14637351851854
2           1           186.14637351851854
2           2           186.14637351851854
2           3           186.14637351851854
2           4           186.14637351851854
2           5           186.14637351851854
2           6           186.14637351851854
3           1           186.14637351851854
3           2           186.14637351851854
3           3           186.14637351851854
3           4           186.14637351851854
3           5           186.14637351851854
3           6           186.14637351851854
4           1           186.14637351851854
4           2           186.14637351851854
4           3           186.14637351851854
4           4           186.14637351851854
4           5           186.14637351851854
4           6           186.14637351851854



em(t) - The limits of carbon emissions in period t.


1           277.9705638888889
2           277.9705638888889
3           277.9705638888889
4           277.9705638888889
5           277.9705638888889
6           277.9705638888889
