Information for the currently-owned machines and the machines that may be purchased: if 1, the machine can be purchased, otherwise currently-owned.


1           0.0
2           0.0
3           0.0
4           1.0



item_machine_arc(j, m) - The relationship arc between item j and machine m, i.e., machine m is capable of producing item j if item_machine_arc(j, m) = 1.


1           1           1.0
1           2           1.0
1           3           0.0
1           4           1.0
2           1           1.0
2           2           1.0
2           3           1.0
2           4           1.0
3           1           1.0
3           2           1.0
3           3           1.0
3           4           1.0
4           1           1.0
4           2           1.0
4           3           0.0
4           4           1.0
5           1           1.0
5           2           1.0
5           3           1.0
5           4           0.0
6           1           0.0
6           2           1.0
6           3           0.0
6           4           0.0
7           1           0.0
7           2           1.0
7           3           1.0
7           4           0.0
8           1           0.0
8           2           1.0
8           3           0.0
8           4           0.0



d(j, t) - Gross demand for item j in period t.


1           1           32
1           2           50
1           3           42
1           4           42
1           5           32
1           6           30
2           1           33
2           2           45
2           3           49
2           4           37
2           5           38
2           6           39
3           1           33
3           2           44
3           3           46
3           4           50
3           5           48
3           6           46
4           1           40
4           2           37
4           3           32
4           4           31
4           5           49
4           6           40
5           1           37
5           2           33
5           3           45
5           4           35
5           5           32
5           6           34
6           1           46
6           2           37
6           3           48
6           4           42
6           5           37
6           6           48
7           1           50
7           2           49
7           3           47
7           4           43
7           5           44
7           6           35
8           1           48
8           2           33
8           3           37
8           4           36
8           5           38
8           6           41



pt(j, m) - Time required to produce one unit of item j on machine m. The production time is period-independent.


1           1           0.749
1           2           1.371
1           3           0.741
1           4           1.412
2           1           0.921
2           2           0.91
2           3           0.592
2           4           0.9
3           1           1.446
3           2           0.671
3           3           0.647
3           4           0.789
4           1           0.974
4           2           1.038
4           3           1.489
4           4           0.878
5           1           0.888
5           2           1.06
5           3           1.254
5           4           0.501
6           1           1.429
6           2           1.34
6           3           0.763
6           4           1.056
7           1           0.949
7           2           1.241
7           3           0.7
7           4           1.427
8           1           1.277
8           2           0.708
8           3           0.724
8           4           1.26



pc(j, m) - Variable costs of producing one unit of item j on machine m. The production cost is period-independent.


1           1           3.316
1           2           9.656
1           3           5.065
1           4           2.864
2           1           2.071
2           2           6.77
2           3           5.882
2           4           1.413
3           1           1.641
3           2           10.417
3           3           4.868
3           4           1.39
4           1           2.203
4           2           11.513
4           3           3.131
4           4           1.851
5           1           2.454
5           2           6.633
5           3           3.551
5           4           2.21
6           1           1.612
6           2           5.505
6           3           3.587
6           4           1.852
7           1           3.943
7           2           10.106
7           3           2.117
7           4           2.432
8           1           3.776
8           2           7.354
8           3           4.599
8           4           2.646



pe(j, m) - Production emission for producing one unit of item j on machine m. The production emission is period-independent.


1           1           3.615
1           2           1.103
1           3           0.845
1           4           3.498
2           1           3.641
2           2           0.659
2           3           1.621
2           4           1.886
3           1           1.338
3           2           0.946
3           3           0.872
3           4           2.823
4           1           1.649
4           2           0.778
4           3           2.429
4           4           3.11
5           1           3.067
5           2           0.905
5           3           0.858
5           4           2.999
6           1           2.442
6           2           0.706
6           3           1.595
6           4           4.693
7           1           2.566
7           2           0.672
7           3           1.859
7           4           4.953
8           1           2.455
8           2           0.325
8           3           0.711
8           4           4.018



hc(j) - Inventory-holding costs for one unit of item j for one period.


1           0.162
2           0.283
3           0.195
4           0.276
5           0.159
6           0.203
7           0.13
8           0.144



st(j, m) - Setup times for producing a lot of item j on machine m. The setup times are period-independent.


1           1           13.525
1           2           19.481
1           3           14.135
1           4           5.556
2           1           15.816
2           2           10.634
2           3           7.1
2           4           17.261
3           1           19.818
3           2           11.482
3           3           7.91
3           4           9.603
4           1           15.865
4           2           17.907
4           3           9.316
4           4           5.269
5           1           16.867
5           2           6.148
5           3           10.22
5           4           17.929
6           1           10.634
6           2           11.963
6           3           10.336
6           4           15.586
7           1           7.867
7           2           16.476
7           3           6.559
7           4           5.094
8           1           11.065
8           2           8.767
8           3           13.442
8           4           11.326



se(j, m) - Setup emission for producing a lot of item j on machine m. The setup emission are period-independent.


1           1           21.793
1           2           6.765
1           3           11.147
1           4           19.073
2           1           29.014
2           2           9.236
2           3           19.6
2           4           18.049
3           1           8.918
3           2           8.498
3           3           19.782
3           4           26.686
4           1           17.615
4           2           2.911
4           3           16.283
4           4           26.009
5           1           27.314
5           2           9.272
5           3           17.589
5           4           20.405
6           1           27.763
6           2           7.035
6           3           15.423
6           4           39.773
7           1           23.955
7           2           4.552
7           3           8.386
7           4           35.34
8           1           28.716
8           2           7.661
8           3           7.785
8           4           31.864



sc(j, m) - Setup costs for producing a lot of item j on machine m. The setup costs are period-independent.


1           1           12640.32
1           2           37920.96
1           3           18960.48
1           4           9480.24
2           1           23340.582
2           2           70021.747
2           3           35010.873
2           4           17505.437
3           1           17817.8
3           2           53453.4
3           3           26726.7
3           4           13363.35
4           1           21629.813
4           2           64889.44
4           3           32444.72
4           4           16222.36
5           1           11753.28
5           2           35259.84
5           3           17629.92
5           4           8814.96
6           1           17923.547
6           2           53770.64
6           3           26885.32
6           4           13442.66
7           1           11923.022
7           2           35769.067
7           3           17884.533
7           4           8942.267
8           1           11482.24
8           2           34446.72
8           3           17223.36
8           4           8611.68



bc(m) - Fixed investment cost for machine m.


1           4986.753241520452
2           7851.081989235473
3           6888.934009236331
4           3801.9074560892836



ca(m, t) - The available capacity of machine m in period t.


1           1           171.89117037037036
1           2           171.89117037037036
1           3           171.89117037037036
1           4           171.89117037037036
1           5           171.89117037037036
1           6           171.89117037037036
2           1           171.89117037037036
2           2           171.89117037037036
2           3           171.89117037037036
2           4           171.89117037037036
2           5           171.89117037037036
2           6           171.89117037037036
3           1           171.89117037037036
3           2           171.89117037037036
3           3           171.89117037037036
3           4           171.89117037037036
3           5           171.89117037037036
3           6           171.89117037037036
4           1           171.89117037037036
4           2           171.89117037037036
4           3           171.89117037037036
4           4           171.89117037037036
4           5           171.89117037037036
4           6           171.89117037037036



em(t) - The limits of carbon emissions in period t.


1           815.6876719444443
2           815.6876719444443
3           815.6876719444443
4           815.6876719444443
5           815.6876719444443
6           815.6876719444443
