Information for the currently-owned machines and the machines that may be purchased: if 1, the machine can be purchased, otherwise currently-owned.


1           0.0
2           0.0
3           0.0
4           1.0



item_machine_arc(j, m) - The relationship arc between item j and machine m, i.e., machine m is capable of producing item j if item_machine_arc(j, m) = 1.


1           1           1.0
1           2           0.0
1           3           0.0
1           4           0.0
2           1           0.0
2           2           1.0
2           3           0.0
2           4           1.0
3           1           1.0
3           2           1.0
3           3           1.0
3           4           0.0
4           1           1.0
4           2           0.0
4           3           1.0
4           4           1.0
5           1           0.0
5           2           1.0
5           3           1.0
5           4           1.0
6           1           1.0
6           2           1.0
6           3           1.0
6           4           1.0
7           1           1.0
7           2           1.0
7           3           1.0
7           4           1.0
8           1           0.0
8           2           1.0
8           3           0.0
8           4           1.0



d(j, t) - Gross demand for item j in period t.


1           1           40
1           2           36
1           3           47
1           4           41
1           5           39
1           6           37
2           1           41
2           2           30
2           3           32
2           4           44
2           5           50
2           6           44
3           1           48
3           2           47
3           3           37
3           4           39
3           5           43
3           6           37
4           1           46
4           2           42
4           3           31
4           4           35
4           5           42
4           6           33
5           1           45
5           2           33
5           3           48
5           4           31
5           5           40
5           6           39
6           1           47
6           2           48
6           3           32
6           4           41
6           5           32
6           6           50
7           1           41
7           2           39
7           3           50
7           4           46
7           5           39
7           6           37
8           1           39
8           2           48
8           3           36
8           4           34
8           5           41
8           6           42



pt(j, m) - Time required to produce one unit of item j on machine m. The production time is period-independent.


1           1           0.804
1           2           0.581
1           3           1.279
1           4           1.457
2           1           1.289
2           2           1.427
2           3           0.87
2           4           1.423
3           1           1.409
3           2           0.52
3           3           1.082
3           4           1.407
4           1           1.071
4           2           1.134
4           3           0.508
4           4           0.862
5           1           0.679
5           2           1.384
5           3           1.064
5           4           1.403
6           1           0.956
6           2           0.828
6           3           0.798
6           4           1.083
7           1           1.296
7           2           1.008
7           3           1.323
7           4           1.381
8           1           0.608
8           2           1.143
8           3           0.78
8           4           0.887



pc(j, m) - Variable costs of producing one unit of item j on machine m. The production cost is period-independent.


1           1           5.461
1           2           2.491
1           3           8.763
1           4           2.054
2           1           2.612
2           2           2.907
2           3           8.814
2           4           2.407
3           1           4.632
3           2           1.951
3           3           5.729
3           4           1.565
4           1           5.866
4           2           1.472
4           3           5.681
4           4           1.778
5           1           4.074
5           2           3.453
5           3           9.495
5           4           1.778
6           1           3.846
6           2           1.416
6           3           7.734
6           4           1.058
7           1           4.026
7           2           1.481
7           3           11.963
7           4           1.748
8           1           3.475
8           2           3.202
8           3           5.592
8           4           2.297



pe(j, m) - Production emission for producing one unit of item j on machine m. The production emission is period-independent.


1           1           0.392
1           2           0.196
1           3           0.222
1           4           0.246
2           1           0.218
2           2           0.609
2           3           0.122
2           4           0.767
3           1           0.44
3           2           0.161
3           3           0.21
3           4           0.323
4           1           0.454
4           2           0.555
4           3           0.129
4           4           0.635
5           1           0.328
5           2           0.464
5           3           0.16
5           4           0.236
6           1           0.4
6           2           0.748
6           3           0.161
6           4           0.649
7           1           0.324
7           2           0.381
7           3           0.162
7           4           0.611
8           1           0.492
8           2           0.189
8           3           0.222
8           4           0.861



hc(j) - Inventory-holding costs for one unit of item j for one period.


1           0.211
2           0.157
3           0.131
4           0.119
5           0.21
6           0.154
7           0.264
8           0.218



st(j, m) - Setup times for producing a lot of item j on machine m. The setup times are period-independent.


1           1           14.773
1           2           10.573
1           3           5.069
1           4           15.109
2           1           17.52
2           2           18.559
2           3           17.609
2           4           14.703
3           1           11.21
3           2           15.371
3           3           12.619
3           4           10.511
4           1           14.077
4           2           19.771
4           3           17.445
4           4           10.166
5           1           13.744
5           2           15.513
5           3           6.103
5           4           19.342
6           1           7.938
6           2           14.603
6           3           14.844
6           4           15.957
7           1           15.445
7           2           5.942
7           3           8.84
7           4           12.975
8           1           5.21
8           2           13.572
8           3           12.833
8           4           16.991



se(j, m) - Setup emission for producing a lot of item j on machine m. The setup emission are period-independent.


1           1           26.832
1           2           44.053
1           3           35.055
1           4           154.123
2           1           48.86
2           2           97.346
2           3           30.435
2           4           185.683
3           1           87.855
3           2           47.451
3           3           19.567
3           4           53.308
4           1           75.887
4           2           144.81
4           3           17.042
4           4           125.983
5           1           74.009
5           2           106.214
5           3           30.253
5           4           183.921
6           1           26.604
6           2           86.062
6           3           29.211
6           4           131.448
7           1           86.195
7           2           45.623
7           3           18.688
7           4           66.817
8           1           87.017
8           2           105.17
8           3           21.355
8           4           68.013



sc(j, m) - Setup costs for producing a lot of item j on machine m. The setup costs are period-independent.


1           1           25995.2
1           2           17330.133
1           3           51990.4
1           4           12997.6
2           1           19422.993
2           2           12948.662
2           3           38845.987
2           4           9711.497
3           1           16878.913
3           2           11252.609
3           3           33757.827
3           4           8439.457
4           1           13988.847
4           2           9325.898
4           3           27977.693
4           4           6994.423
5           1           25440.8
5           2           16960.533
5           3           50881.6
5           4           12720.4
6           1           19763.333
6           2           13175.556
6           3           39526.667
6           4           9881.667
7           1           34151.04
7           2           22767.36
7           3           68302.08
7           4           17075.52
8           1           26857.6
8           2           17905.067
8           3           53715.2
8           4           13428.8



bc(m) - Fixed investment cost for machine m.


1           3264.1807608230756
2           487.4211033200796
3           5613.5820935750735
4           4684.327056684176



ca(m, t) - The available capacity of machine m in period t.


1           1           186.6711259259259
1           2           186.6711259259259
1           3           186.6711259259259
1           4           186.6711259259259
1           5           186.6711259259259
1           6           186.6711259259259
2           1           186.6711259259259
2           2           186.6711259259259
2           3           186.6711259259259
2           4           186.6711259259259
2           5           186.6711259259259
2           6           186.6711259259259
3           1           186.6711259259259
3           2           186.6711259259259
3           3           186.6711259259259
3           4           186.6711259259259
3           5           186.6711259259259
3           6           186.6711259259259
4           1           186.6711259259259
4           2           186.6711259259259
4           3           186.6711259259259
4           4           186.6711259259259
4           5           186.6711259259259
4           6           186.6711259259259



em(t) - The limits of carbon emissions in period t.


1           619.9272333333332
2           619.9272333333332
3           619.9272333333332
4           619.9272333333332
5           619.9272333333332
6           619.9272333333332
