Information for the currently-owned machines and the machines that may be purchased: if 1, the machine can be purchased, otherwise currently-owned.


1           1.0
2           0.0
3           0.0
4           0.0



item_machine_arc(j, m) - The relationship arc between item j and machine m, i.e., machine m is capable of producing item j if item_machine_arc(j, m) = 1.


1           1           0.0
1           2           0.0
1           3           1.0
1           4           1.0
2           1           1.0
2           2           1.0
2           3           1.0
2           4           1.0
3           1           0.0
3           2           0.0
3           3           1.0
3           4           0.0
4           1           1.0
4           2           1.0
4           3           1.0
4           4           0.0
5           1           1.0
5           2           1.0
5           3           1.0
5           4           1.0
6           1           0.0
6           2           1.0
6           3           1.0
6           4           0.0
7           1           1.0
7           2           1.0
7           3           0.0
7           4           1.0
8           1           0.0
8           2           0.0
8           3           1.0
8           4           0.0



d(j, t) - Gross demand for item j in period t.


1           1           47
1           2           33
1           3           34
1           4           34
1           5           39
1           6           32
2           1           34
2           2           31
2           3           32
2           4           31
2           5           46
2           6           47
3           1           31
3           2           36
3           3           39
3           4           42
3           5           38
3           6           31
4           1           46
4           2           40
4           3           35
4           4           43
4           5           46
4           6           39
5           1           33
5           2           42
5           3           48
5           4           39
5           5           49
5           6           36
6           1           45
6           2           42
6           3           44
6           4           42
6           5           32
6           6           31
7           1           37
7           2           37
7           3           46
7           4           30
7           5           45
7           6           49
8           1           47
8           2           38
8           3           44
8           4           50
8           5           35
8           6           49



pt(j, m) - Time required to produce one unit of item j on machine m. The production time is period-independent.


1           1           1.152
1           2           0.62
1           3           1.415
1           4           1.38
2           1           1.076
2           2           0.545
2           3           1.205
2           4           0.622
3           1           0.768
3           2           1.428
3           3           0.87
3           4           1.205
4           1           1.145
4           2           0.86
4           3           0.749
4           4           1.302
5           1           1.478
5           2           1.21
5           3           0.93
5           4           1.351
6           1           0.738
6           2           0.705
6           3           1.063
6           4           0.873
7           1           0.585
7           2           1.256
7           3           1.437
7           4           0.923
8           1           1.39
8           2           0.541
8           3           0.838
8           4           0.88



pc(j, m) - Variable costs of producing one unit of item j on machine m. The production cost is period-independent.


1           1           2.154
1           2           7.667
1           3           4.986
1           4           2.621
2           1           1.622
2           2           11.262
2           3           2.258
2           4           2.159
3           1           3.23
3           2           6.157
3           3           5.891
3           4           1.121
4           1           2.517
4           2           11.7
4           3           2.316
4           4           1.792
5           1           2.219
5           2           7.428
5           3           5.269
5           4           2.166
6           1           3.482
6           2           6.595
6           3           3.791
6           4           2.077
7           1           3.827
7           2           4.444
7           3           3.529
7           4           2.794
8           1           2.249
8           2           5.607
8           3           4.665
8           4           1.84



pe(j, m) - Production emission for producing one unit of item j on machine m. The production emission is period-independent.


1           1           2.895
1           2           0.485
1           3           1.365
1           4           4.553
2           1           2.07
2           2           0.995
2           3           0.772
2           4           3.873
3           1           3.023
3           2           0.408
3           3           0.552
3           4           2.516
4           1           2.787
4           2           0.949
4           3           0.74
4           4           3.624
5           1           0.938
5           2           0.953
5           3           2.316
5           4           1.564
6           1           1.047
6           2           0.385
6           3           1.794
6           4           3.293
7           1           2.762
7           2           0.597
7           3           1.997
7           4           1.619
8           1           3.204
8           2           0.274
8           3           2.165
8           4           4.595



hc(j) - Inventory-holding costs for one unit of item j for one period.


1           0.263
2           0.174
3           0.201
4           0.297
5           0.2
6           0.216
7           0.235
8           0.144



st(j, m) - Setup times for producing a lot of item j on machine m. The setup times are period-independent.


1           1           30.392
1           2           32.403
1           3           33.9
1           4           56.018
2           1           65.798
2           2           79.328
2           3           89.19
2           4           68.82
3           1           35.197
3           2           64.091
3           3           31.037
3           4           69.026
4           1           41.771
4           2           60.938
4           3           42.218
4           4           28.032
5           1           66.66
5           2           39.734
5           3           66.468
5           4           77.626
6           1           71.849
6           2           38.311
6           3           37.725
6           4           94.772
7           1           45.195
7           2           85.193
7           3           88.576
7           4           41.083
8           1           88.591
8           2           84.555
8           3           57.888
8           4           82.599



se(j, m) - Setup emission for producing a lot of item j on machine m. The setup emission are period-independent.


1           1           24.474
1           2           6.462
1           3           17.803
1           4           30.258
2           1           15.916
2           2           5.89
2           3           5.833
2           4           37.895
3           1           15.397
3           2           5.856
3           3           17.251
3           4           32.485
4           1           17.608
4           2           8.908
4           3           16.402
4           4           20.042
5           1           8.922
5           2           4.425
5           3           15.258
5           4           10.56
6           1           27.131
6           2           4.922
6           3           9.256
6           4           18.589
7           1           27.035
7           2           9.68
7           3           13.156
7           4           36.609
8           1           29.945
8           2           5.664
8           3           17.921
8           4           37.174



sc(j, m) - Setup costs for producing a lot of item j on machine m. The setup costs are period-independent.


1           1           19710.973
1           2           59132.92
1           3           29566.46
1           4           14783.23
2           1           13159.813
2           2           39479.44
2           3           19739.72
2           4           9869.86
3           1           14926.707
3           2           44780.12
3           3           22390.06
3           4           11195.03
4           1           25308.36
4           2           75925.08
4           3           37962.54
4           4           18981.27
5           1           16905.778
5           2           50717.333
5           3           25358.667
5           4           12679.333
6           1           17445.12
6           2           52335.36
6           3           26167.68
6           4           13083.84
7           1           19623.022
7           2           58869.067
7           3           29434.533
7           4           14717.267
8           1           12960.64
8           2           38881.92
8           3           19440.96
8           4           9720.48



bc(m) - Fixed investment cost for machine m.


1           319.61934405209183
2           3992.751388129816
3           2024.6715749863608
4           4233.218523959105



ca(m, t) - The available capacity of machine m in period t.


1           1           267.0965376851852
1           2           267.0965376851852
1           3           267.0965376851852
1           4           267.0965376851852
1           5           267.0965376851852
1           6           267.0965376851852
2           1           267.0965376851852
2           2           267.0965376851852
2           3           267.0965376851852
2           4           267.0965376851852
2           5           267.0965376851852
2           6           267.0965376851852
3           1           267.0965376851852
3           2           267.0965376851852
3           3           267.0965376851852
3           4           267.0965376851852
3           5           267.0965376851852
3           6           267.0965376851852
4           1           267.0965376851852
4           2           267.0965376851852
4           3           267.0965376851852
4           4           267.0965376851852
4           5           267.0965376851852
4           6           267.0965376851852



em(t) - The limits of carbon emissions in period t.


1           827.5597944444444
2           827.5597944444444
3           827.5597944444444
4           827.5597944444444
5           827.5597944444444
6           827.5597944444444
