Information for the currently-owned machines and the machines that may be purchased: if 1, the machine can be purchased, otherwise currently-owned.


1           0.0
2           0.0
3           1.0
4           0.0



item_machine_arc(j, m) - The relationship arc between item j and machine m, i.e., machine m is capable of producing item j if item_machine_arc(j, m) = 1.


1           1           0.0
1           2           0.0
1           3           0.0
1           4           1.0
2           1           1.0
2           2           1.0
2           3           1.0
2           4           1.0
3           1           0.0
3           2           1.0
3           3           0.0
3           4           1.0
4           1           1.0
4           2           0.0
4           3           1.0
4           4           0.0
5           1           0.0
5           2           1.0
5           3           0.0
5           4           1.0
6           1           1.0
6           2           1.0
6           3           1.0
6           4           1.0
7           1           1.0
7           2           1.0
7           3           0.0
7           4           0.0
8           1           1.0
8           2           0.0
8           3           0.0
8           4           0.0



d(j, t) - Gross demand for item j in period t.


1           1           48
1           2           45
1           3           30
1           4           48
1           5           46
1           6           37
2           1           40
2           2           39
2           3           50
2           4           38
2           5           48
2           6           47
3           1           35
3           2           41
3           3           34
3           4           30
3           5           43
3           6           32
4           1           39
4           2           48
4           3           32
4           4           44
4           5           39
4           6           41
5           1           47
5           2           30
5           3           30
5           4           49
5           5           34
5           6           38
6           1           41
6           2           35
6           3           36
6           4           41
6           5           31
6           6           37
7           1           36
7           2           40
7           3           48
7           4           41
7           5           41
7           6           49
8           1           34
8           2           50
8           3           35
8           4           43
8           5           45
8           6           31



pt(j, m) - Time required to produce one unit of item j on machine m. The production time is period-independent.


1           1           0.978
1           2           0.882
1           3           1.055
1           4           0.745
2           1           1.272
2           2           0.516
2           3           0.938
2           4           1.33
3           1           0.603
3           2           0.682
3           3           1.456
3           4           1.026
4           1           0.906
4           2           1.109
4           3           1.479
4           4           1.055
5           1           1.353
5           2           1.413
5           3           1.373
5           4           0.717
6           1           0.742
6           2           0.529
6           3           0.857
6           4           1.23
7           1           1.151
7           2           0.926
7           3           1.358
7           4           0.549
8           1           0.645
8           2           0.679
8           3           0.685
8           4           0.971



pc(j, m) - Variable costs of producing one unit of item j on machine m. The production cost is period-independent.


1           1           2.064
1           2           3.742
1           3           10.96
1           4           5.175
2           1           1.06
2           2           2.958
2           3           11.109
2           4           4.054
3           1           1.365
3           2           1.76
3           3           7.538
3           4           4.281
4           1           2.255
4           2           2.446
4           3           5.536
4           4           5.731
5           1           2.526
5           2           1.395
5           3           8.951
5           4           3.48
6           1           1.638
6           2           1.647
6           3           4.655
6           4           4.927
7           1           2.355
7           2           2.763
7           3           11.712
7           4           4.218
8           1           2.132
8           2           2.095
8           3           11.488
8           4           4.892



pe(j, m) - Production emission for producing one unit of item j on machine m. The production emission is period-independent.


1           1           0.601
1           2           0.3
1           3           0.203
1           4           0.464
2           1           0.961
2           2           0.718
2           3           0.239
2           4           0.226
3           1           0.261
3           2           0.677
3           3           0.227
3           4           0.208
4           1           0.954
4           2           0.443
4           3           0.089
4           4           0.388
5           1           0.393
5           2           0.19
5           3           0.115
5           4           0.314
6           1           0.875
6           2           0.482
6           3           0.138
6           4           0.38
7           1           0.871
7           2           0.165
7           3           0.193
7           4           0.293
8           1           0.259
8           2           0.479
8           3           0.217
8           4           0.456



hc(j) - Inventory-holding costs for one unit of item j for one period.


1           0.231
2           0.145
3           0.258
4           0.27
5           0.107
6           0.27
7           0.283
8           0.15



st(j, m) - Setup times for producing a lot of item j on machine m. The setup times are period-independent.


1           1           18.625
1           2           19.066
1           3           16.511
1           4           9.992
2           1           17.817
2           2           14.992
2           3           14.637
2           4           19.79
3           1           8.325
3           2           15.157
3           3           14.451
3           4           8.741
4           1           19.339
4           2           14.228
4           3           9.847
4           4           15.944
5           1           10.839
5           2           12.813
5           3           15.116
5           4           9.023
6           1           7.768
6           2           14.865
6           3           7.569
6           4           19.136
7           1           7.283
7           2           14.289
7           3           16.958
7           4           7.969
8           1           16.542
8           2           5.617
8           3           15.947
8           4           14.383



se(j, m) - Setup emission for producing a lot of item j on machine m. The setup emission are period-independent.


1           1           193.238
1           2           117.546
1           3           43.25
1           4           97.081
2           1           121.693
2           2           97.093
2           3           34.762
2           4           97.121
3           1           85.955
3           2           130.747
3           3           36.282
3           4           43.646
4           1           167.56
4           2           107.819
4           3           17.857
4           4           97.604
5           1           108.787
5           2           89.042
5           3           31.031
5           4           29.623
6           1           94.996
6           2           145.996
6           3           19.83
6           4           95.211
7           1           71.328
7           2           118.919
7           3           33.253
7           4           76.762
8           1           53.685
8           2           71.515
8           3           41.686
8           4           72.757



sc(j, m) - Setup costs for producing a lot of item j on machine m. The setup costs are period-independent.


1           1           15059.66
1           2           20079.547
1           3           60238.64
1           4           30119.32
2           1           9750.767
2           2           13001.022
2           3           39003.067
2           4           19501.533
3           1           14237.3
3           2           18983.067
3           3           56949.2
3           4           28474.6
4           1           16839.9
4           2           22453.2
4           3           67359.6
4           4           33679.8
5           1           6261.64
5           2           8348.853
5           3           25046.56
5           4           12523.28
6           1           15315.3
6           2           20420.4
6           3           61261.2
6           4           30630.6
7           1           18522.35
7           2           24696.467
7           3           74089.4
7           4           37044.7
8           1           9163.0
8           2           12217.333
8           3           36652.0
8           4           18326.0



bc(m) - Fixed investment cost for machine m.


1           1624.4490604651962
2           5040.481829495902
3           15064.498485053688
4           4956.516878222846



ca(m, t) - The available capacity of machine m in period t.


1           1           178.53160111111112
1           2           178.53160111111112
1           3           178.53160111111112
1           4           178.53160111111112
1           5           178.53160111111112
1           6           178.53160111111112
2           1           178.53160111111112
2           2           178.53160111111112
2           3           178.53160111111112
2           4           178.53160111111112
2           5           178.53160111111112
2           6           178.53160111111112
3           1           178.53160111111112
3           2           178.53160111111112
3           3           178.53160111111112
3           4           178.53160111111112
3           5           178.53160111111112
3           6           178.53160111111112
4           1           178.53160111111112
4           2           178.53160111111112
4           3           178.53160111111112
4           4           178.53160111111112
4           5           178.53160111111112
4           6           178.53160111111112



em(t) - The limits of carbon emissions in period t.


1           658.0791583333333
2           658.0791583333333
3           658.0791583333333
4           658.0791583333333
5           658.0791583333333
6           658.0791583333333
