Information for the currently-owned machines and the machines that may be purchased: if 1, the machine can be purchased, otherwise currently-owned.


1           0.0
2           1.0
3           0.0
4           0.0



item_machine_arc(j, m) - The relationship arc between item j and machine m, i.e., machine m is capable of producing item j if item_machine_arc(j, m) = 1.


1           1           0.0
1           2           1.0
1           3           0.0
1           4           0.0
2           1           1.0
2           2           0.0
2           3           0.0
2           4           0.0
3           1           1.0
3           2           1.0
3           3           0.0
3           4           1.0
4           1           1.0
4           2           0.0
4           3           1.0
4           4           0.0
5           1           0.0
5           2           0.0
5           3           0.0
5           4           1.0
6           1           1.0
6           2           1.0
6           3           1.0
6           4           1.0
7           1           1.0
7           2           1.0
7           3           0.0
7           4           0.0
8           1           0.0
8           2           0.0
8           3           0.0
8           4           1.0



d(j, t) - Gross demand for item j in period t.


1           1           43
1           2           38
1           3           37
1           4           44
1           5           46
1           6           48
2           1           46
2           2           37
2           3           39
2           4           50
2           5           33
2           6           35
3           1           37
3           2           48
3           3           48
3           4           47
3           5           40
3           6           44
4           1           45
4           2           37
4           3           43
4           4           48
4           5           43
4           6           47
5           1           42
5           2           47
5           3           33
5           4           40
5           5           46
5           6           39
6           1           35
6           2           43
6           3           43
6           4           36
6           5           42
6           6           49
7           1           37
7           2           41
7           3           48
7           4           48
7           5           48
7           6           33
8           1           35
8           2           32
8           3           46
8           4           33
8           5           42
8           6           44



pt(j, m) - Time required to produce one unit of item j on machine m. The production time is period-independent.


1           1           1.458
1           2           0.928
1           3           0.653
1           4           1.424
2           1           0.575
2           2           0.887
2           3           0.986
2           4           0.655
3           1           1.278
3           2           1.309
3           3           0.988
3           4           0.955
4           1           1.159
4           2           1.463
4           3           0.751
4           4           1.411
5           1           0.89
5           2           1.44
5           3           0.69
5           4           0.553
6           1           0.656
6           2           1.485
6           3           0.711
6           4           0.994
7           1           0.868
7           2           1.171
7           3           1.175
7           4           0.977
8           1           0.767
8           2           1.262
8           3           0.65
8           4           1.108



pc(j, m) - Variable costs of producing one unit of item j on machine m. The production cost is period-independent.


1           1           1.784
1           2           4.676
1           3           2.66
1           4           1.761
2           1           2.175
2           2           5.533
2           3           3.015
2           4           2.838
3           1           2.253
3           2           7.449
3           3           4.636
3           4           1.155
4           1           3.875
4           2           10.437
4           3           4.841
4           4           2.063
5           1           2.638
5           2           11.154
5           3           2.487
5           4           2.62
6           1           2.094
6           2           8.906
6           3           5.423
6           4           2.526
7           1           2.58
7           2           9.208
7           3           2.017
7           4           2.998
8           1           2.355
8           2           9.054
8           3           4.68
8           4           2.014



pe(j, m) - Production emission for producing one unit of item j on machine m. The production emission is period-independent.


1           1           1.768
1           2           0.959
1           3           2.291
1           4           2.433
2           1           2.944
2           2           0.555
2           3           2.44
2           4           2.106
3           1           2.569
3           2           0.69
3           3           1.385
3           4           2.474
4           1           0.823
4           2           0.64
4           3           1.897
4           4           4.718
5           1           1.932
5           2           1.194
5           3           1.948
5           4           1.707
6           1           3.685
6           2           0.707
6           3           0.794
6           4           4.485
7           1           2.96
7           2           1.119
7           3           0.844
7           4           3.119
8           1           2.713
8           2           0.707
8           3           1.565
8           4           2.358



hc(j) - Inventory-holding costs for one unit of item j for one period.


1           0.121
2           0.261
3           0.251
4           0.17
5           0.246
6           0.173
7           0.166
8           0.298



st(j, m) - Setup times for producing a lot of item j on machine m. The setup times are period-independent.


1           1           5.819
1           2           19.717
1           3           5.234
1           4           13.031
2           1           9.108
2           2           15.03
2           3           10.151
2           4           13.775
3           1           17.441
3           2           9.947
3           3           11.888
3           4           7.821
4           1           9.032
4           2           12.028
4           3           6.433
4           4           8.458
5           1           16.333
5           2           16.18
5           3           15.197
5           4           18.291
6           1           9.964
6           2           6.578
6           3           5.351
6           4           6.486
7           1           11.641
7           2           15.117
7           3           14.228
7           4           9.978
8           1           12.63
8           2           16.898
8           3           8.435
8           4           18.381



se(j, m) - Setup emission for producing a lot of item j on machine m. The setup emission are period-independent.


1           1           53.5
1           2           30.579
1           3           51.972
1           4           190.711
2           1           91.196
2           2           31.25
2           3           29.799
2           4           177.57
3           1           143.461
3           2           35.826
3           3           37.532
3           4           139.308
4           1           114.436
4           2           36.196
4           3           92.943
4           4           152.441
5           1           57.119
5           2           48.679
5           3           77.999
5           4           140.983
6           1           57.162
6           2           44.16
6           3           56.527
6           4           196.405
7           1           53.727
7           2           29.369
7           3           38.697
7           4           170.318
8           1           90.473
8           2           43.825
8           3           29.12
8           4           158.157



sc(j, m) - Setup costs for producing a lot of item j on machine m. The setup costs are period-independent.


1           1           9636.978
1           2           28910.933
1           3           14455.467
1           4           7227.733
2           1           19488.0
2           2           58464.0
2           3           29232.0
2           4           14616.0
3           1           20615.467
3           2           61846.4
3           3           30923.2
3           4           15461.6
4           1           13909.778
4           2           41729.333
4           3           20864.667
4           4           10432.333
5           1           18903.733
5           2           56711.2
5           3           28355.6
5           4           14177.8
6           1           13347.911
6           2           40043.733
6           3           20021.867
6           4           10010.933
7           1           13169.333
7           2           39508.0
7           3           19754.0
7           4           9877.0
8           1           21508.978
8           2           64526.933
8           3           32263.467
8           4           16131.733



bc(m) - Fixed investment cost for machine m.


1           507.575280446273
2           14343.812180657416
3           5954.332350725387
4           562.7472091637503



ca(m, t) - The available capacity of machine m in period t.


1           1           183.67231361111112
1           2           183.67231361111112
1           3           183.67231361111112
1           4           183.67231361111112
1           5           183.67231361111112
1           6           183.67231361111112
2           1           183.67231361111112
2           2           183.67231361111112
2           3           183.67231361111112
2           4           183.67231361111112
2           5           183.67231361111112
2           6           183.67231361111112
3           1           183.67231361111112
3           2           183.67231361111112
3           3           183.67231361111112
3           4           183.67231361111112
3           5           183.67231361111112
3           6           183.67231361111112
4           1           183.67231361111112
4           2           183.67231361111112
4           3           183.67231361111112
4           4           183.67231361111112
4           5           183.67231361111112
4           6           183.67231361111112



em(t) - The limits of carbon emissions in period t.


1           1587.5732950000001
2           1587.5732950000001
3           1587.5732950000001
4           1587.5732950000001
5           1587.5732950000001
6           1587.5732950000001
