Information for the currently-owned machines and the machines that may be purchased: if 1, the machine can be purchased, otherwise currently-owned.


1           0.0
2           0.0
3           0.0
4           1.0



item_machine_arc(j, m) - The relationship arc between item j and machine m, i.e., machine m is capable of producing item j if item_machine_arc(j, m) = 1.


1           1           0.0
1           2           0.0
1           3           1.0
1           4           1.0
2           1           0.0
2           2           0.0
2           3           0.0
2           4           1.0
3           1           0.0
3           2           1.0
3           3           0.0
3           4           1.0
4           1           1.0
4           2           1.0
4           3           0.0
4           4           1.0
5           1           1.0
5           2           1.0
5           3           1.0
5           4           1.0
6           1           1.0
6           2           1.0
6           3           1.0
6           4           0.0
7           1           1.0
7           2           1.0
7           3           1.0
7           4           1.0
8           1           1.0
8           2           1.0
8           3           1.0
8           4           1.0



d(j, t) - Gross demand for item j in period t.


1           1           31
1           2           42
1           3           45
1           4           50
1           5           46
1           6           43
2           1           45
2           2           46
2           3           40
2           4           37
2           5           39
2           6           49
3           1           32
3           2           38
3           3           37
3           4           44
3           5           33
3           6           44
4           1           41
4           2           31
4           3           47
4           4           37
4           5           42
4           6           50
5           1           30
5           2           31
5           3           40
5           4           50
5           5           48
5           6           50
6           1           47
6           2           37
6           3           50
6           4           50
6           5           41
6           6           47
7           1           42
7           2           34
7           3           36
7           4           39
7           5           48
7           6           30
8           1           41
8           2           48
8           3           36
8           4           31
8           5           42
8           6           35



pt(j, m) - Time required to produce one unit of item j on machine m. The production time is period-independent.


1           1           0.51
1           2           0.937
1           3           0.879
1           4           1.201
2           1           1.096
2           2           1.231
2           3           1.455
2           4           1.051
3           1           0.832
3           2           1.06
3           3           0.775
3           4           0.619
4           1           1.405
4           2           1.239
4           3           0.93
4           4           0.837
5           1           0.733
5           2           0.947
5           3           1.082
5           4           0.539
6           1           0.894
6           2           0.621
6           3           1.033
6           4           0.59
7           1           0.601
7           2           1.46
7           3           0.947
7           4           1.406
8           1           0.762
8           2           1.215
8           3           0.712
8           4           0.939



pc(j, m) - Variable costs of producing one unit of item j on machine m. The production cost is period-independent.


1           1           2.797
1           2           2.263
1           3           4.814
1           4           3.611
2           1           2.014
2           2           1.862
2           3           11.032
2           4           3.518
3           1           2.359
3           2           2.494
3           3           6.618
3           4           2.003
4           1           5.996
4           2           2.314
4           3           8.199
4           4           2.179
5           1           3.22
5           2           2.127
5           3           5.431
5           4           1.438
6           1           2.122
6           2           2.774
6           3           10.806
6           4           3.592
7           1           5.456
7           2           1.513
7           3           9.244
7           4           2.476
8           1           2.402
8           2           2.804
8           3           10.735
8           4           3.892



pe(j, m) - Production emission for producing one unit of item j on machine m. The production emission is period-independent.


1           1           0.809
1           2           2.312
1           3           0.251
1           4           0.985
2           1           0.926
2           2           2.667
2           3           0.771
2           4           0.973
3           1           0.68
3           2           3.459
3           3           1.105
3           4           2.658
4           1           1.31
4           2           1.668
4           3           0.752
4           4           3.236
5           1           1.288
5           2           3.373
5           3           1.116
5           4           3.233
6           1           2.468
6           2           2.502
6           3           0.418
6           4           0.75
7           1           1.206
7           2           4.921
7           3           0.844
7           4           2.767
8           1           1.845
8           2           3.12
8           3           0.692
8           4           2.848



hc(j) - Inventory-holding costs for one unit of item j for one period.


1           0.299
2           0.221
3           0.293
4           0.136
5           0.234
6           0.201
7           0.144
8           0.103



st(j, m) - Setup times for producing a lot of item j on machine m. The setup times are period-independent.


1           1           75.545
1           2           50.585
1           3           48.144
1           4           76.609
2           1           45.393
2           2           57.734
2           3           86.291
2           4           87.991
3           1           68.764
3           2           72.935
3           3           76.046
3           4           59.841
4           1           39.289
4           2           48.562
4           3           93.586
4           4           54.834
5           1           49.156
5           2           72.157
5           3           85.909
5           4           99.796
6           1           97.091
6           2           73.165
6           3           85.952
6           4           74.911
7           1           31.585
7           2           52.566
7           3           69.485
7           4           64.636
8           1           48.499
8           2           95.821
8           3           25.233
8           4           31.983



se(j, m) - Setup emission for producing a lot of item j on machine m. The setup emission are period-independent.


1           1           68.224
1           2           193.185
1           3           47.776
1           4           41.606
2           1           94.631
2           2           114.5
2           3           16.965
2           4           147.562
3           1           27.228
3           2           170.695
3           3           29.595
3           4           105.028
4           1           38.525
4           2           65.098
4           3           43.162
4           4           54.87
5           1           48.917
5           2           154.293
5           3           34.216
5           4           115.837
6           1           51.218
6           2           199.103
6           3           39.103
6           4           111.09
7           1           67.339
7           2           110.735
7           3           34.98
7           4           63.642
8           1           50.128
8           2           67.443
8           3           25.074
8           4           75.683



sc(j, m) - Setup costs for producing a lot of item j on machine m. The setup costs are period-independent.


1           1           39446.073
1           2           19723.037
1           3           78892.147
1           4           26297.382
2           1           29042.347
2           2           14521.173
2           3           58084.693
2           4           19361.564
3           1           34292.72
3           2           17146.36
3           3           68585.44
3           4           22861.813
4           1           17313.707
4           2           8656.853
4           3           34627.413
4           4           11542.471
5           1           29909.88
5           2           14954.94
5           3           59819.76
5           4           19939.92
6           1           28064.96
6           2           14032.48
6           3           56129.92
6           4           18709.973
7           1           16927.68
7           2           8463.84
7           3           33855.36
7           4           11285.12
8           1           12319.487
8           2           6159.743
8           3           24638.973
8           4           8212.991



bc(m) - Fixed investment cost for machine m.


1           692.1193771024236
2           2980.9723464571803
3           3241.7600345946184
4           5926.165451945833



ca(m, t) - The available capacity of machine m in period t.


1           1           273.0250509259259
1           2           273.0250509259259
1           3           273.0250509259259
1           4           273.0250509259259
1           5           273.0250509259259
1           6           273.0250509259259
2           1           273.0250509259259
2           2           273.0250509259259
2           3           273.0250509259259
2           4           273.0250509259259
2           5           273.0250509259259
2           6           273.0250509259259
3           1           273.0250509259259
3           2           273.0250509259259
3           3           273.0250509259259
3           4           273.0250509259259
3           5           273.0250509259259
3           6           273.0250509259259
4           1           273.0250509259259
4           2           273.0250509259259
4           3           273.0250509259259
4           4           273.0250509259259
4           5           273.0250509259259
4           6           273.0250509259259



em(t) - The limits of carbon emissions in period t.


1           1487.568047777778
2           1487.568047777778
3           1487.568047777778
4           1487.568047777778
5           1487.568047777778
6           1487.568047777778
