Information for the currently-owned machines and the machines that may be purchased: if 1, the machine can be purchased, otherwise currently-owned.


1           0.0
2           0.0
3           1.0
4           0.0



item_machine_arc(j, m) - The relationship arc between item j and machine m, i.e., machine m is capable of producing item j if item_machine_arc(j, m) = 1.


1           1           1.0
1           2           1.0
1           3           1.0
1           4           1.0
2           1           1.0
2           2           1.0
2           3           1.0
2           4           1.0
3           1           1.0
3           2           1.0
3           3           0.0
3           4           1.0
4           1           0.0
4           2           0.0
4           3           0.0
4           4           1.0
5           1           0.0
5           2           1.0
5           3           0.0
5           4           0.0
6           1           1.0
6           2           1.0
6           3           1.0
6           4           1.0
7           1           0.0
7           2           0.0
7           3           1.0
7           4           0.0
8           1           1.0
8           2           0.0
8           3           1.0
8           4           1.0



d(j, t) - Gross demand for item j in period t.


1           1           41
1           2           39
1           3           45
1           4           33
1           5           33
1           6           39
2           1           45
2           2           30
2           3           34
2           4           37
2           5           45
2           6           38
3           1           39
3           2           50
3           3           32
3           4           46
3           5           40
3           6           33
4           1           50
4           2           44
4           3           34
4           4           47
4           5           38
4           6           30
5           1           50
5           2           31
5           3           31
5           4           34
5           5           34
5           6           45
6           1           30
6           2           40
6           3           48
6           4           43
6           5           50
6           6           40
7           1           47
7           2           45
7           3           35
7           4           48
7           5           36
7           6           45
8           1           39
8           2           34
8           3           47
8           4           43
8           5           35
8           6           49



pt(j, m) - Time required to produce one unit of item j on machine m. The production time is period-independent.


1           1           1.023
1           2           0.66
1           3           1.211
1           4           0.683
2           1           0.758
2           2           1.107
2           3           1.24
2           4           0.664
3           1           1.348
3           2           0.6
3           3           1.039
3           4           0.875
4           1           0.793
4           2           1.222
4           3           1.303
4           4           1.169
5           1           0.989
5           2           0.646
5           3           1.111
5           4           1.216
6           1           0.754
6           2           1.495
6           3           0.545
6           4           0.8
7           1           1.357
7           2           1.401
7           3           0.802
7           4           1.441
8           1           0.541
8           2           1.039
8           3           0.821
8           4           0.709



pc(j, m) - Variable costs of producing one unit of item j on machine m. The production cost is period-independent.


1           1           11.841
1           2           1.073
1           3           5.665
1           4           2.68
2           1           4.131
2           2           2.857
2           3           3.183
2           4           3.563
3           1           7.187
3           2           1.133
3           3           5.577
3           4           3.853
4           1           5.927
4           2           1.852
4           3           2.861
4           4           2.394
5           1           10.603
5           2           1.392
5           3           4.709
5           4           2.08
6           1           11.865
6           2           2.721
6           3           2.679
6           4           2.416
7           1           11.405
7           2           1.958
7           3           5.266
7           4           1.374
8           1           5.201
8           2           1.143
8           3           2.854
8           4           1.818



pe(j, m) - Production emission for producing one unit of item j on machine m. The production emission is period-independent.


1           1           0.21
1           2           0.286
1           3           0.489
1           4           0.39
2           1           0.216
2           2           0.543
2           3           0.462
2           4           0.19
3           1           0.052
3           2           0.383
3           3           0.218
3           4           0.748
4           1           0.093
4           2           0.977
4           3           0.258
4           4           0.327
5           1           0.097
5           2           0.579
5           3           0.416
5           4           0.735
6           1           0.187
6           2           0.809
6           3           0.428
6           4           0.58
7           1           0.079
7           2           0.916
7           3           0.283
7           4           0.418
8           1           0.057
8           2           0.671
8           3           0.213
8           4           0.733



hc(j) - Inventory-holding costs for one unit of item j for one period.


1           0.186
2           0.279
3           0.224
4           0.143
5           0.111
6           0.112
7           0.192
8           0.142



st(j, m) - Setup times for producing a lot of item j on machine m. The setup times are period-independent.


1           1           17.477
1           2           14.124
1           3           19.91
1           4           8.836
2           1           12.227
2           2           18.343
2           3           9.71
2           4           15.18
3           1           16.004
3           2           11.601
3           3           11.398
3           4           11.449
4           1           8.579
4           2           8.213
4           3           13.729
4           4           12.703
5           1           6.176
5           2           8.522
5           3           14.316
5           4           11.35
6           1           17.939
6           2           8.411
6           3           17.457
6           4           16.114
7           1           12.553
7           2           7.842
7           3           17.51
7           4           16.226
8           1           10.695
8           2           17.296
8           3           18.384
8           4           17.678



se(j, m) - Setup emission for producing a lot of item j on machine m. The setup emission are period-independent.


1           1           8.291
1           2           36.889
1           3           18.581
1           4           11.687
2           1           9.024
2           2           16.655
2           3           11.992
2           4           10.721
3           1           4.78
3           2           11.929
3           3           13.15
3           4           21.024
4           1           7.894
4           2           39.922
4           3           5.093
4           4           11.426
5           1           8.667
5           2           29.436
5           3           17.414
5           4           13.155
6           1           8.747
6           2           24.907
6           3           6.712
6           4           24.19
7           1           4.336
7           2           16.106
7           3           18.331
7           4           13.687
8           1           9.19
8           2           21.317
8           3           5.16
8           4           20.556



sc(j, m) - Setup costs for producing a lot of item j on machine m. The setup costs are period-independent.


1           1           43920.8
1           2           10980.2
1           3           21960.4
1           4           14640.267
2           1           65594.76
2           2           16398.69
2           3           32797.38
2           4           21864.92
3           1           55193.6
3           2           13798.4
3           3           27596.8
3           4           18397.867
4           1           35675.64
4           2           8918.91
4           3           17837.82
4           4           11891.88
5           1           25641.0
5           2           6410.25
5           3           12820.5
5           4           8547.0
6           1           28861.653
6           2           7215.413
6           3           14430.827
6           4           9620.551
7           1           50462.72
7           2           12615.68
7           3           25231.36
7           4           16820.907
8           1           36009.307
8           2           9002.327
8           3           18004.653
8           4           12003.102



bc(m) - Fixed investment cost for machine m.


1           10939.59983835203
2           1609.0716017523177
3           7327.440505803943
4           5091.169682732218



ca(m, t) - The available capacity of machine m in period t.


1           1           172.12661990740742
1           2           172.12661990740742
1           3           172.12661990740742
1           4           172.12661990740742
1           5           172.12661990740742
1           6           172.12661990740742
2           1           172.12661990740742
2           2           172.12661990740742
2           3           172.12661990740742
2           4           172.12661990740742
2           5           172.12661990740742
2           6           172.12661990740742
3           1           172.12661990740742
3           2           172.12661990740742
3           3           172.12661990740742
3           4           172.12661990740742
3           5           172.12661990740742
3           6           172.12661990740742
4           1           172.12661990740742
4           2           172.12661990740742
4           3           172.12661990740742
4           4           172.12661990740742
4           5           172.12661990740742
4           6           172.12661990740742



em(t) - The limits of carbon emissions in period t.


1           291.70489638888887
2           291.70489638888887
3           291.70489638888887
4           291.70489638888887
5           291.70489638888887
6           291.70489638888887
