Information for the currently-owned machines and the machines that may be purchased: if 1, the machine can be purchased, otherwise currently-owned.


1           0.0
2           1.0
3           0.0
4           0.0



item_machine_arc(j, m) - The relationship arc between item j and machine m, i.e., machine m is capable of producing item j if item_machine_arc(j, m) = 1.


1           1           0.0
1           2           0.0
1           3           1.0
1           4           0.0
2           1           0.0
2           2           1.0
2           3           0.0
2           4           0.0
3           1           1.0
3           2           0.0
3           3           1.0
3           4           0.0
4           1           0.0
4           2           0.0
4           3           1.0
4           4           1.0
5           1           0.0
5           2           0.0
5           3           1.0
5           4           1.0
6           1           0.0
6           2           1.0
6           3           1.0
6           4           0.0
7           1           1.0
7           2           1.0
7           3           1.0
7           4           1.0
8           1           1.0
8           2           0.0
8           3           0.0
8           4           0.0



d(j, t) - Gross demand for item j in period t.


1           1           50
1           2           50
1           3           36
1           4           34
1           5           49
1           6           38
2           1           45
2           2           35
2           3           42
2           4           50
2           5           39
2           6           47
3           1           43
3           2           47
3           3           44
3           4           35
3           5           49
3           6           38
4           1           50
4           2           42
4           3           38
4           4           33
4           5           33
4           6           47
5           1           34
5           2           37
5           3           35
5           4           36
5           5           46
5           6           33
6           1           43
6           2           39
6           3           30
6           4           49
6           5           48
6           6           38
7           1           34
7           2           31
7           3           39
7           4           47
7           5           34
7           6           49
8           1           44
8           2           36
8           3           42
8           4           46
8           5           50
8           6           39



pt(j, m) - Time required to produce one unit of item j on machine m. The production time is period-independent.


1           1           0.947
1           2           1.49
1           3           0.937
1           4           0.627
2           1           1.376
2           2           0.627
2           3           1.233
2           4           0.967
3           1           0.622
3           2           1.416
3           3           0.639
3           4           1.238
4           1           1.111
4           2           1.42
4           3           0.711
4           4           1.407
5           1           1.254
5           2           0.537
5           3           0.95
5           4           0.679
6           1           0.784
6           2           0.633
6           3           0.531
6           4           0.595
7           1           0.917
7           2           0.545
7           3           1.229
7           4           0.715
8           1           1.037
8           2           1.093
8           3           0.609
8           4           0.641



pc(j, m) - Variable costs of producing one unit of item j on machine m. The production cost is period-independent.


1           1           2.911
1           2           2.317
1           3           1.617
1           4           10.479
2           1           1.029
2           2           2.419
2           3           2.676
2           4           11.505
3           1           2.359
3           2           2.858
3           3           2.759
3           4           5.6
4           1           1.286
4           2           3.028
4           3           2.972
4           4           6.726
5           1           2.14
5           2           3.939
5           3           2.692
5           4           8.318
6           1           2.623
6           2           4.15
6           3           2.352
6           4           8.271
7           1           1.057
7           2           2.849
7           3           2.262
7           4           6.468
8           1           1.799
8           2           5.577
8           3           3.18
8           4           7.398



pe(j, m) - Production emission for producing one unit of item j on machine m. The production emission is period-independent.


1           1           0.934
1           2           0.263
1           3           0.744
1           4           0.214
2           1           0.251
2           2           0.311
2           3           0.574
2           4           0.066
3           1           0.274
3           2           0.249
3           3           0.379
3           4           0.146
4           1           0.772
4           2           0.266
4           3           0.675
4           4           0.18
5           1           0.396
5           2           0.19
5           3           0.353
5           4           0.247
6           1           0.547
6           2           0.269
6           3           0.698
6           4           0.101
7           1           0.216
7           2           0.432
7           3           0.38
7           4           0.223
8           1           0.4
8           2           0.44
8           3           0.478
8           4           0.213



hc(j) - Inventory-holding costs for one unit of item j for one period.


1           0.234
2           0.282
3           0.284
4           0.264
5           0.224
6           0.148
7           0.12
8           0.158



st(j, m) - Setup times for producing a lot of item j on machine m. The setup times are period-independent.


1           1           16.675
1           2           15.836
1           3           8.407
1           4           5.284
2           1           18.122
2           2           15.948
2           3           19.34
2           4           14.283
3           1           13.991
3           2           5.789
3           3           17.114
3           4           17.739
4           1           13.532
4           2           13.224
4           3           17.321
4           4           8.769
5           1           15.99
5           2           19.685
5           3           5.264
5           4           8.888
6           1           14.069
6           2           6.775
6           3           17.283
6           4           16.184
7           1           16.08
7           2           18.13
7           3           7.069
7           4           17.949
8           1           10.155
8           2           11.562
8           3           18.628
8           4           6.973



se(j, m) - Setup emission for producing a lot of item j on machine m. The setup emission are period-independent.


1           1           11.31
1           2           12.75
1           3           29.515
1           4           5.962
2           1           35.455
2           2           16.955
2           3           27.698
2           4           5.417
3           1           26.899
3           2           8.268
3           3           15.02
3           4           6.495
4           1           26.736
4           2           8.218
4           3           20.638
4           4           3.268
5           1           32.55
5           2           14.693
5           3           11.959
5           4           5.03
6           1           17.913
6           2           17.206
6           3           10.574
6           4           4.6
7           1           21.668
7           2           13.659
7           3           15.565
7           4           3.486
8           1           30.06
8           2           13.532
8           3           10.009
8           4           6.693



sc(j, m) - Setup costs for producing a lot of item j on machine m. The setup costs are period-independent.


1           1           14032.2
1           2           28064.4
1           3           18709.6
1           4           56128.8
2           1           16976.4
2           2           33952.8
2           3           22635.2
2           4           67905.6
3           1           16964.267
3           2           33928.533
3           3           22619.022
3           4           67857.067
4           1           14968.8
4           2           29937.6
4           3           19958.4
4           4           59875.2
5           1           11550.933
5           2           23101.867
5           3           15401.244
5           4           46203.733
6           1           8529.733
6           2           17059.467
6           3           11372.978
6           4           34118.933
7           1           6552.0
7           2           13104.0
7           3           8736.0
7           4           26208.0
8           1           9474.733
8           2           18949.467
8           3           12632.978
8           4           37898.933



bc(m) - Fixed investment cost for machine m.


1           1937.0897169174839
2           3994.16526816691
3           1646.5485016531607
4           342.99036394788817



ca(m, t) - The available capacity of machine m in period t.


1           1           162.71785444444444
1           2           162.71785444444444
1           3           162.71785444444444
1           4           162.71785444444444
1           5           162.71785444444444
1           6           162.71785444444444
2           1           162.71785444444444
2           2           162.71785444444444
2           3           162.71785444444444
2           4           162.71785444444444
2           5           162.71785444444444
2           6           162.71785444444444
3           1           162.71785444444444
3           2           162.71785444444444
3           3           162.71785444444444
3           4           162.71785444444444
3           5           162.71785444444444
3           6           162.71785444444444
4           1           162.71785444444444
4           2           162.71785444444444
4           3           162.71785444444444
4           4           162.71785444444444
4           5           162.71785444444444
4           6           162.71785444444444



em(t) - The limits of carbon emissions in period t.


1           293.2731666666666
2           293.2731666666666
3           293.2731666666666
4           293.2731666666666
5           293.2731666666666
6           293.2731666666666
