Information for the currently-owned machines and the machines that may be purchased: if 1, the machine can be purchased, otherwise currently-owned.


1           0.0
2           0.0
3           0.0
4           1.0



item_machine_arc(j, m) - The relationship arc between item j and machine m, i.e., machine m is capable of producing item j if item_machine_arc(j, m) = 1.


1           1           0.0
1           2           0.0
1           3           0.0
1           4           1.0
2           1           1.0
2           2           0.0
2           3           1.0
2           4           1.0
3           1           1.0
3           2           1.0
3           3           1.0
3           4           1.0
4           1           1.0
4           2           1.0
4           3           1.0
4           4           1.0
5           1           1.0
5           2           0.0
5           3           0.0
5           4           1.0
6           1           0.0
6           2           0.0
6           3           0.0
6           4           1.0
7           1           1.0
7           2           0.0
7           3           1.0
7           4           0.0
8           1           0.0
8           2           1.0
8           3           0.0
8           4           0.0



d(j, t) - Gross demand for item j in period t.


1           1           37
1           2           32
1           3           49
1           4           36
1           5           49
1           6           37
2           1           42
2           2           40
2           3           43
2           4           35
2           5           38
2           6           31
3           1           47
3           2           39
3           3           49
3           4           41
3           5           37
3           6           46
4           1           32
4           2           38
4           3           36
4           4           45
4           5           34
4           6           44
5           1           32
5           2           45
5           3           36
5           4           47
5           5           35
5           6           31
6           1           45
6           2           43
6           3           35
6           4           47
6           5           49
6           6           45
7           1           40
7           2           46
7           3           50
7           4           44
7           5           37
7           6           35
8           1           43
8           2           46
8           3           32
8           4           41
8           5           43
8           6           36



pt(j, m) - Time required to produce one unit of item j on machine m. The production time is period-independent.


1           1           0.788
1           2           1.096
1           3           1.209
1           4           1.078
2           1           0.877
2           2           1.39
2           3           0.854
2           4           0.799
3           1           0.946
3           2           0.914
3           3           1.417
3           4           1.102
4           1           1.137
4           2           0.891
4           3           0.677
4           4           0.519
5           1           0.858
5           2           1.031
5           3           0.698
5           4           1.06
6           1           1.133
6           2           1.496
6           3           1.214
6           4           1.309
7           1           0.94
7           2           0.805
7           3           0.947
7           4           1.271
8           1           1.459
8           2           0.976
8           3           1.458
8           4           1.324



pc(j, m) - Variable costs of producing one unit of item j on machine m. The production cost is period-independent.


1           1           2.734
1           2           2.203
1           3           6.426
1           4           3.401
2           1           3.644
2           2           1.643
2           3           5.948
2           4           4.22
3           1           1.406
3           2           1.462
3           3           6.947
3           4           4.44
4           1           3.982
4           2           1.71
4           3           5.205
4           4           4.77
5           1           2.164
5           2           2.907
5           3           11.962
5           4           5.887
6           1           3.547
6           2           1.047
6           3           9.398
6           4           5.304
7           1           3.222
7           2           2.127
7           3           10.899
7           4           5.031
8           1           2.43
8           2           1.895
8           3           4.654
8           4           3.971



pe(j, m) - Production emission for producing one unit of item j on machine m. The production emission is period-independent.


1           1           0.439
1           2           0.957
1           3           0.231
1           4           0.39
2           1           0.487
2           2           0.724
2           3           0.069
2           4           0.361
3           1           0.22
3           2           0.991
3           3           0.226
3           4           0.328
4           1           0.357
4           2           0.708
4           3           0.102
4           4           0.222
5           1           0.256
5           2           0.854
5           3           0.118
5           4           0.263
6           1           0.185
6           2           0.765
6           3           0.197
6           4           0.22
7           1           0.369
7           2           0.526
7           3           0.069
7           4           0.301
8           1           0.172
8           2           0.782
8           3           0.086
8           4           0.333



hc(j) - Inventory-holding costs for one unit of item j for one period.


1           0.139
2           0.265
3           0.129
4           0.224
5           0.272
6           0.214
7           0.18
8           0.122



st(j, m) - Setup times for producing a lot of item j on machine m. The setup times are period-independent.


1           1           9.634
1           2           12.086
1           3           18.408
1           4           9.51
2           1           17.455
2           2           7.785
2           3           16.002
2           4           16.78
3           1           19.105
3           2           19.27
3           3           17.012
3           4           15.822
4           1           14.887
4           2           9.096
4           3           18.717
4           4           18.443
5           1           8.175
5           2           5.395
5           3           12.597
5           4           7.677
6           1           7.952
6           2           12.689
6           3           10.501
6           4           5.631
7           1           10.793
7           2           14.271
7           3           14.383
7           4           9.658
8           1           13.781
8           2           11.824
8           3           7.173
8           4           15.637



se(j, m) - Setup emission for producing a lot of item j on machine m. The setup emission are period-independent.


1           1           19.717
1           2           22.722
1           3           8.421
1           4           14.277
2           1           9.391
2           2           16.375
2           3           7.889
2           4           16.404
3           1           27.766
3           2           26.287
3           3           5.923
3           4           19.618
4           1           24.49
4           2           37.698
4           3           4.851
4           4           5.485
5           1           14.591
5           2           20.742
5           3           6.326
5           4           14.0
6           1           28.14
6           2           17.482
6           3           9.105
6           4           16.737
7           1           26.103
7           2           35.44
7           3           2.644
7           4           12.744
8           1           11.967
8           2           20.418
8           3           4.516
8           4           15.749



sc(j, m) - Setup costs for producing a lot of item j on machine m. The setup costs are period-independent.


1           1           10378.667
1           2           7784.0
1           3           31136.0
1           4           15568.0
2           1           18879.778
2           2           14159.833
2           3           56639.333
2           4           28319.667
3           1           10394.533
3           2           7795.9
3           3           31183.6
3           4           15591.8
4           1           15958.756
4           2           11969.067
4           3           47876.267
4           4           23938.133
5           1           19124.622
5           2           14343.467
5           3           57373.867
5           4           28686.933
6           1           17576.533
6           2           13182.4
6           3           52729.6
6           4           26364.8
7           1           14112.0
7           2           10584.0
7           3           42336.0
7           4           21168.0
8           1           9147.289
8           2           6860.467
8           3           27441.867
8           4           13720.933



bc(m) - Fixed investment cost for machine m.


1           464.7791924007779
2           1520.2646042778533
3           18000.324639595383
4           7816.064492106445



ca(m, t) - The available capacity of machine m in period t.


1           1           174.78094537037035
1           2           174.78094537037035
1           3           174.78094537037035
1           4           174.78094537037035
1           5           174.78094537037035
1           6           174.78094537037035
2           1           174.78094537037035
2           2           174.78094537037035
2           3           174.78094537037035
2           4           174.78094537037035
2           5           174.78094537037035
2           6           174.78094537037035
3           1           174.78094537037035
3           2           174.78094537037035
3           3           174.78094537037035
3           4           174.78094537037035
3           5           174.78094537037035
3           6           174.78094537037035
4           1           174.78094537037035
4           2           174.78094537037035
4           3           174.78094537037035
4           4           174.78094537037035
4           5           174.78094537037035
4           6           174.78094537037035



em(t) - The limits of carbon emissions in period t.


1           258.03263888888887
2           258.03263888888887
3           258.03263888888887
4           258.03263888888887
5           258.03263888888887
6           258.03263888888887
