Information for the currently-owned machines and the machines that may be purchased: if 1, the machine can be purchased, otherwise currently-owned.


1           0.0
2           0.0
3           1.0
4           0.0



item_machine_arc(j, m) - The relationship arc between item j and machine m, i.e., machine m is capable of producing item j if item_machine_arc(j, m) = 1.


1           1           0.0
1           2           0.0
1           3           0.0
1           4           1.0
2           1           0.0
2           2           1.0
2           3           0.0
2           4           0.0
3           1           1.0
3           2           1.0
3           3           1.0
3           4           1.0
4           1           1.0
4           2           1.0
4           3           1.0
4           4           1.0
5           1           1.0
5           2           1.0
5           3           0.0
5           4           0.0
6           1           1.0
6           2           0.0
6           3           0.0
6           4           1.0
7           1           0.0
7           2           1.0
7           3           0.0
7           4           1.0
8           1           0.0
8           2           1.0
8           3           1.0
8           4           1.0



d(j, t) - Gross demand for item j in period t.


1           1           35
1           2           43
1           3           38
1           4           47
1           5           30
1           6           31
2           1           47
2           2           39
2           3           38
2           4           34
2           5           40
2           6           45
3           1           47
3           2           30
3           3           47
3           4           39
3           5           42
3           6           36
4           1           49
4           2           38
4           3           44
4           4           30
4           5           30
4           6           34
5           1           47
5           2           50
5           3           48
5           4           32
5           5           39
5           6           49
6           1           30
6           2           45
6           3           31
6           4           45
6           5           32
6           6           32
7           1           49
7           2           31
7           3           40
7           4           36
7           5           43
7           6           34
8           1           50
8           2           45
8           3           36
8           4           40
8           5           38
8           6           31



pt(j, m) - Time required to produce one unit of item j on machine m. The production time is period-independent.


1           1           0.588
1           2           1.143
1           3           0.9
1           4           1.339
2           1           0.858
2           2           0.992
2           3           1.394
2           4           1.334
3           1           0.699
3           2           1.376
3           3           1.237
3           4           1.29
4           1           1.4
4           2           1.24
4           3           0.983
4           4           1.147
5           1           0.542
5           2           1.283
5           3           0.61
5           4           1.382
6           1           1.069
6           2           0.792
6           3           0.883
6           4           0.505
7           1           1.007
7           2           0.527
7           3           1.268
7           4           1.449
8           1           1.251
8           2           0.736
8           3           1.324
8           4           0.929



pc(j, m) - Variable costs of producing one unit of item j on machine m. The production cost is period-independent.


1           1           2.768
1           2           4.962
1           3           2.452
1           4           8.357
2           1           3.962
2           2           2.041
2           3           1.289
2           4           11.013
3           1           2.979
3           2           2.902
3           3           1.228
3           4           5.947
4           1           1.684
4           2           3.621
4           3           1.885
4           4           10.948
5           1           3.309
5           2           4.966
5           3           1.52
5           4           6.675
6           1           3.802
6           2           2.497
6           3           2.339
6           4           11.07
7           1           3.971
7           2           4.344
7           3           2.419
7           4           7.779
8           1           2.254
8           2           4.843
8           3           2.038
8           4           8.823



pe(j, m) - Production emission for producing one unit of item j on machine m. The production emission is period-independent.


1           1           2.967
1           2           2.144
1           3           2.662
1           4           1.203
2           1           1.823
2           2           0.878
2           3           4.936
2           4           0.695
3           1           3.524
3           2           0.96
3           3           2.248
3           4           0.999
4           1           3.713
4           2           1.84
4           3           3.864
4           4           1.138
5           1           2.339
5           2           0.608
5           3           3.861
5           4           1.167
6           1           3.587
6           2           0.802
6           3           3.682
6           4           0.899
7           1           0.956
7           2           1.526
7           3           2.985
7           4           0.641
8           1           1.44
8           2           1.902
8           3           1.432
8           4           0.589



hc(j) - Inventory-holding costs for one unit of item j for one period.


1           0.17
2           0.105
3           0.109
4           0.196
5           0.22
6           0.135
7           0.202
8           0.205



st(j, m) - Setup times for producing a lot of item j on machine m. The setup times are period-independent.


1           1           87.578
1           2           27.103
1           3           62.871
1           4           61.973
2           1           53.143
2           2           43.995
2           3           37.182
2           4           96.647
3           1           92.576
3           2           58.714
3           3           28.43
3           4           96.615
4           1           90.772
4           2           69.484
4           3           74.549
4           4           89.07
5           1           96.664
5           2           44.056
5           3           38.824
5           4           29.028
6           1           31.552
6           2           85.761
6           3           71.019
6           4           88.682
7           1           75.765
7           2           87.195
7           3           42.438
7           4           25.682
8           1           28.541
8           2           51.496
8           3           57.428
8           4           55.652



se(j, m) - Setup emission for producing a lot of item j on machine m. The setup emission are period-independent.


1           1           12.523
1           2           19.618
1           3           34.59
1           4           6.824
2           1           18.311
2           2           15.813
2           3           35.193
2           4           6.762
3           1           18.821
3           2           5.246
3           3           14.398
3           4           4.738
4           1           18.118
4           2           17.726
4           3           20.735
4           4           5.436
5           1           23.28
5           2           18.85
5           3           23.356
5           4           9.236
6           1           18.824
6           2           12.741
6           3           14.089
6           4           6.079
7           1           13.303
7           2           16.983
7           3           39.298
7           4           5.024
8           1           28.772
8           2           19.13
8           3           23.746
8           4           6.373



sc(j, m) - Setup costs for producing a lot of item j on machine m. The setup costs are period-independent.


1           1           13031.822
1           2           19547.733
1           3           9773.867
1           4           39095.467
2           1           8731.8
2           2           13097.7
2           3           6548.85
2           4           26195.4
3           1           8989.836
3           2           13484.753
3           3           6742.377
3           4           26969.507
4           1           15092.0
4           2           22638.0
4           3           11319.0
4           4           45276.0
5           1           19951.556
5           2           29927.333
5           3           14963.667
5           4           59854.667
6           1           9933.0
6           2           14899.5
6           3           7449.75
6           4           29799.0
7           1           16107.031
7           2           24160.547
7           3           12080.273
7           4           48321.093
8           1           16837.333
8           2           25256.0
8           3           12628.0
8           4           50512.0



bc(m) - Fixed investment cost for machine m.


1           5833.229994803039
2           7190.209253582436
3           34.97210448729249
4           7979.414583013875



ca(m, t) - The available capacity of machine m in period t.


1           1           269.1344833333333
1           2           269.1344833333333
1           3           269.1344833333333
1           4           269.1344833333333
1           5           269.1344833333333
1           6           269.1344833333333
2           1           269.1344833333333
2           2           269.1344833333333
2           3           269.1344833333333
2           4           269.1344833333333
2           5           269.1344833333333
2           6           269.1344833333333
3           1           269.1344833333333
3           2           269.1344833333333
3           3           269.1344833333333
3           4           269.1344833333333
3           5           269.1344833333333
3           6           269.1344833333333
4           1           269.1344833333333
4           2           269.1344833333333
4           3           269.1344833333333
4           4           269.1344833333333
4           5           269.1344833333333
4           6           269.1344833333333



em(t) - The limits of carbon emissions in period t.


1           772.5640999999999
2           772.5640999999999
3           772.5640999999999
4           772.5640999999999
5           772.5640999999999
6           772.5640999999999
