Information for the currently-owned machines and the machines that may be purchased: if 1, the machine can be purchased, otherwise currently-owned.


1           0.0
2           0.0
3           1.0
4           0.0



item_machine_arc(j, m) - The relationship arc between item j and machine m, i.e., machine m is capable of producing item j if item_machine_arc(j, m) = 1.


1           1           1.0
1           2           1.0
1           3           1.0
1           4           0.0
2           1           0.0
2           2           0.0
2           3           1.0
2           4           0.0
3           1           0.0
3           2           1.0
3           3           1.0
3           4           0.0
4           1           1.0
4           2           0.0
4           3           1.0
4           4           0.0
5           1           0.0
5           2           1.0
5           3           0.0
5           4           1.0
6           1           0.0
6           2           1.0
6           3           0.0
6           4           1.0
7           1           0.0
7           2           1.0
7           3           1.0
7           4           0.0
8           1           1.0
8           2           1.0
8           3           1.0
8           4           1.0



d(j, t) - Gross demand for item j in period t.


1           1           45
1           2           32
1           3           46
1           4           40
1           5           41
1           6           46
2           1           37
2           2           43
2           3           34
2           4           47
2           5           44
2           6           41
3           1           48
3           2           46
3           3           34
3           4           50
3           5           39
3           6           46
4           1           39
4           2           38
4           3           36
4           4           45
4           5           44
4           6           38
5           1           44
5           2           44
5           3           47
5           4           46
5           5           43
5           6           31
6           1           40
6           2           41
6           3           45
6           4           38
6           5           31
6           6           32
7           1           40
7           2           31
7           3           31
7           4           49
7           5           43
7           6           40
8           1           34
8           2           45
8           3           34
8           4           46
8           5           50
8           6           35



pt(j, m) - Time required to produce one unit of item j on machine m. The production time is period-independent.


1           1           1.306
1           2           0.629
1           3           1.454
1           4           0.897
2           1           1.292
2           2           0.579
2           3           1.332
2           4           1.057
3           1           1.197
3           2           0.961
3           3           0.724
3           4           0.624
4           1           0.585
4           2           1.067
4           3           0.83
4           4           0.972
5           1           0.85
5           2           1.144
5           3           1.327
5           4           0.656
6           1           0.571
6           2           0.528
6           3           1.476
6           4           0.841
7           1           1.466
7           2           0.982
7           3           0.962
7           4           0.891
8           1           1.021
8           2           0.804
8           3           0.641
8           4           0.52



pc(j, m) - Variable costs of producing one unit of item j on machine m. The production cost is period-independent.


1           1           7.786
1           2           3.766
1           3           1.703
1           4           1.7
2           1           8.39
2           2           3.403
2           3           1.962
2           4           1.845
3           1           7.354
3           2           5.324
3           3           2.698
3           4           3.354
4           1           10.355
4           2           5.091
4           3           1.666
4           4           3.603
5           1           11.93
5           2           3.115
5           3           2.024
5           4           1.71
6           1           8.346
6           2           4.498
6           3           1.971
6           4           2.659
7           1           4.45
7           2           2.098
7           3           2.323
7           4           1.55
8           1           5.242
8           2           5.373
8           3           2.031
8           4           2.902



pe(j, m) - Production emission for producing one unit of item j on machine m. The production emission is period-independent.


1           1           0.108
1           2           0.257
1           3           0.66
1           4           0.463
2           1           0.097
2           2           0.292
2           3           0.276
2           4           0.565
3           1           0.237
3           2           0.168
3           3           0.986
3           4           0.236
4           1           0.162
4           2           0.35
4           3           0.34
4           4           0.605
5           1           0.189
5           2           0.478
5           3           0.913
5           4           0.171
6           1           0.199
6           2           0.327
6           3           0.546
6           4           0.235
7           1           0.055
7           2           0.181
7           3           0.86
7           4           0.242
8           1           0.104
8           2           0.429
8           3           0.989
8           4           0.513



hc(j) - Inventory-holding costs for one unit of item j for one period.


1           0.156
2           0.166
3           0.184
4           0.132
5           0.135
6           0.176
7           0.108
8           0.23



st(j, m) - Setup times for producing a lot of item j on machine m. The setup times are period-independent.


1           1           72.297
1           2           38.487
1           3           89.799
1           4           61.097
2           1           77.626
2           2           51.828
2           3           73.756
2           4           88.838
3           1           62.662
3           2           30.814
3           3           61.419
3           4           34.733
4           1           65.544
4           2           30.791
4           3           38.854
4           4           88.123
5           1           60.952
5           2           44.376
5           3           85.568
5           4           28.571
6           1           74.016
6           2           74.049
6           3           67.792
6           4           38.966
7           1           27.732
7           2           93.957
7           3           41.256
7           4           56.385
8           1           55.726
8           2           54.827
8           3           28.791
8           4           25.094



se(j, m) - Setup emission for producing a lot of item j on machine m. The setup emission are period-independent.


1           1           23.697
1           2           59.259
1           3           157.308
1           4           116.622
2           1           29.915
2           2           41.13
2           3           97.364
2           4           135.334
3           1           36.928
3           2           91.732
3           3           50.671
3           4           76.917
4           1           32.238
4           2           73.274
4           3           66.424
4           4           132.323
5           1           13.167
5           2           32.978
5           3           168.055
5           4           99.199
6           1           26.26
6           2           59.626
6           3           79.58
6           4           110.123
7           1           38.587
7           2           42.926
7           3           157.8
7           4           138.477
8           1           40.131
8           2           76.14
8           3           147.776
8           4           101.381



sc(j, m) - Setup costs for producing a lot of item j on machine m. The setup costs are period-independent.


1           1           36400.0
1           2           18200.0
1           3           9100.0
1           4           12133.333
2           1           38113.6
2           2           19056.8
2           3           9528.4
2           4           12704.533
3           1           45165.867
3           2           22582.933
3           3           11291.467
3           4           15055.289
4           1           29568.0
4           2           14784.0
4           3           7392.0
4           4           9856.0
5           1           32130.0
5           2           16065.0
5           3           8032.5
5           4           10710.0
6           1           37288.533
6           2           18644.267
6           3           9322.133
6           4           12429.511
7           1           23587.2
7           2           11793.6
7           3           5896.8
7           4           7862.4
8           1           52378.667
8           2           26189.333
8           3           13094.667
8           4           17459.556



bc(m) - Fixed investment cost for machine m.


1           13679.899031504088
2           2565.439119306432
3           215.5899129421579
4           277.8414301112371



ca(m, t) - The available capacity of machine m in period t.


1           1           242.49790185185188
1           2           242.49790185185188
1           3           242.49790185185188
1           4           242.49790185185188
1           5           242.49790185185188
1           6           242.49790185185188
2           1           242.49790185185188
2           2           242.49790185185188
2           3           242.49790185185188
2           4           242.49790185185188
2           5           242.49790185185188
2           6           242.49790185185188
3           1           242.49790185185188
3           2           242.49790185185188
3           3           242.49790185185188
3           4           242.49790185185188
3           5           242.49790185185188
3           6           242.49790185185188
4           1           242.49790185185188
4           2           242.49790185185188
4           3           242.49790185185188
4           4           242.49790185185188
4           5           242.49790185185188
4           6           242.49790185185188



em(t) - The limits of carbon emissions in period t.


1           625.2802888888889
2           625.2802888888889
3           625.2802888888889
4           625.2802888888889
5           625.2802888888889
6           625.2802888888889
