Information for the currently-owned machines and the machines that may be purchased: if 1, the machine can be purchased, otherwise currently-owned.


1           0.0
2           0.0
3           0.0
4           1.0



item_machine_arc(j, m) - The relationship arc between item j and machine m, i.e., machine m is capable of producing item j if item_machine_arc(j, m) = 1.


1           1           0.0
1           2           1.0
1           3           0.0
1           4           0.0
2           1           0.0
2           2           0.0
2           3           1.0
2           4           0.0
3           1           1.0
3           2           0.0
3           3           0.0
3           4           0.0
4           1           0.0
4           2           0.0
4           3           0.0
4           4           1.0
5           1           1.0
5           2           1.0
5           3           1.0
5           4           0.0
6           1           1.0
6           2           1.0
6           3           1.0
6           4           1.0
7           1           0.0
7           2           1.0
7           3           1.0
7           4           1.0
8           1           1.0
8           2           0.0
8           3           1.0
8           4           1.0



d(j, t) - Gross demand for item j in period t.


1           1           47
1           2           47
1           3           34
1           4           37
1           5           31
1           6           40
2           1           30
2           2           31
2           3           34
2           4           33
2           5           48
2           6           30
3           1           32
3           2           45
3           3           36
3           4           40
3           5           33
3           6           47
4           1           42
4           2           35
4           3           32
4           4           39
4           5           31
4           6           41
5           1           42
5           2           37
5           3           33
5           4           35
5           5           35
5           6           43
6           1           44
6           2           48
6           3           32
6           4           50
6           5           48
6           6           41
7           1           35
7           2           33
7           3           48
7           4           40
7           5           34
7           6           50
8           1           31
8           2           40
8           3           49
8           4           30
8           5           34
8           6           34



pt(j, m) - Time required to produce one unit of item j on machine m. The production time is period-independent.


1           1           0.507
1           2           1.361
1           3           0.925
1           4           1.314
2           1           0.968
2           2           1.488
2           3           0.753
2           4           1.398
3           1           0.638
3           2           0.692
3           3           0.565
3           4           1.097
4           1           1.009
4           2           1.005
4           3           0.989
4           4           1.091
5           1           0.908
5           2           0.569
5           3           0.903
5           4           0.708
6           1           1.305
6           2           1.468
6           3           0.52
6           4           1.455
7           1           1.129
7           2           0.558
7           3           1.455
7           4           0.71
8           1           1.304
8           2           0.877
8           3           1.092
8           4           0.94



pc(j, m) - Variable costs of producing one unit of item j on machine m. The production cost is period-independent.


1           1           3.766
1           2           4.548
1           3           2.95
1           4           1.864
2           1           5.593
2           2           7.112
2           3           1.703
2           4           1.158
3           1           5.789
3           2           11.147
3           3           3.861
3           4           1.612
4           1           4.605
4           2           7.12
4           3           3.266
4           4           1.818
5           1           2.785
5           2           11.284
5           3           1.475
5           4           1.147
6           1           3.511
6           2           10.574
6           3           3.673
6           4           1.276
7           1           4.36
7           2           10.921
7           3           3.223
7           4           1.821
8           1           4.74
8           2           6.304
8           3           2.342
8           4           2.534



pe(j, m) - Production emission for producing one unit of item j on machine m. The production emission is period-independent.


1           1           1.465
1           2           0.632
1           3           1.101
1           4           3.615
2           1           0.526
2           2           1.115
2           3           0.979
2           4           2.006
3           1           1.148
3           2           0.696
3           3           2.027
3           4           1.707
4           1           1.137
4           2           0.872
4           3           2.622
4           4           4.261
5           1           0.643
5           2           0.428
5           3           1.973
5           4           4.5
6           1           1.788
6           2           0.857
6           3           1.765
6           4           3.638
7           1           1.723
7           2           1.186
7           3           3.202
7           4           4.677
8           1           1.282
8           2           0.351
8           3           3.366
8           4           3.171



hc(j) - Inventory-holding costs for one unit of item j for one period.


1           0.289
2           0.194
3           0.288
4           0.279
5           0.199
6           0.171
7           0.249
8           0.205



st(j, m) - Setup times for producing a lot of item j on machine m. The setup times are period-independent.


1           1           15.608
1           2           6.553
1           3           15.224
1           4           6.924
2           1           13.19
2           2           7.907
2           3           5.693
2           4           9.832
3           1           17.565
3           2           13.949
3           3           13.972
3           4           9.049
4           1           11.653
4           2           6.807
4           3           11.712
4           4           5.085
5           1           8.04
5           2           18.069
5           3           7.694
5           4           16.54
6           1           14.978
6           2           16.379
6           3           18.798
6           4           10.618
7           1           7.431
7           2           13.635
7           3           7.543
7           4           8.13
8           1           13.569
8           2           8.697
8           3           10.285
8           4           10.265



se(j, m) - Setup emission for producing a lot of item j on machine m. The setup emission are period-independent.


1           1           18.472
1           2           3.795
1           3           17.603
1           4           29.237
2           1           9.776
2           2           9.064
2           3           11.298
2           4           34.883
3           1           11.816
3           2           8.848
3           3           28.602
3           4           17.141
4           1           15.518
4           2           9.458
4           3           19.169
4           4           15.619
5           1           14.139
5           2           2.859
5           3           24.793
5           4           11.8
6           1           6.044
6           2           7.598
6           3           26.868
6           4           33.072
7           1           15.934
7           2           9.564
7           3           28.481
7           4           14.65
8           1           6.296
8           2           3.615
8           3           25.005
8           4           32.117



sc(j, m) - Setup costs for producing a lot of item j on machine m. The setup costs are period-independent.


1           1           31828.533
1           2           63657.067
1           3           21219.022
1           4           15914.267
2           1           18649.867
2           2           37299.733
2           3           12433.244
2           4           9324.933
3           1           31315.2
3           2           62630.4
3           3           20876.8
3           4           15657.6
4           1           28644.0
4           2           57288.0
4           3           19096.0
4           4           14322.0
5           1           20895.0
5           2           41790.0
5           3           13930.0
5           4           10447.5
6           1           20987.4
6           2           41974.8
6           3           13991.6
6           4           10493.7
7           1           27888.0
7           2           55776.0
7           3           18592.0
7           4           13944.0
8           1           20855.333
8           2           41710.667
8           3           13903.556
8           4           10427.667



bc(m) - Fixed investment cost for machine m.


1           332.68270494276607
2           8196.958626839643
3           2411.9038116927168
4           3952.3065649064065



ca(m, t) - The available capacity of machine m in period t.


1           1           160.4884361111111
1           2           160.4884361111111
1           3           160.4884361111111
1           4           160.4884361111111
1           5           160.4884361111111
1           6           160.4884361111111
2           1           160.4884361111111
2           2           160.4884361111111
2           3           160.4884361111111
2           4           160.4884361111111
2           5           160.4884361111111
2           6           160.4884361111111
3           1           160.4884361111111
3           2           160.4884361111111
3           3           160.4884361111111
3           4           160.4884361111111
3           5           160.4884361111111
3           6           160.4884361111111
4           1           160.4884361111111
4           2           160.4884361111111
4           3           160.4884361111111
4           4           160.4884361111111
4           5           160.4884361111111
4           6           160.4884361111111



em(t) - The limits of carbon emissions in period t.


1           1013.125232777778
2           1013.125232777778
3           1013.125232777778
4           1013.125232777778
5           1013.125232777778
6           1013.125232777778
