Information for the currently-owned machines and the machines that may be purchased: if 1, the machine can be purchased, otherwise currently-owned.


1           1.0
2           0.0
3           0.0
4           0.0



item_machine_arc(j, m) - The relationship arc between item j and machine m, i.e., machine m is capable of producing item j if item_machine_arc(j, m) = 1.


1           1           1.0
1           2           1.0
1           3           0.0
1           4           1.0
2           1           0.0
2           2           0.0
2           3           1.0
2           4           0.0
3           1           0.0
3           2           1.0
3           3           0.0
3           4           0.0
4           1           1.0
4           2           0.0
4           3           0.0
4           4           0.0
5           1           1.0
5           2           0.0
5           3           1.0
5           4           1.0
6           1           0.0
6           2           1.0
6           3           0.0
6           4           0.0
7           1           1.0
7           2           0.0
7           3           0.0
7           4           0.0
8           1           1.0
8           2           1.0
8           3           1.0
8           4           1.0



d(j, t) - Gross demand for item j in period t.


1           1           42
1           2           38
1           3           40
1           4           47
1           5           37
1           6           32
2           1           46
2           2           30
2           3           45
2           4           46
2           5           46
2           6           30
3           1           49
3           2           49
3           3           30
3           4           34
3           5           49
3           6           42
4           1           30
4           2           45
4           3           49
4           4           48
4           5           33
4           6           42
5           1           39
5           2           49
5           3           47
5           4           31
5           5           31
5           6           41
6           1           36
6           2           36
6           3           37
6           4           46
6           5           32
6           6           31
7           1           48
7           2           48
7           3           30
7           4           48
7           5           44
7           6           45
8           1           46
8           2           49
8           3           32
8           4           31
8           5           40
8           6           33



pt(j, m) - Time required to produce one unit of item j on machine m. The production time is period-independent.


1           1           1.029
1           2           0.706
1           3           1.45
1           4           1.432
2           1           0.553
2           2           0.588
2           3           0.739
2           4           1.197
3           1           1.108
3           2           0.712
3           3           1.017
3           4           0.789
4           1           1.352
4           2           0.67
4           3           1.151
4           4           0.856
5           1           1.06
5           2           1.455
5           3           0.593
5           4           1.301
6           1           1.209
6           2           1.494
6           3           0.989
6           4           1.309
7           1           1.291
7           2           0.962
7           3           1.25
7           4           1.32
8           1           0.799
8           2           0.816
8           3           1.1
8           4           1.228



pc(j, m) - Variable costs of producing one unit of item j on machine m. The production cost is period-independent.


1           1           2.291
1           2           9.971
1           3           5.138
1           4           3.963
2           1           1.79
2           2           5.082
2           3           4.337
2           4           2.739
3           1           2.484
3           2           7.124
3           3           4.451
3           4           3.487
4           1           1.972
4           2           11.099
4           3           4.48
4           4           3.027
5           1           2.38
5           2           11.09
5           3           3.906
5           4           1.572
6           1           1.584
6           2           9.768
6           3           2.538
6           4           3.435
7           1           2.563
7           2           11.722
7           3           5.725
7           4           1.508
8           1           2.356
8           2           9.33
8           3           2.492
8           4           3.319



pe(j, m) - Production emission for producing one unit of item j on machine m. The production emission is period-independent.


1           1           4.934
1           2           0.338
1           3           1.6
1           4           1.647
2           1           3.354
2           2           0.815
2           3           0.671
2           4           3.45
3           1           2.965
3           2           1.014
3           3           1.744
3           4           2.204
4           1           3.344
4           2           0.913
4           3           0.873
4           4           2.004
5           1           2.537
5           2           0.653
5           3           1.616
5           4           2.023
6           1           2.23
6           2           0.417
6           3           1.96
6           4           1.623
7           1           4.635
7           2           0.277
7           3           1.484
7           4           3.567
8           1           1.99
8           2           0.671
8           3           1.357
8           4           1.414



hc(j) - Inventory-holding costs for one unit of item j for one period.


1           0.154
2           0.221
3           0.101
4           0.225
5           0.125
6           0.193
7           0.283
8           0.295



st(j, m) - Setup times for producing a lot of item j on machine m. The setup times are period-independent.


1           1           5.977
1           2           15.139
1           3           11.122
1           4           8.142
2           1           16.513
2           2           7.967
2           3           17.449
2           4           8.965
3           1           13.495
3           2           15.845
3           3           18.851
3           4           6.16
4           1           14.808
4           2           16.489
4           3           7.52
4           4           18.532
5           1           14.304
5           2           18.319
5           3           18.231
5           4           15.221
6           1           8.717
6           2           19.115
6           3           6.987
6           4           6.785
7           1           16.605
7           2           14.05
7           3           7.49
7           4           12.321
8           1           17.791
8           2           10.8
8           3           13.819
8           4           6.014



se(j, m) - Setup emission for producing a lot of item j on machine m. The setup emission are period-independent.


1           1           140.349
1           2           40.497
1           3           52.726
1           4           87.212
2           1           148.463
2           2           29.661
2           3           61.575
2           4           103.707
3           1           128.708
3           2           23.954
3           3           29.359
3           4           112.423
4           1           150.33
4           2           25.685
4           3           59.083
4           4           38.681
5           1           124.453
5           2           25.219
5           3           53.598
5           4           138.745
6           1           100.478
6           2           45.571
6           3           28.336
6           4           41.014
7           1           117.297
7           2           31.335
7           3           65.362
7           4           116.397
8           1           88.123
8           2           17.903
8           3           50.844
8           4           138.884



sc(j, m) - Setup costs for producing a lot of item j on machine m. The setup costs are period-independent.


1           1           9328.293
1           2           37313.173
1           3           18656.587
1           4           12437.724
2           1           13783.77
2           2           55135.08
2           3           27567.54
2           4           18378.36
3           1           6558.603
3           2           26234.413
3           3           13117.207
3           4           8744.804
4           1           14264.25
4           2           57057.0
4           3           28528.5
4           4           19019.0
5           1           7635.833
5           2           30543.333
5           3           15271.667
5           4           10181.111
6           1           10798.993
6           2           43195.973
6           3           21597.987
6           4           14398.658
7           1           19103.443
7           2           76413.773
7           3           38206.887
7           4           25471.258
8           1           17490.55
8           2           69962.2
8           3           34981.1
8           4           23320.733



bc(m) - Fixed investment cost for machine m.


1           2594.4313062497426
2           18667.312902013477
3           9570.494098666115
4           2348.1242106562613



ca(m, t) - The available capacity of machine m in period t.


1           1           208.31719027777777
1           2           208.31719027777777
1           3           208.31719027777777
1           4           208.31719027777777
1           5           208.31719027777777
1           6           208.31719027777777
2           1           208.31719027777777
2           2           208.31719027777777
2           3           208.31719027777777
2           4           208.31719027777777
2           5           208.31719027777777
2           6           208.31719027777777
3           1           208.31719027777777
3           2           208.31719027777777
3           3           208.31719027777777
3           4           208.31719027777777
3           5           208.31719027777777
3           6           208.31719027777777
4           1           208.31719027777777
4           2           208.31719027777777
4           3           208.31719027777777
4           4           208.31719027777777
4           5           208.31719027777777
4           6           208.31719027777777



em(t) - The limits of carbon emissions in period t.


1           1378.131961111111
2           1378.131961111111
3           1378.131961111111
4           1378.131961111111
5           1378.131961111111
6           1378.131961111111
