Information for the currently-owned machines and the machines that may be purchased: if 1, the machine can be purchased, otherwise currently-owned.


1           0.0
2           0.0
3           0.0
4           1.0



item_machine_arc(j, m) - The relationship arc between item j and machine m, i.e., machine m is capable of producing item j if item_machine_arc(j, m) = 1.


1           1           1.0
1           2           1.0
1           3           1.0
1           4           1.0
2           1           1.0
2           2           0.0
2           3           1.0
2           4           0.0
3           1           1.0
3           2           0.0
3           3           1.0
3           4           1.0
4           1           1.0
4           2           1.0
4           3           1.0
4           4           0.0
5           1           1.0
5           2           0.0
5           3           1.0
5           4           1.0
6           1           1.0
6           2           1.0
6           3           1.0
6           4           1.0
7           1           0.0
7           2           0.0
7           3           1.0
7           4           0.0
8           1           1.0
8           2           1.0
8           3           1.0
8           4           1.0



d(j, t) - Gross demand for item j in period t.


1           1           46
1           2           49
1           3           34
1           4           34
1           5           39
1           6           34
2           1           34
2           2           41
2           3           35
2           4           37
2           5           40
2           6           41
3           1           37
3           2           30
3           3           39
3           4           39
3           5           37
3           6           43
4           1           50
4           2           42
4           3           37
4           4           48
4           5           42
4           6           37
5           1           44
5           2           46
5           3           49
5           4           38
5           5           50
5           6           48
6           1           49
6           2           35
6           3           48
6           4           40
6           5           35
6           6           50
7           1           35
7           2           32
7           3           41
7           4           47
7           5           44
7           6           45
8           1           44
8           2           49
8           3           38
8           4           32
8           5           38
8           6           37



pt(j, m) - Time required to produce one unit of item j on machine m. The production time is period-independent.


1           1           1.41
1           2           0.771
1           3           1.28
1           4           0.802
2           1           1.383
2           2           0.612
2           3           1.33
2           4           1.002
3           1           1.116
3           2           1.313
3           3           1.038
3           4           0.993
4           1           1.261
4           2           1.456
4           3           0.513
4           4           0.942
5           1           0.822
5           2           1.14
5           3           1.369
5           4           0.878
6           1           0.544
6           2           1.426
6           3           1.19
6           4           0.724
7           1           0.527
7           2           1.058
7           3           0.824
7           4           0.798
8           1           1.325
8           2           0.876
8           3           0.605
8           4           1.065



pc(j, m) - Variable costs of producing one unit of item j on machine m. The production cost is period-independent.


1           1           5.403
1           2           1.482
1           3           3.325
1           4           2.811
2           1           8.466
2           2           2.933
2           3           5.899
2           4           2.239
3           1           9.353
3           2           1.06
3           3           3.443
3           4           2.048
4           1           9.442
4           2           2.011
4           3           4.797
4           4           2.627
5           1           11.232
5           2           1.995
5           3           2.325
5           4           3.347
6           1           10.717
6           2           1.06
6           3           3.757
6           4           2.761
7           1           8.137
7           2           2.368
7           3           2.128
7           4           3.504
8           1           9.551
8           2           2.586
8           3           4.861
8           4           3.177



pe(j, m) - Production emission for producing one unit of item j on machine m. The production emission is period-independent.


1           1           0.079
1           2           0.76
1           3           0.387
1           4           0.71
2           1           0.214
2           2           0.929
2           3           0.454
2           4           0.629
3           1           0.153
3           2           0.696
3           3           0.283
3           4           0.708
4           1           0.236
4           2           0.534
4           3           0.191
4           4           0.444
5           1           0.113
5           2           0.733
5           3           0.379
5           4           0.323
6           1           0.178
6           2           0.967
6           3           0.179
6           4           0.722
7           1           0.236
7           2           0.951
7           3           0.487
7           4           0.577
8           1           0.142
8           2           0.958
8           3           0.405
8           4           0.251



hc(j) - Inventory-holding costs for one unit of item j for one period.


1           0.287
2           0.232
3           0.283
4           0.279
5           0.268
6           0.135
7           0.142
8           0.134



st(j, m) - Setup times for producing a lot of item j on machine m. The setup times are period-independent.


1           1           42.672
1           2           38.954
1           3           89.511
1           4           36.426
2           1           60.478
2           2           47.389
2           3           52.257
2           4           82.113
3           1           43.038
3           2           69.907
3           3           44.999
3           4           52.445
4           1           94.395
4           2           47.003
4           3           94.807
4           4           37.556
5           1           79.186
5           2           77.398
5           3           52.449
5           4           54.804
6           1           80.554
6           2           43.513
6           3           29.022
6           4           82.574
7           1           31.634
7           2           45.337
7           3           25.302
7           4           72.735
8           1           75.544
8           2           72.63
8           3           25.276
8           4           56.332



se(j, m) - Setup emission for producing a lot of item j on machine m. The setup emission are period-independent.


1           1           13.964
1           2           57.9
1           3           54.546
1           4           137.604
2           1           47.458
2           2           164.208
2           3           59.6
2           4           40.579
3           1           35.95
3           2           97.335
3           3           52.458
3           4           134.198
4           1           35.155
4           2           74.175
4           3           89.657
4           4           136.954
5           1           29.969
5           2           140.892
5           3           97.078
5           4           148.046
6           1           38.859
6           2           55.713
6           3           89.172
6           4           96.756
7           1           36.769
7           2           194.016
7           3           46.395
7           4           43.31
8           1           46.673
8           2           130.901
8           3           38.036
8           4           73.012



sc(j, m) - Setup costs for producing a lot of item j on machine m. The setup costs are period-independent.


1           1           63216.533
1           2           15804.133
1           3           31608.267
1           4           21072.178
2           1           49369.6
2           2           12342.4
2           3           24684.8
2           4           16456.533
3           1           59430.0
3           2           14857.5
3           3           29715.0
3           4           19810.0
4           1           66662.4
4           2           16665.6
4           3           33331.2
4           4           22220.8
5           1           68786.667
5           2           17196.667
5           3           34393.333
5           4           22928.889
6           1           32382.0
6           2           8095.5
6           3           16191.0
6           4           10794.0
7           1           32338.133
7           2           8084.533
7           3           16169.067
7           4           10779.378
8           1           29765.867
8           2           7441.467
8           3           14882.933
8           4           9921.956



bc(m) - Fixed investment cost for machine m.


1           3487.8437047332977
2           4938.708062196801
3           2700.2780949336693
4           5176.4097361288605



ca(m, t) - The available capacity of machine m in period t.


1           1           286.40523592592587
1           2           286.40523592592587
1           3           286.40523592592587
1           4           286.40523592592587
1           5           286.40523592592587
1           6           286.40523592592587
2           1           286.40523592592587
2           2           286.40523592592587
2           3           286.40523592592587
2           4           286.40523592592587
2           5           286.40523592592587
2           6           286.40523592592587
3           1           286.40523592592587
3           2           286.40523592592587
3           3           286.40523592592587
3           4           286.40523592592587
3           5           286.40523592592587
3           6           286.40523592592587
4           1           286.40523592592587
4           2           286.40523592592587
4           3           286.40523592592587
4           4           286.40523592592587
4           5           286.40523592592587
4           6           286.40523592592587



em(t) - The limits of carbon emissions in period t.


1           562.0918722222223
2           562.0918722222223
3           562.0918722222223
4           562.0918722222223
5           562.0918722222223
6           562.0918722222223
