Information for the currently-owned machines and the machines that may be purchased: if 1, the machine can be purchased, otherwise currently-owned.


1           1.0
2           0.0
3           0.0
4           0.0



item_machine_arc(j, m) - The relationship arc between item j and machine m, i.e., machine m is capable of producing item j if item_machine_arc(j, m) = 1.


1           1           1.0
1           2           1.0
1           3           1.0
1           4           1.0
2           1           0.0
2           2           1.0
2           3           1.0
2           4           0.0
3           1           1.0
3           2           1.0
3           3           1.0
3           4           1.0
4           1           1.0
4           2           1.0
4           3           0.0
4           4           1.0
5           1           1.0
5           2           1.0
5           3           1.0
5           4           1.0
6           1           0.0
6           2           0.0
6           3           0.0
6           4           1.0
7           1           1.0
7           2           1.0
7           3           1.0
7           4           1.0
8           1           1.0
8           2           0.0
8           3           0.0
8           4           0.0



d(j, t) - Gross demand for item j in period t.


1           1           39
1           2           42
1           3           43
1           4           38
1           5           42
1           6           46
2           1           47
2           2           32
2           3           33
2           4           41
2           5           30
2           6           42
3           1           41
3           2           45
3           3           38
3           4           48
3           5           39
3           6           37
4           1           30
4           2           31
4           3           36
4           4           44
4           5           47
4           6           30
5           1           36
5           2           30
5           3           43
5           4           42
5           5           49
5           6           35
6           1           43
6           2           48
6           3           36
6           4           46
6           5           42
6           6           46
7           1           38
7           2           40
7           3           43
7           4           42
7           5           33
7           6           42
8           1           49
8           2           42
8           3           41
8           4           39
8           5           43
8           6           41



pt(j, m) - Time required to produce one unit of item j on machine m. The production time is period-independent.


1           1           0.843
1           2           0.619
1           3           1.349
1           4           0.68
2           1           1.215
2           2           1.003
2           3           0.76
2           4           1.419
3           1           1.162
3           2           0.77
3           3           0.722
3           4           1.359
4           1           0.662
4           2           0.766
4           3           0.685
4           4           0.743
5           1           1.237
5           2           0.697
5           3           0.904
5           4           1.094
6           1           1.476
6           2           1.173
6           3           0.814
6           4           0.549
7           1           0.511
7           2           1.431
7           3           1.272
7           4           0.874
8           1           1.25
8           2           1.007
8           3           0.884
8           4           1.354



pc(j, m) - Variable costs of producing one unit of item j on machine m. The production cost is period-independent.


1           1           5.531
1           2           7.258
1           3           1.738
1           4           1.349
2           1           5.112
2           2           10.335
2           3           2.522
2           4           2.294
3           1           4.16
3           2           11.161
3           3           1.767
3           4           2.133
4           1           3.562
4           2           7.754
4           3           1.312
4           4           3.508
5           1           4.119
5           2           9.229
5           3           2.482
5           4           2.787
6           1           2.674
6           2           6.307
6           3           2.889
6           4           3.604
7           1           3.579
7           2           10.762
7           3           2.688
7           4           2.459
8           1           2.606
8           2           5.363
8           3           1.295
8           4           3.467



pe(j, m) - Production emission for producing one unit of item j on machine m. The production emission is period-independent.


1           1           0.274
1           2           0.137
1           3           0.373
1           4           0.447
2           1           0.468
2           2           0.2
2           3           0.537
2           4           0.258
3           1           0.459
3           2           0.232
3           3           0.483
3           4           0.165
4           1           0.33
4           2           0.184
4           3           0.781
4           4           0.524
5           1           0.243
5           2           0.141
5           3           0.919
5           4           0.454
6           1           0.494
6           2           0.18
6           3           0.445
6           4           0.28
7           1           0.428
7           2           0.081
7           3           0.212
7           4           0.533
8           1           0.111
8           2           0.157
8           3           0.733
8           4           0.308



hc(j) - Inventory-holding costs for one unit of item j for one period.


1           0.169
2           0.243
3           0.174
4           0.115
5           0.298
6           0.238
7           0.243
8           0.27



st(j, m) - Setup times for producing a lot of item j on machine m. The setup times are period-independent.


1           1           67.604
1           2           56.282
1           3           87.27
1           4           98.899
2           1           78.422
2           2           69.222
2           3           93.58
2           4           58.524
3           1           42.968
3           2           41.727
3           3           82.47
3           4           51.492
4           1           40.07
4           2           37.019
4           3           28.425
4           4           61.237
5           1           88.134
5           2           96.564
5           3           75.265
5           4           72.858
6           1           75.225
6           2           80.156
6           3           59.499
6           4           78.305
7           1           92.5
7           2           43.078
7           3           85.772
7           4           71.602
8           1           28.633
8           2           60.992
8           3           62.975
8           4           35.515



se(j, m) - Setup emission for producing a lot of item j on machine m. The setup emission are period-independent.


1           1           16.668
1           2           4.99
1           3           11.104
1           4           23.71
2           1           13.604
2           2           3.94
2           3           38.184
2           4           19.236
3           1           15.861
3           2           7.052
3           3           32.531
3           4           28.031
4           1           6.487
4           2           4.573
4           3           26.155
4           4           14.445
5           1           15.368
5           2           9.485
5           3           38.969
5           4           25.188
6           1           14.505
6           2           7.552
6           3           39.41
6           4           18.113
7           1           12.182
7           2           7.8
7           3           23.499
7           4           18.636
8           1           19.286
8           2           9.859
8           3           28.812
8           4           26.083



sc(j, m) - Setup costs for producing a lot of item j on machine m. The setup costs are period-independent.


1           1           21688.333
1           2           43376.667
1           3           10844.167
1           4           14458.889
2           1           28066.5
2           2           56133.0
2           3           14033.25
2           4           18711.0
3           1           22151.36
3           2           44302.72
3           3           11075.68
3           4           14767.573
4           1           12869.267
4           2           25738.533
4           3           6434.633
4           4           8579.511
5           1           35948.733
5           2           71897.467
5           3           17974.367
5           4           23965.822
6           1           31887.24
6           2           63774.48
6           3           15943.62
6           4           21258.16
7           1           29688.12
7           2           59376.24
7           3           14844.06
7           4           19792.08
8           1           35343.0
8           2           70686.0
8           3           17671.5
8           4           23562.0



bc(m) - Fixed investment cost for machine m.


1           9483.835269979247
2           16500.957965171423
3           1563.509883886054
4           1581.6556472461361



ca(m, t) - The available capacity of machine m in period t.


1           1           284.7782615740741
1           2           284.7782615740741
1           3           284.7782615740741
1           4           284.7782615740741
1           5           284.7782615740741
1           6           284.7782615740741
2           1           284.7782615740741
2           2           284.7782615740741
2           3           284.7782615740741
2           4           284.7782615740741
2           5           284.7782615740741
2           6           284.7782615740741
3           1           284.7782615740741
3           2           284.7782615740741
3           3           284.7782615740741
3           4           284.7782615740741
3           5           284.7782615740741
3           6           284.7782615740741
4           1           284.7782615740741
4           2           284.7782615740741
4           3           284.7782615740741
4           4           284.7782615740741
4           5           284.7782615740741
4           6           284.7782615740741



em(t) - The limits of carbon emissions in period t.


1           237.23262499999996
2           237.23262499999996
3           237.23262499999996
4           237.23262499999996
5           237.23262499999996
6           237.23262499999996
