Information for the currently-owned machines and the machines that may be purchased: if 1, the machine can be purchased, otherwise currently-owned.


1           0.0
2           0.0
3           0.0
4           1.0



item_machine_arc(j, m) - The relationship arc between item j and machine m, i.e., machine m is capable of producing item j if item_machine_arc(j, m) = 1.


1           1           0.0
1           2           0.0
1           3           1.0
1           4           0.0
2           1           1.0
2           2           0.0
2           3           0.0
2           4           0.0
3           1           0.0
3           2           0.0
3           3           1.0
3           4           1.0
4           1           1.0
4           2           1.0
4           3           1.0
4           4           0.0
5           1           0.0
5           2           1.0
5           3           1.0
5           4           1.0
6           1           0.0
6           2           1.0
6           3           0.0
6           4           1.0
7           1           1.0
7           2           0.0
7           3           0.0
7           4           1.0
8           1           1.0
8           2           1.0
8           3           1.0
8           4           1.0



d(j, t) - Gross demand for item j in period t.


1           1           48
1           2           34
1           3           41
1           4           35
1           5           39
1           6           36
2           1           34
2           2           35
2           3           50
2           4           37
2           5           47
2           6           40
3           1           46
3           2           42
3           3           45
3           4           42
3           5           41
3           6           41
4           1           42
4           2           31
4           3           44
4           4           30
4           5           49
4           6           38
5           1           49
5           2           45
5           3           40
5           4           42
5           5           46
5           6           40
6           1           46
6           2           46
6           3           38
6           4           41
6           5           35
6           6           49
7           1           36
7           2           45
7           3           31
7           4           49
7           5           50
7           6           48
8           1           40
8           2           30
8           3           39
8           4           43
8           5           43
8           6           37



pt(j, m) - Time required to produce one unit of item j on machine m. The production time is period-independent.


1           1           1.038
1           2           1.225
1           3           0.982
1           4           0.562
2           1           0.633
2           2           0.511
2           3           0.772
2           4           1.295
3           1           1.447
3           2           0.608
3           3           0.895
3           4           1.439
4           1           1.491
4           2           0.681
4           3           0.83
4           4           1.079
5           1           1.326
5           2           1.127
5           3           0.838
5           4           0.63
6           1           0.693
6           2           1.378
6           3           0.707
6           4           0.867
7           1           0.82
7           2           0.647
7           3           0.644
7           4           1.287
8           1           0.58
8           2           0.709
8           3           1.473
8           4           1.003



pc(j, m) - Variable costs of producing one unit of item j on machine m. The production cost is period-independent.


1           1           3.265
1           2           4.58
1           3           4.34
1           4           2.543
2           1           1.737
2           2           5.448
2           3           11.917
2           4           2.844
3           1           3.8
3           2           4.087
3           3           11.338
3           4           1.349
4           1           1.565
4           2           3.549
4           3           11.438
4           4           1.776
5           1           2.432
5           2           2.695
5           3           9.197
5           4           2.44
6           1           3.411
6           2           5.689
6           3           7.957
6           4           2.301
7           1           2.823
7           2           2.553
7           3           6.427
7           4           1.368
8           1           3.733
8           2           4.235
8           3           10.99
8           4           1.639



pe(j, m) - Production emission for producing one unit of item j on machine m. The production emission is period-independent.


1           1           0.742
1           2           0.469
1           3           0.235
1           4           0.924
2           1           0.324
2           2           0.324
2           3           0.233
2           4           0.355
3           1           0.172
3           2           0.243
3           3           0.094
3           4           0.954
4           1           0.624
4           2           0.167
4           3           0.157
4           4           0.597
5           1           0.471
5           2           0.365
5           3           0.131
5           4           0.755
6           1           0.218
6           2           0.497
6           3           0.135
6           4           0.21
7           1           0.302
7           2           0.117
7           3           0.135
7           4           0.293
8           1           0.728
8           2           0.148
8           3           0.202
8           4           0.686



hc(j) - Inventory-holding costs for one unit of item j for one period.


1           0.109
2           0.256
3           0.196
4           0.187
5           0.226
6           0.205
7           0.267
8           0.193



st(j, m) - Setup times for producing a lot of item j on machine m. The setup times are period-independent.


1           1           97.927
1           2           47.725
1           3           77.647
1           4           55.58
2           1           77.522
2           2           33.372
2           3           81.993
2           4           43.942
3           1           57.607
3           2           65.68
3           3           30.465
3           4           95.275
4           1           83.377
4           2           28.711
4           3           42.441
4           4           29.535
5           1           59.704
5           2           27.046
5           3           65.551
5           4           50.349
6           1           26.908
6           2           61.514
6           3           25.54
6           4           88.78
7           1           72.595
7           2           68.308
7           3           74.538
7           4           67.196
8           1           41.751
8           2           58.151
8           3           82.847
8           4           73.387



se(j, m) - Setup emission for producing a lot of item j on machine m. The setup emission are period-independent.


1           1           17.121
1           2           8.051
1           3           2.53
1           4           15.308
2           1           28.659
2           2           12.451
2           3           3.553
2           4           19.904
3           1           14.519
3           2           17.505
3           3           8.762
3           4           14.698
4           1           20.669
4           2           11.884
4           3           4.624
4           4           12.086
5           1           20.281
5           2           12.884
5           3           5.845
5           4           14.619
6           1           14.22
6           2           12.41
6           3           8.41
6           4           21.306
7           1           17.689
7           2           5.332
7           3           5.273
7           4           10.238
8           1           23.508
8           2           15.658
8           3           6.433
8           4           28.296



sc(j, m) - Setup costs for producing a lot of item j on machine m. The setup costs are period-independent.


1           1           8691.418
1           2           13037.127
1           3           26074.253
1           4           6518.563
2           1           21288.96
2           2           31933.44
2           3           63866.88
2           4           15966.72
3           1           17238.418
3           2           25857.627
3           3           51715.253
3           4           12928.813
4           1           14974.96
4           2           22462.44
4           3           44924.88
4           4           11231.22
5           1           20263.662
5           2           30395.493
5           3           60790.987
5           4           15197.747
6           1           17889.667
6           2           26834.5
6           3           53669.0
6           4           13417.25
7           1           23665.693
7           2           35498.54
7           3           70997.08
7           4           17749.27
8           1           15323.342
8           2           22985.013
8           3           45970.027
8           4           11492.507



bc(m) - Fixed investment cost for machine m.


1           5323.4968699128185
2           4724.427488566271
3           19498.838188251186
4           1168.1569660825585



ca(m, t) - The available capacity of machine m in period t.


1           1           272.19231666666667
1           2           272.19231666666667
1           3           272.19231666666667
1           4           272.19231666666667
1           5           272.19231666666667
1           6           272.19231666666667
2           1           272.19231666666667
2           2           272.19231666666667
2           3           272.19231666666667
2           4           272.19231666666667
2           5           272.19231666666667
2           6           272.19231666666667
3           1           272.19231666666667
3           2           272.19231666666667
3           3           272.19231666666667
3           4           272.19231666666667
3           5           272.19231666666667
3           6           272.19231666666667
4           1           272.19231666666667
4           2           272.19231666666667
4           3           272.19231666666667
4           4           272.19231666666667
4           5           272.19231666666667
4           6           272.19231666666667



em(t) - The limits of carbon emissions in period t.


1           274.12712250000004
2           274.12712250000004
3           274.12712250000004
4           274.12712250000004
5           274.12712250000004
6           274.12712250000004
