Information for the currently-owned machines and the machines that may be purchased: if 1, the machine can be purchased, otherwise currently-owned.


1           0.0
2           0.0
3           0.0
4           1.0



item_machine_arc(j, m) - The relationship arc between item j and machine m, i.e., machine m is capable of producing item j if item_machine_arc(j, m) = 1.


1           1           1.0
1           2           0.0
1           3           0.0
1           4           0.0
2           1           0.0
2           2           1.0
2           3           1.0
2           4           1.0
3           1           0.0
3           2           1.0
3           3           0.0
3           4           0.0
4           1           1.0
4           2           0.0
4           3           1.0
4           4           1.0
5           1           1.0
5           2           1.0
5           3           1.0
5           4           1.0
6           1           1.0
6           2           1.0
6           3           1.0
6           4           1.0
7           1           1.0
7           2           0.0
7           3           1.0
7           4           1.0
8           1           1.0
8           2           0.0
8           3           0.0
8           4           0.0



d(j, t) - Gross demand for item j in period t.


1           1           50
1           2           34
1           3           45
1           4           31
1           5           32
1           6           47
2           1           36
2           2           32
2           3           44
2           4           30
2           5           33
2           6           46
3           1           48
3           2           46
3           3           39
3           4           44
3           5           33
3           6           46
4           1           47
4           2           41
4           3           48
4           4           40
4           5           48
4           6           38
5           1           32
5           2           42
5           3           35
5           4           31
5           5           44
5           6           30
6           1           44
6           2           44
6           3           44
6           4           38
6           5           35
6           6           33
7           1           39
7           2           50
7           3           38
7           4           45
7           5           41
7           6           31
8           1           43
8           2           42
8           3           37
8           4           44
8           5           37
8           6           42



pt(j, m) - Time required to produce one unit of item j on machine m. The production time is period-independent.


1           1           0.557
1           2           1.474
1           3           1.132
1           4           1.083
2           1           0.617
2           2           1.333
2           3           1.287
2           4           0.59
3           1           0.823
3           2           0.72
3           3           0.978
3           4           1.245
4           1           0.901
4           2           1.205
4           3           1.362
4           4           1.014
5           1           1.429
5           2           0.947
5           3           1.325
5           4           0.947
6           1           1.222
6           2           0.54
6           3           0.522
6           4           0.75
7           1           1.006
7           2           1.144
7           3           0.906
7           4           1.381
8           1           1.267
8           2           0.766
8           3           0.853
8           4           1.456



pc(j, m) - Variable costs of producing one unit of item j on machine m. The production cost is period-independent.


1           1           5.692
1           2           3.783
1           3           7.468
1           4           2.273
2           1           5.089
2           2           1.507
2           3           9.501
2           4           1.851
3           1           3.29
3           2           1.642
3           3           9.637
3           4           1.758
4           1           5.869
4           2           3.472
4           3           8.959
4           4           2.512
5           1           5.656
5           2           3.648
5           3           10.371
5           4           1.262
6           1           5.053
6           2           1.65
6           3           9.535
6           4           2.877
7           1           4.589
7           2           3.638
7           3           9.641
7           4           1.011
8           1           3.211
8           2           2.319
8           3           4.899
8           4           2.959



pe(j, m) - Production emission for producing one unit of item j on machine m. The production emission is period-independent.


1           1           0.462
1           2           0.435
1           3           0.162
1           4           0.302
2           1           0.482
2           2           0.44
2           3           0.234
2           4           0.43
3           1           0.166
3           2           0.367
3           3           0.113
3           4           0.277
4           1           0.408
4           2           0.644
4           3           0.093
4           4           0.233
5           1           0.175
5           2           0.565
5           3           0.17
5           4           0.805
6           1           0.303
6           2           0.343
6           3           0.246
6           4           0.256
7           1           0.165
7           2           0.374
7           3           0.166
7           4           0.87
8           1           0.468
8           2           0.694
8           3           0.215
8           4           0.282



hc(j) - Inventory-holding costs for one unit of item j for one period.


1           0.157
2           0.141
3           0.164
4           0.189
5           0.124
6           0.24
7           0.259
8           0.109



st(j, m) - Setup times for producing a lot of item j on machine m. The setup times are period-independent.


1           1           12.279
1           2           10.711
1           3           16.53
1           4           16.934
2           1           13.371
2           2           18.801
2           3           16.506
2           4           19.513
3           1           7.747
3           2           19.558
3           3           5.609
3           4           11.74
4           1           7.119
4           2           5.436
4           3           13.36
4           4           7.924
5           1           8.081
5           2           14.763
5           3           9.763
5           4           11.828
6           1           7.799
6           2           11.655
6           3           11.332
6           4           16.875
7           1           10.887
7           2           16.439
7           3           16.8
7           4           5.946
8           1           15.347
8           2           12.774
8           3           5.5
8           4           9.34



se(j, m) - Setup emission for producing a lot of item j on machine m. The setup emission are period-independent.


1           1           29.753
1           2           130.977
1           3           37.136
1           4           126.012
2           1           34.802
2           2           49.727
2           3           40.47
2           4           127.806
3           1           43.449
3           2           92.623
3           3           28.123
3           4           120.926
4           1           29.864
4           2           136.801
4           3           24.131
4           4           100.996
5           1           67.744
5           2           99.464
5           3           12.849
5           4           105.496
6           1           27.551
6           2           79.438
6           3           36.583
6           4           69.12
7           1           42.182
7           2           119.667
7           3           16.943
7           4           161.191
8           1           31.97
8           2           121.151
8           3           14.297
8           4           132.561



sc(j, m) - Setup costs for producing a lot of item j on machine m. The setup costs are period-independent.


1           1           17510.733
1           2           11673.822
1           3           35021.467
1           4           8755.367
2           1           14541.8
2           2           9694.533
2           3           29083.6
2           4           7270.9
3           1           19592.533
3           2           13061.689
3           3           39185.067
3           4           9796.267
4           1           23108.4
4           2           15405.6
4           3           46216.8
4           4           11554.2
5           1           12383.467
5           2           8255.644
5           3           24766.933
5           4           6191.733
6           1           26656.0
6           2           17770.667
6           3           53312.0
6           4           13328.0
7           1           29491.467
7           2           19660.978
7           3           58982.933
7           4           14745.733
8           1           12462.333
8           2           8308.222
8           3           24924.667
8           4           6231.167



bc(m) - Fixed investment cost for machine m.


1           6222.128528463857
2           295.530372191027
3           14546.0605442835
4           3514.1976035876182



ca(m, t) - The available capacity of machine m in period t.


1           1           169.1683
1           2           169.1683
1           3           169.1683
1           4           169.1683
1           5           169.1683
1           6           169.1683
2           1           169.1683
2           2           169.1683
2           3           169.1683
2           4           169.1683
2           5           169.1683
2           6           169.1683
3           1           169.1683
3           2           169.1683
3           3           169.1683
3           4           169.1683
3           5           169.1683
3           6           169.1683
4           1           169.1683
4           2           169.1683
4           3           169.1683
4           4           169.1683
4           5           169.1683
4           6           169.1683



em(t) - The limits of carbon emissions in period t.


1           502.187525
2           502.187525
3           502.187525
4           502.187525
5           502.187525
6           502.187525
