Information for the currently-owned machines and the machines that may be purchased: if 1, the machine can be purchased, otherwise currently-owned.


1           0.0
2           0.0
3           0.0
4           1.0



item_machine_arc(j, m) - The relationship arc between item j and machine m, i.e., machine m is capable of producing item j if item_machine_arc(j, m) = 1.


1           1           1.0
1           2           1.0
1           3           0.0
1           4           0.0
2           1           0.0
2           2           0.0
2           3           1.0
2           4           1.0
3           1           0.0
3           2           0.0
3           3           0.0
3           4           1.0
4           1           1.0
4           2           1.0
4           3           1.0
4           4           1.0
5           1           1.0
5           2           1.0
5           3           1.0
5           4           1.0
6           1           1.0
6           2           1.0
6           3           1.0
6           4           1.0
7           1           1.0
7           2           0.0
7           3           0.0
7           4           0.0
8           1           1.0
8           2           1.0
8           3           0.0
8           4           1.0



d(j, t) - Gross demand for item j in period t.


1           1           37
1           2           39
1           3           41
1           4           46
1           5           41
1           6           43
2           1           41
2           2           38
2           3           42
2           4           46
2           5           39
2           6           42
3           1           37
3           2           36
3           3           31
3           4           43
3           5           43
3           6           50
4           1           46
4           2           44
4           3           41
4           4           43
4           5           30
4           6           40
5           1           44
5           2           41
5           3           46
5           4           30
5           5           44
5           6           30
6           1           46
6           2           43
6           3           33
6           4           46
6           5           30
6           6           30
7           1           35
7           2           40
7           3           44
7           4           49
7           5           31
7           6           33
8           1           30
8           2           42
8           3           44
8           4           30
8           5           40
8           6           48



pt(j, m) - Time required to produce one unit of item j on machine m. The production time is period-independent.


1           1           0.615
1           2           0.925
1           3           1.127
1           4           1.271
2           1           1.293
2           2           0.853
2           3           0.513
2           4           1.491
3           1           0.787
3           2           1.11
3           3           0.866
3           4           1.42
4           1           0.56
4           2           0.503
4           3           1.348
4           4           1.175
5           1           1.087
5           2           1.37
5           3           1.034
5           4           0.624
6           1           0.573
6           2           0.956
6           3           1.356
6           4           1.297
7           1           0.916
7           2           0.842
7           3           0.885
7           4           0.851
8           1           0.749
8           2           1.089
8           3           1.262
8           4           0.777



pc(j, m) - Variable costs of producing one unit of item j on machine m. The production cost is period-independent.


1           1           1.465
1           2           2.041
1           3           4.12
1           4           3.416
2           1           2.261
2           2           5.156
2           3           5.512
2           4           1.687
3           1           2.399
3           2           2.251
3           3           5.122
3           4           3.379
4           1           2.764
4           2           3.147
4           3           10.505
4           4           2.951
5           1           2.851
5           2           4.039
5           3           8.192
5           4           1.567
6           1           2.886
6           2           4.859
6           3           5.708
6           4           3.342
7           1           2.336
7           2           3.408
7           3           7.557
7           4           3.424
8           1           2.697
8           2           4.408
8           3           9.237
8           4           1.994



pe(j, m) - Production emission for producing one unit of item j on machine m. The production emission is period-independent.


1           1           0.273
1           2           0.472
1           3           0.162
1           4           0.178
2           1           0.448
2           2           0.109
2           3           0.246
2           4           0.416
3           1           0.751
3           2           0.338
3           3           0.086
3           4           0.219
4           1           0.897
4           2           0.154
4           3           0.224
4           4           0.607
5           1           0.513
5           2           0.486
5           3           0.168
5           4           0.279
6           1           0.411
6           2           0.25
6           3           0.125
6           4           0.333
7           1           0.952
7           2           0.19
7           3           0.108
7           4           0.206
8           1           0.289
8           2           0.292
8           3           0.186
8           4           0.666



hc(j) - Inventory-holding costs for one unit of item j for one period.


1           0.264
2           0.274
3           0.191
4           0.254
5           0.288
6           0.176
7           0.138
8           0.102



st(j, m) - Setup times for producing a lot of item j on machine m. The setup times are period-independent.


1           1           77.873
1           2           99.849
1           3           96.288
1           4           53.715
2           1           70.163
2           2           54.792
2           3           37.504
2           4           60.412
3           1           39.272
3           2           29.716
3           3           45.251
3           4           47.658
4           1           62.621
4           2           96.742
4           3           41.157
4           4           47.314
5           1           87.013
5           2           78.191
5           3           82.058
5           4           39.642
6           1           67.387
6           2           61.963
6           3           77.255
6           4           49.196
7           1           81.491
7           2           97.629
7           3           46.05
7           4           46.243
8           1           77.673
8           2           64.902
8           3           83.833
8           4           47.693



se(j, m) - Setup emission for producing a lot of item j on machine m. The setup emission are period-independent.


1           1           24.627
1           2           15.847
1           3           9.309
1           4           8.787
2           1           11.761
2           2           19.873
2           3           8.192
2           4           17.041
3           1           37.764
3           2           5.251
3           3           5.698
3           4           13.654
4           1           21.366
4           2           6.992
4           3           7.908
4           4           20.201
5           1           16.11
5           2           15.332
5           3           9.679
5           4           7.549
6           1           37.708
6           2           12.386
6           3           7.953
6           4           12.115
7           1           29.136
7           2           16.648
7           3           2.994
7           4           14.261
8           1           35.482
8           2           13.415
8           3           6.459
8           4           10.817



sc(j, m) - Setup costs for producing a lot of item j on machine m. The setup costs are period-independent.


1           1           16736.72
1           2           33473.44
1           3           66946.88
1           4           22315.627
2           1           17441.013
2           2           34882.027
2           3           69764.053
2           4           23254.684
3           1           11765.6
3           2           23531.2
3           3           47062.4
3           4           15687.467
4           1           15907.173
4           2           31814.347
4           3           63628.693
4           4           21209.564
5           1           17371.2
5           2           34742.4
5           3           69484.8
5           4           23161.6
6           1           10299.52
6           2           20599.04
6           3           41198.08
6           4           13732.693
7           1           8217.44
7           2           16434.88
7           3           32869.76
7           4           10956.587
8           1           6126.12
8           2           12252.24
8           3           24504.48
8           4           8168.16



bc(m) - Fixed investment cost for machine m.


1           1413.9798410310677
2           3413.6790132261494
3           2698.8915096423248
4           1771.0091887692324



ca(m, t) - The available capacity of machine m in period t.


1           1           297.64097611111106
1           2           297.64097611111106
1           3           297.64097611111106
1           4           297.64097611111106
1           5           297.64097611111106
1           6           297.64097611111106
2           1           297.64097611111106
2           2           297.64097611111106
2           3           297.64097611111106
2           4           297.64097611111106
2           5           297.64097611111106
2           6           297.64097611111106
3           1           297.64097611111106
3           2           297.64097611111106
3           3           297.64097611111106
3           4           297.64097611111106
3           5           297.64097611111106
3           6           297.64097611111106
4           1           297.64097611111106
4           2           297.64097611111106
4           3           297.64097611111106
4           4           297.64097611111106
4           5           297.64097611111106
4           6           297.64097611111106



em(t) - The limits of carbon emissions in period t.


1           286.16974166666665
2           286.16974166666665
3           286.16974166666665
4           286.16974166666665
5           286.16974166666665
6           286.16974166666665
