Information for the currently-owned machines and the machines that may be purchased: if 1, the machine can be purchased, otherwise currently-owned.


1           0.0
2           0.0
3           1.0
4           0.0



item_machine_arc(j, m) - The relationship arc between item j and machine m, i.e., machine m is capable of producing item j if item_machine_arc(j, m) = 1.


1           1           0.0
1           2           1.0
1           3           0.0
1           4           1.0
2           1           1.0
2           2           1.0
2           3           1.0
2           4           1.0
3           1           0.0
3           2           1.0
3           3           1.0
3           4           1.0
4           1           1.0
4           2           1.0
4           3           1.0
4           4           1.0
5           1           1.0
5           2           1.0
5           3           1.0
5           4           1.0
6           1           1.0
6           2           1.0
6           3           0.0
6           4           0.0
7           1           1.0
7           2           1.0
7           3           0.0
7           4           1.0
8           1           1.0
8           2           0.0
8           3           0.0
8           4           0.0



d(j, t) - Gross demand for item j in period t.


1           1           44
1           2           46
1           3           46
1           4           50
1           5           39
1           6           48
2           1           37
2           2           49
2           3           44
2           4           47
2           5           42
2           6           32
3           1           37
3           2           44
3           3           44
3           4           33
3           5           50
3           6           40
4           1           38
4           2           35
4           3           41
4           4           39
4           5           42
4           6           30
5           1           42
5           2           49
5           3           35
5           4           46
5           5           31
5           6           42
6           1           43
6           2           36
6           3           48
6           4           48
6           5           38
6           6           35
7           1           31
7           2           31
7           3           47
7           4           34
7           5           34
7           6           50
8           1           38
8           2           42
8           3           49
8           4           30
8           5           42
8           6           32



pt(j, m) - Time required to produce one unit of item j on machine m. The production time is period-independent.


1           1           0.756
1           2           1.284
1           3           0.99
1           4           0.898
2           1           1.307
2           2           0.734
2           3           0.995
2           4           0.899
3           1           0.776
3           2           1.059
3           3           1.169
3           4           0.862
4           1           1.212
4           2           0.853
4           3           1.3
4           4           0.561
5           1           0.523
5           2           0.532
5           3           1.042
5           4           0.686
6           1           0.687
6           2           1.267
6           3           1.055
6           4           0.832
7           1           1.223
7           2           0.68
7           3           0.527
7           4           1.155
8           1           0.914
8           2           1.241
8           3           1.287
8           4           1.214



pc(j, m) - Variable costs of producing one unit of item j on machine m. The production cost is period-independent.


1           1           2.253
1           2           1.773
1           3           3.743
1           4           9.027
2           1           2.026
2           2           1.663
2           3           4.023
2           4           7.921
3           1           1.733
3           2           1.277
3           3           5.106
3           4           9.05
4           1           2.753
4           2           2.773
4           3           2.302
4           4           7.743
5           1           3.739
5           2           2.961
5           3           3.283
5           4           5.436
6           1           3.148
6           2           1.267
6           3           3.352
6           4           4.417
7           1           2.129
7           2           1.994
7           3           4.779
7           4           9.357
8           1           2.68
8           2           2.193
8           3           2.137
8           4           4.278



pe(j, m) - Production emission for producing one unit of item j on machine m. The production emission is period-independent.


1           1           0.738
1           2           0.987
1           3           0.193
1           4           0.074
2           1           0.381
2           2           0.631
2           3           0.241
2           4           0.088
3           1           0.153
3           2           0.307
3           3           0.196
3           4           0.216
4           1           0.696
4           2           0.856
4           3           0.148
4           4           0.169
5           1           0.507
5           2           0.287
5           3           0.35
5           4           0.086
6           1           0.638
6           2           0.963
6           3           0.393
6           4           0.219
7           1           0.419
7           2           0.461
7           3           0.2
7           4           0.24
8           1           0.61
8           2           0.468
8           3           0.397
8           4           0.098



hc(j) - Inventory-holding costs for one unit of item j for one period.


1           0.178
2           0.286
3           0.107
4           0.101
5           0.276
6           0.133
7           0.159
8           0.203



st(j, m) - Setup times for producing a lot of item j on machine m. The setup times are period-independent.


1           1           28.947
1           2           37.87
1           3           79.432
1           4           98.966
2           1           35.947
2           2           66.47
2           3           85.536
2           4           72.998
3           1           59.156
3           2           65.572
3           3           61.071
3           4           26.713
4           1           95.262
4           2           34.848
4           3           51.499
4           4           41.899
5           1           76.389
5           2           27.423
5           3           88.043
5           4           84.401
6           1           36.438
6           2           25.509
6           3           92.661
6           4           61.038
7           1           67.685
7           2           37.248
7           3           98.001
7           4           97.705
8           1           27.239
8           2           32.753
8           3           78.422
8           4           51.003



se(j, m) - Setup emission for producing a lot of item j on machine m. The setup emission are period-independent.


1           1           41.603
1           2           180.212
1           3           72.63
1           4           44.974
2           1           118.637
2           2           108.966
2           3           92.455
2           4           14.95
3           1           137.037
3           2           124.641
3           3           44.977
3           4           31.87
4           1           130.603
4           2           158.852
4           3           61.276
4           4           16.163
5           1           143.706
5           2           198.447
5           3           59.176
5           4           22.121
6           1           67.004
6           2           109.197
6           3           61.661
6           4           28.465
7           1           115.342
7           2           169.962
7           3           55.101
7           4           31.826
8           1           111.943
8           2           156.086
8           3           54.345
8           4           49.059



sc(j, m) - Setup costs for producing a lot of item j on machine m. The setup costs are period-independent.


1           1           16629.947
1           2           12472.46
1           3           24944.92
1           4           49889.84
2           1           24566.764
2           2           18425.073
2           3           36850.147
2           4           73700.293
3           1           9081.209
3           2           6810.907
3           3           13621.813
3           4           27243.627
4           1           7777.0
4           2           5832.75
4           3           11665.5
4           4           23331.0
5           1           23141.067
5           2           17355.8
5           3           34711.6
5           4           69423.2
6           1           11287.858
6           2           8465.893
6           3           16931.787
6           4           33863.573
7           1           12351.827
7           2           9263.87
7           3           18527.74
7           4           37055.48
8           1           16186.769
8           2           12140.077
8           3           24280.153
8           4           48560.307



bc(m) - Fixed investment cost for machine m.


1           2999.545128765154
2           2724.034635995882
3           340.81265333248956
4           6393.347080279348



ca(m, t) - The available capacity of machine m in period t.


1           1           272.4575628703704
1           2           272.4575628703704
1           3           272.4575628703704
1           4           272.4575628703704
1           5           272.4575628703704
1           6           272.4575628703704
2           1           272.4575628703704
2           2           272.4575628703704
2           3           272.4575628703704
2           4           272.4575628703704
2           5           272.4575628703704
2           6           272.4575628703704
3           1           272.4575628703704
3           2           272.4575628703704
3           3           272.4575628703704
3           4           272.4575628703704
3           5           272.4575628703704
3           6           272.4575628703704
4           1           272.4575628703704
4           2           272.4575628703704
4           3           272.4575628703704
4           4           272.4575628703704
4           5           272.4575628703704
4           6           272.4575628703704



em(t) - The limits of carbon emissions in period t.


1           820.0044416666665
2           820.0044416666665
3           820.0044416666665
4           820.0044416666665
5           820.0044416666665
6           820.0044416666665
