Information for the currently-owned machines and the machines that may be purchased: if 1, the machine can be purchased, otherwise currently-owned.


1           1.0
2           0.0
3           0.0
4           0.0



item_machine_arc(j, m) - The relationship arc between item j and machine m, i.e., machine m is capable of producing item j if item_machine_arc(j, m) = 1.


1           1           1.0
1           2           0.0
1           3           0.0
1           4           0.0
2           1           1.0
2           2           1.0
2           3           1.0
2           4           0.0
3           1           0.0
3           2           0.0
3           3           0.0
3           4           1.0
4           1           1.0
4           2           1.0
4           3           0.0
4           4           1.0
5           1           1.0
5           2           1.0
5           3           1.0
5           4           1.0
6           1           0.0
6           2           1.0
6           3           1.0
6           4           0.0
7           1           1.0
7           2           1.0
7           3           0.0
7           4           1.0
8           1           0.0
8           2           0.0
8           3           0.0
8           4           1.0



d(j, t) - Gross demand for item j in period t.


1           1           35
1           2           39
1           3           39
1           4           50
1           5           45
1           6           43
2           1           30
2           2           35
2           3           47
2           4           34
2           5           34
2           6           41
3           1           30
3           2           30
3           3           37
3           4           39
3           5           48
3           6           36
4           1           46
4           2           50
4           3           33
4           4           47
4           5           40
4           6           34
5           1           44
5           2           50
5           3           47
5           4           48
5           5           45
5           6           37
6           1           31
6           2           44
6           3           50
6           4           49
6           5           34
6           6           41
7           1           48
7           2           30
7           3           49
7           4           38
7           5           34
7           6           39
8           1           39
8           2           44
8           3           35
8           4           41
8           5           35
8           6           50



pt(j, m) - Time required to produce one unit of item j on machine m. The production time is period-independent.


1           1           0.781
1           2           0.907
1           3           0.906
1           4           0.794
2           1           1.103
2           2           0.917
2           3           1.218
2           4           1.288
3           1           0.688
3           2           1.069
3           3           1.085
3           4           1.229
4           1           1.412
4           2           1.482
4           3           1.235
4           4           1.407
5           1           1.326
5           2           1.157
5           3           1.157
5           4           0.547
6           1           1.003
6           2           1.45
6           3           0.571
6           4           1.127
7           1           0.867
7           2           0.946
7           3           1.343
7           4           1.24
8           1           0.886
8           2           0.802
8           3           0.81
8           4           0.503



pc(j, m) - Variable costs of producing one unit of item j on machine m. The production cost is period-independent.


1           1           5.631
1           2           3.925
1           3           7.21
1           4           1.971
2           1           4.252
2           2           2.914
2           3           6.814
2           4           1.845
3           1           3.688
3           2           2.122
3           3           11.028
3           4           2.247
4           1           3.644
4           2           2.75
4           3           10.239
4           4           2.815
5           1           2.49
5           2           2.856
5           3           9.342
5           4           1.403
6           1           3.73
6           2           3.481
6           3           5.294
6           4           1.192
7           1           2.894
7           2           3.903
7           3           10.504
7           4           1.216
8           1           5.063
8           2           2.808
8           3           8.987
8           4           2.676



pe(j, m) - Production emission for producing one unit of item j on machine m. The production emission is period-independent.


1           1           2.049
1           2           1.919
1           3           0.885
1           4           2.01
2           1           0.986
2           2           3.684
2           3           0.787
2           4           1.045
3           1           2.135
3           2           0.967
3           3           1.021
3           4           4.492
4           1           0.608
4           2           1.798
4           3           0.671
4           4           3.323
5           1           0.644
5           2           3.146
5           3           0.724
5           4           1.81
6           1           0.761
6           2           2.944
6           3           1.162
6           4           1.381
7           1           1.038
7           2           3.327
7           3           0.907
7           4           4.617
8           1           1.986
8           2           1.888
8           3           1.022
8           4           4.648



hc(j) - Inventory-holding costs for one unit of item j for one period.


1           0.214
2           0.132
3           0.231
4           0.14
5           0.178
6           0.288
7           0.12
8           0.196



st(j, m) - Setup times for producing a lot of item j on machine m. The setup times are period-independent.


1           1           11.956
1           2           11.661
1           3           6.645
1           4           18.482
2           1           12.989
2           2           19.265
2           3           18.592
2           4           8.631
3           1           18.524
3           2           17.348
3           3           11.354
3           4           15.361
4           1           17.686
4           2           9.989
4           3           17.976
4           4           5.132
5           1           19.138
5           2           6.896
5           3           18.444
5           4           5.766
6           1           13.716
6           2           16.041
6           3           18.084
6           4           7.539
7           1           10.024
7           2           14.375
7           3           7.181
7           4           6.188
8           1           7.083
8           2           15.323
8           3           16.186
8           4           13.974



se(j, m) - Setup emission for producing a lot of item j on machine m. The setup emission are period-independent.


1           1           33.598
1           2           132.596
1           3           43.344
1           4           165.469
2           1           66.695
2           2           87.018
2           3           20.789
2           4           196.788
3           1           65.166
3           2           46.386
3           3           17.825
3           4           83.679
4           1           78.432
4           2           82.243
4           3           33.329
4           4           159.125
5           1           98.08
5           2           60.422
5           3           48.064
5           4           64.558
6           1           96.369
6           2           40.345
6           3           13.901
6           4           189.752
7           1           79.16
7           2           83.296
7           3           44.899
7           4           156.617
8           1           82.419
8           2           138.221
8           3           22.671
8           4           196.702



sc(j, m) - Setup costs for producing a lot of item j on machine m. The setup costs are period-independent.


1           1           25066.533
1           2           16711.022
1           3           50133.067
1           4           12533.267
2           1           13613.6
2           2           9075.733
2           3           27227.2
2           4           6806.8
3           1           23716.0
3           2           15810.667
3           3           47432.0
3           4           11858.0
4           1           16333.333
4           2           10888.889
4           3           32666.667
4           4           8166.667
5           1           22511.067
5           2           15007.378
5           3           45022.133
5           4           11255.533
6           1           33465.6
6           2           22310.4
6           3           66931.2
6           4           16732.8
7           1           13328.0
7           2           8885.333
7           3           26656.0
7           4           6664.0
8           1           22317.867
8           2           14878.578
8           3           44635.733
8           4           11158.933



bc(m) - Fixed investment cost for machine m.


1           1767.0979084005612
2           4061.3926421737456
3           6006.284917998634
4           344.0272136590122



ca(m, t) - The available capacity of machine m in period t.


1           1           195.97049694444445
1           2           195.97049694444445
1           3           195.97049694444445
1           4           195.97049694444445
1           5           195.97049694444445
1           6           195.97049694444445
2           1           195.97049694444445
2           2           195.97049694444445
2           3           195.97049694444445
2           4           195.97049694444445
2           5           195.97049694444445
2           6           195.97049694444445
3           1           195.97049694444445
3           2           195.97049694444445
3           3           195.97049694444445
3           4           195.97049694444445
3           5           195.97049694444445
3           6           195.97049694444445
4           1           195.97049694444445
4           2           195.97049694444445
4           3           195.97049694444445
4           4           195.97049694444445
4           5           195.97049694444445
4           6           195.97049694444445



em(t) - The limits of carbon emissions in period t.


1           1681.9391555555553
2           1681.9391555555553
3           1681.9391555555553
4           1681.9391555555553
5           1681.9391555555553
6           1681.9391555555553
