Information for the currently-owned machines and the machines that may be purchased: if 1, the machine can be purchased, otherwise currently-owned.


1           1.0
2           0.0
3           0.0
4           0.0



item_machine_arc(j, m) - The relationship arc between item j and machine m, i.e., machine m is capable of producing item j if item_machine_arc(j, m) = 1.


1           1           0.0
1           2           1.0
1           3           0.0
1           4           0.0
2           1           1.0
2           2           1.0
2           3           0.0
2           4           1.0
3           1           0.0
3           2           0.0
3           3           1.0
3           4           0.0
4           1           1.0
4           2           0.0
4           3           0.0
4           4           0.0
5           1           1.0
5           2           1.0
5           3           1.0
5           4           1.0
6           1           0.0
6           2           1.0
6           3           0.0
6           4           0.0
7           1           1.0
7           2           0.0
7           3           0.0
7           4           1.0
8           1           1.0
8           2           1.0
8           3           1.0
8           4           1.0



d(j, t) - Gross demand for item j in period t.


1           1           44
1           2           44
1           3           44
1           4           38
1           5           48
1           6           44
2           1           46
2           2           50
2           3           44
2           4           43
2           5           34
2           6           40
3           1           42
3           2           30
3           3           44
3           4           43
3           5           42
3           6           32
4           1           39
4           2           46
4           3           39
4           4           47
4           5           43
4           6           50
5           1           38
5           2           50
5           3           44
5           4           46
5           5           33
5           6           40
6           1           40
6           2           46
6           3           37
6           4           40
6           5           33
6           6           36
7           1           40
7           2           48
7           3           49
7           4           33
7           5           32
7           6           39
8           1           50
8           2           46
8           3           32
8           4           48
8           5           34
8           6           38



pt(j, m) - Time required to produce one unit of item j on machine m. The production time is period-independent.


1           1           0.68
1           2           0.535
1           3           0.965
1           4           1.489
2           1           1.325
2           2           1.065
2           3           1.174
2           4           1.064
3           1           0.652
3           2           0.552
3           3           0.801
3           4           1.359
4           1           1.49
4           2           0.772
4           3           1.49
4           4           1.359
5           1           1.222
5           2           1.139
5           3           1.304
5           4           1.161
6           1           1.022
6           2           0.945
6           3           0.637
6           4           1.446
7           1           0.898
7           2           0.679
7           3           1.318
7           4           0.504
8           1           0.896
8           2           0.568
8           3           0.773
8           4           1.381



pc(j, m) - Variable costs of producing one unit of item j on machine m. The production cost is period-independent.


1           1           1.706
1           2           1.987
1           3           7.626
1           4           4.734
2           1           2.759
2           2           2.963
2           3           6.608
2           4           5.382
3           1           1.987
3           2           2.279
3           3           6.368
3           4           5.846
4           1           2.022
4           2           2.906
4           3           11.7
4           4           5.527
5           1           2.83
5           2           1.566
5           3           6.818
5           4           3.41
6           1           1.542
6           2           2.223
6           3           10.574
6           4           5.582
7           1           1.531
7           2           2.39
7           3           9.519
7           4           5.924
8           1           2.388
8           2           1.877
8           3           5.007
8           4           4.44



pe(j, m) - Production emission for producing one unit of item j on machine m. The production emission is period-independent.


1           1           1.814
1           2           4.839
1           3           0.357
1           4           1.569
2           1           2.937
2           2           1.872
2           3           1.034
2           4           0.866
3           1           3.674
3           2           1.859
3           3           1.119
3           4           0.969
4           1           3.251
4           2           4.486
4           3           0.292
4           4           1.943
5           1           0.76
5           2           2.214
5           3           1.091
5           4           1.306
6           1           1.935
6           2           2.256
6           3           0.829
6           4           0.758
7           1           1.261
7           2           2.21
7           3           0.876
7           4           1.895
8           1           2.782
8           2           2.415
8           3           1.098
8           4           1.838



hc(j) - Inventory-holding costs for one unit of item j for one period.


1           0.189
2           0.124
3           0.201
4           0.231
5           0.18
6           0.167
7           0.169
8           0.229



st(j, m) - Setup times for producing a lot of item j on machine m. The setup times are period-independent.


1           1           18.97
1           2           9.007
1           3           17.863
1           4           17.67
2           1           6.558
2           2           17.137
2           3           9.96
2           4           19.759
3           1           6.935
3           2           7.975
3           3           9.926
3           4           5.787
4           1           15.441
4           2           19.564
4           3           8.657
4           4           8.58
5           1           10.71
5           2           8.611
5           3           5.318
5           4           12.22
6           1           18.357
6           2           16.651
6           3           11.685
6           4           17.921
7           1           6.87
7           2           19.561
7           3           13.797
7           4           5.888
8           1           12.538
8           2           10.825
8           3           9.69
8           4           14.886



se(j, m) - Setup emission for producing a lot of item j on machine m. The setup emission are period-independent.


1           1           122.41
1           2           144.531
1           3           38.461
1           4           60.986
2           1           144.158
2           2           199.118
2           3           41.511
2           4           38.509
3           1           59.871
3           2           135.51
3           3           29.172
3           4           92.488
4           1           93.73
4           2           112.999
4           3           39.489
4           4           86.737
5           1           144.546
5           2           117.554
5           3           38.952
5           4           65.414
6           1           121.445
6           2           98.299
6           3           20.626
6           4           25.322
7           1           120.254
7           2           173.906
7           3           46.578
7           4           89.644
8           1           67.525
8           2           73.048
8           3           28.02
8           4           26.419



sc(j, m) - Setup costs for producing a lot of item j on machine m. The setup costs are period-independent.


1           1           16946.16
1           2           12709.62
1           3           50838.48
1           4           25419.24
2           1           10905.938
2           2           8179.453
2           3           32717.813
2           4           16358.907
3           1           16027.293
3           2           12020.47
3           3           48081.88
3           4           24040.94
4           1           20870.08
4           2           15652.56
4           3           62610.24
4           4           31305.12
5           1           15461.6
5           2           11596.2
5           3           46384.8
5           4           23192.4
6           1           13259.058
6           2           9944.293
6           3           39777.173
6           4           19888.587
7           1           13938.369
7           2           10453.777
7           3           41815.107
7           4           20907.553
8           1           19435.484
8           2           14576.613
8           3           58306.453
8           4           29153.227



bc(m) - Fixed investment cost for machine m.


1           4230.453744983437
2           4591.9558811350225
3           19316.135110319497
4           6803.071256057638



ca(m, t) - The available capacity of machine m in period t.


1           1           171.93934074074073
1           2           171.93934074074073
1           3           171.93934074074073
1           4           171.93934074074073
1           5           171.93934074074073
1           6           171.93934074074073
2           1           171.93934074074073
2           2           171.93934074074073
2           3           171.93934074074073
2           4           171.93934074074073
2           5           171.93934074074073
2           6           171.93934074074073
3           1           171.93934074074073
3           2           171.93934074074073
3           3           171.93934074074073
3           4           171.93934074074073
3           5           171.93934074074073
3           6           171.93934074074073
4           1           171.93934074074073
4           2           171.93934074074073
4           3           171.93934074074073
4           4           171.93934074074073
4           5           171.93934074074073
4           6           171.93934074074073



em(t) - The limits of carbon emissions in period t.


1           1594.3363527777776
2           1594.3363527777776
3           1594.3363527777776
4           1594.3363527777776
5           1594.3363527777776
6           1594.3363527777776
