Information for the currently-owned machines and the machines that may be purchased: if 1, the machine can be purchased, otherwise currently-owned.


1           0.0
2           0.0
3           0.0
4           1.0



item_machine_arc(j, m) - The relationship arc between item j and machine m, i.e., machine m is capable of producing item j if item_machine_arc(j, m) = 1.


1           1           1.0
1           2           1.0
1           3           1.0
1           4           1.0
2           1           0.0
2           2           1.0
2           3           1.0
2           4           1.0
3           1           0.0
3           2           0.0
3           3           0.0
3           4           1.0
4           1           1.0
4           2           1.0
4           3           1.0
4           4           1.0
5           1           1.0
5           2           1.0
5           3           1.0
5           4           0.0
6           1           1.0
6           2           1.0
6           3           1.0
6           4           1.0
7           1           1.0
7           2           1.0
7           3           1.0
7           4           1.0
8           1           0.0
8           2           1.0
8           3           1.0
8           4           1.0



d(j, t) - Gross demand for item j in period t.


1           1           49
1           2           40
1           3           41
1           4           33
1           5           42
1           6           40
2           1           46
2           2           33
2           3           48
2           4           40
2           5           37
2           6           40
3           1           39
3           2           30
3           3           32
3           4           47
3           5           39
3           6           48
4           1           47
4           2           36
4           3           36
4           4           39
4           5           33
4           6           34
5           1           41
5           2           31
5           3           32
5           4           44
5           5           39
5           6           48
6           1           50
6           2           45
6           3           33
6           4           39
6           5           35
6           6           34
7           1           46
7           2           42
7           3           48
7           4           32
7           5           37
7           6           38
8           1           46
8           2           42
8           3           50
8           4           47
8           5           46
8           6           47



pt(j, m) - Time required to produce one unit of item j on machine m. The production time is period-independent.


1           1           0.64
1           2           0.793
1           3           0.723
1           4           0.843
2           1           0.502
2           2           0.638
2           3           0.74
2           4           1.313
3           1           1.309
3           2           0.52
3           3           0.922
3           4           1.314
4           1           1.25
4           2           1.152
4           3           0.922
4           4           1.408
5           1           1.451
5           2           1.04
5           3           0.778
5           4           0.763
6           1           0.961
6           2           0.683
6           3           1.074
6           4           0.875
7           1           1.061
7           2           1.393
7           3           1.462
7           4           0.722
8           1           1.114
8           2           1.323
8           3           1.412
8           4           1.334



pc(j, m) - Variable costs of producing one unit of item j on machine m. The production cost is period-independent.


1           1           5.208
1           2           2.914
1           3           2.034
1           4           7.497
2           1           4.217
2           2           3.866
2           3           2.351
2           4           10.103
3           1           2.948
3           2           1.546
3           3           1.394
3           4           8.155
4           1           3.808
4           2           3.302
4           3           2.947
4           4           6.957
5           1           4.996
5           2           2.316
5           3           2.133
5           4           4.871
6           1           3.056
6           2           1.634
6           3           1.985
6           4           5.739
7           1           4.77
7           2           2.778
7           3           2.305
7           4           9.601
8           1           5.853
8           2           2.295
8           3           2.053
8           4           10.205



pe(j, m) - Production emission for producing one unit of item j on machine m. The production emission is period-independent.


1           1           0.171
1           2           0.695
1           3           0.447
1           4           0.243
2           1           0.262
2           2           0.592
2           3           0.393
2           4           0.162
3           1           0.279
3           2           0.512
3           3           0.865
3           4           0.24
4           1           0.227
4           2           0.391
4           3           0.579
4           4           0.053
5           1           0.422
5           2           0.357
5           3           0.819
5           4           0.176
6           1           0.346
6           2           0.739
6           3           0.574
6           4           0.127
7           1           0.274
7           2           0.491
7           3           0.85
7           4           0.068
8           1           0.255
8           2           0.573
8           3           0.797
8           4           0.152



hc(j) - Inventory-holding costs for one unit of item j for one period.


1           0.128
2           0.244
3           0.224
4           0.282
5           0.294
6           0.157
7           0.275
8           0.134



st(j, m) - Setup times for producing a lot of item j on machine m. The setup times are period-independent.


1           1           74.443
1           2           79.802
1           3           85.537
1           4           81.298
2           1           31.552
2           2           91.154
2           3           36.745
2           4           76.934
3           1           45.895
3           2           47.577
3           3           45.882
3           4           51.729
4           1           39.813
4           2           89.144
4           3           32.219
4           4           92.301
5           1           30.416
5           2           99.523
5           3           93.904
5           4           74.233
6           1           30.064
6           2           43.949
6           3           52.37
6           4           48.763
7           1           34.473
7           2           32.348
7           3           63.578
7           4           65.246
8           1           88.409
8           2           46.164
8           3           64.992
8           4           74.178



se(j, m) - Setup emission for producing a lot of item j on machine m. The setup emission are period-independent.


1           1           28.116
1           2           143.517
1           3           96.882
1           4           19.903
2           1           82.628
2           2           42.433
2           3           60.606
2           4           24.427
3           1           63.465
3           2           116.594
3           3           107.467
3           4           32.019
4           1           82.534
4           2           62.555
4           3           127.289
4           4           34.367
5           1           39.634
5           2           102.803
5           3           78.939
5           4           39.335
6           1           27.068
6           2           101.717
6           3           188.118
6           4           15.434
7           1           84.32
7           2           111.38
7           3           131.388
7           4           45.381
8           1           95.263
8           2           40.46
8           3           181.648
8           4           49.973



sc(j, m) - Setup costs for producing a lot of item j on machine m. The setup costs are period-independent.


1           1           14634.667
1           2           9756.444
1           3           7317.333
1           4           29269.333
2           1           27783.467
2           2           18522.311
2           3           13891.733
2           4           55566.933
3           1           24565.333
3           2           16376.889
3           3           12282.667
3           4           49130.667
4           1           29610.0
4           2           19740.0
4           3           14805.0
4           4           59220.0
5           1           32242.0
5           2           21494.667
5           3           16121.0
5           4           64484.0
6           1           17290.933
6           2           11527.289
6           3           8645.467
6           4           34581.867
7           1           31185.0
7           2           20790.0
7           3           15592.5
7           4           62370.0
8           1           17384.267
8           2           11589.511
8           3           8692.133
8           4           34768.533



bc(m) - Fixed investment cost for machine m.


1           677.849197283319
2           3730.186428334983
3           2821.760591268786
4           16649.847681295105



ca(m, t) - The available capacity of machine m in period t.


1           1           306.5119821296296
1           2           306.5119821296296
1           3           306.5119821296296
1           4           306.5119821296296
1           5           306.5119821296296
1           6           306.5119821296296
2           1           306.5119821296296
2           2           306.5119821296296
2           3           306.5119821296296
2           4           306.5119821296296
2           5           306.5119821296296
2           6           306.5119821296296
3           1           306.5119821296296
3           2           306.5119821296296
3           3           306.5119821296296
3           4           306.5119821296296
3           5           306.5119821296296
3           6           306.5119821296296
4           1           306.5119821296296
4           2           306.5119821296296
4           3           306.5119821296296
4           4           306.5119821296296
4           5           306.5119821296296
4           6           306.5119821296296



em(t) - The limits of carbon emissions in period t.


1           636.8144261111112
2           636.8144261111112
3           636.8144261111112
4           636.8144261111112
5           636.8144261111112
6           636.8144261111112
