Information for the currently-owned machines and the machines that may be purchased: if 1, the machine can be purchased, otherwise currently-owned.


1           1.0
2           0.0
3           0.0
4           0.0



item_machine_arc(j, m) - The relationship arc between item j and machine m, i.e., machine m is capable of producing item j if item_machine_arc(j, m) = 1.


1           1           1.0
1           2           1.0
1           3           0.0
1           4           0.0
2           1           0.0
2           2           0.0
2           3           0.0
2           4           1.0
3           1           1.0
3           2           1.0
3           3           0.0
3           4           0.0
4           1           1.0
4           2           1.0
4           3           1.0
4           4           1.0
5           1           1.0
5           2           1.0
5           3           1.0
5           4           1.0
6           1           1.0
6           2           1.0
6           3           0.0
6           4           1.0
7           1           0.0
7           2           0.0
7           3           0.0
7           4           1.0
8           1           0.0
8           2           1.0
8           3           1.0
8           4           1.0



d(j, t) - Gross demand for item j in period t.


1           1           36
1           2           31
1           3           44
1           4           34
1           5           46
1           6           39
2           1           48
2           2           48
2           3           44
2           4           30
2           5           37
2           6           32
3           1           49
3           2           30
3           3           33
3           4           36
3           5           47
3           6           30
4           1           43
4           2           43
4           3           31
4           4           40
4           5           46
4           6           33
5           1           47
5           2           42
5           3           32
5           4           49
5           5           45
5           6           35
6           1           33
6           2           49
6           3           32
6           4           49
6           5           39
6           6           42
7           1           37
7           2           31
7           3           34
7           4           45
7           5           39
7           6           42
8           1           46
8           2           30
8           3           38
8           4           44
8           5           44
8           6           31



pt(j, m) - Time required to produce one unit of item j on machine m. The production time is period-independent.


1           1           1.126
1           2           0.836
1           3           1.103
1           4           0.614
2           1           1.201
2           2           0.51
2           3           1.154
2           4           0.521
3           1           1.418
3           2           1.127
3           3           1.221
3           4           1.378
4           1           1.009
4           2           1.035
4           3           0.927
4           4           1.196
5           1           1.09
5           2           1.113
5           3           0.69
5           4           1.36
6           1           1.081
6           2           1.329
6           3           0.646
6           4           0.878
7           1           0.76
7           2           0.904
7           3           0.749
7           4           1.133
8           1           0.608
8           2           0.849
8           3           0.62
8           4           1.492



pc(j, m) - Variable costs of producing one unit of item j on machine m. The production cost is period-independent.


1           1           6.714
1           2           3.989
1           3           1.109
1           4           3.579
2           1           4.977
2           2           4.238
2           3           1.413
2           4           2.494
3           1           8.293
3           2           2.966
3           3           1.501
3           4           1.395
4           1           11.574
4           2           2.165
4           3           1.743
4           4           3.959
5           1           10.832
5           2           4.26
5           3           1.161
5           4           2.796
6           1           10.713
6           2           3.944
6           3           2.847
6           4           2.607
7           1           10.746
7           2           4.503
7           3           1.521
7           4           1.774
8           1           9.866
8           2           5.458
8           3           1.479
8           4           2.478



pe(j, m) - Production emission for producing one unit of item j on machine m. The production emission is period-independent.


1           1           0.829
1           2           2.385
1           3           2.832
1           4           3.24
2           1           1.195
2           2           1.374
2           3           3.84
2           4           1.635
3           1           0.674
3           2           1.146
3           3           3.057
3           4           1.436
4           1           0.909
4           2           2.148
4           3           4.909
4           4           2.121
5           1           0.345
5           2           0.844
5           3           1.307
5           4           1.133
6           1           0.501
6           2           0.872
6           3           3.598
6           4           2.528
7           1           0.3
7           2           0.521
7           3           3.028
7           4           1.092
8           1           0.933
8           2           1.479
8           3           1.103
8           4           2.573



hc(j) - Inventory-holding costs for one unit of item j for one period.


1           0.108
2           0.285
3           0.223
4           0.239
5           0.121
6           0.278
7           0.242
8           0.219



st(j, m) - Setup times for producing a lot of item j on machine m. The setup times are period-independent.


1           1           82.755
1           2           25.064
1           3           60.218
1           4           84.29
2           1           33.021
2           2           27.15
2           3           38.722
2           4           56.008
3           1           60.51
3           2           59.754
3           3           75.934
3           4           50.335
4           1           54.608
4           2           79.478
4           3           61.691
4           4           28.388
5           1           93.219
5           2           84.161
5           3           67.659
5           4           65.617
6           1           43.449
6           2           35.625
6           3           38.36
6           4           82.494
7           1           78.805
7           2           44.709
7           3           55.92
7           4           46.355
8           1           97.032
8           2           79.483
8           3           89.784
8           4           62.033



se(j, m) - Setup emission for producing a lot of item j on machine m. The setup emission are period-independent.


1           1           42.287
1           2           74.05
1           3           99.27
1           4           61.722
2           1           25.399
2           2           38.231
2           3           177.069
2           4           107.724
3           1           39.021
3           2           36.199
3           3           62.88
3           4           147.613
4           1           22.926
4           2           62.008
4           3           185.335
4           4           60.305
5           1           18.765
5           2           84.889
5           3           196.519
5           4           146.877
6           1           14.533
6           2           82.982
6           3           75.599
6           4           47.269
7           1           15.653
7           2           77.461
7           3           143.184
7           4           67.792
8           1           16.162
8           2           60.94
8           3           68.313
8           4           44.823



sc(j, m) - Setup costs for producing a lot of item j on machine m. The setup costs are period-independent.


1           1           23184.0
1           2           11592.0
1           3           5796.0
1           4           7728.0
2           1           63574.0
2           2           31787.0
2           3           15893.5
2           4           21191.333
3           1           46830.0
3           2           23415.0
3           3           11707.5
3           4           15610.0
4           1           52643.733
4           2           26321.867
4           3           13160.933
4           4           17547.911
5           1           28233.333
5           2           14116.667
5           3           7058.333
5           4           9411.111
6           1           63309.867
6           2           31654.933
6           3           15827.467
6           4           21103.289
7           1           51497.6
7           2           25748.8
7           3           12874.4
7           4           17165.867
8           1           47625.2
8           2           23812.6
8           3           11906.3
8           4           15875.067



bc(m) - Fixed investment cost for machine m.


1           17497.910747788326
2           1005.8764887800775
3           4052.119932091195
4           2998.7795168939138



ca(m, t) - The available capacity of machine m in period t.


1           1           260.32558611111114
1           2           260.32558611111114
1           3           260.32558611111114
1           4           260.32558611111114
1           5           260.32558611111114
1           6           260.32558611111114
2           1           260.32558611111114
2           2           260.32558611111114
2           3           260.32558611111114
2           4           260.32558611111114
2           5           260.32558611111114
2           6           260.32558611111114
3           1           260.32558611111114
3           2           260.32558611111114
3           3           260.32558611111114
3           4           260.32558611111114
3           5           260.32558611111114
3           6           260.32558611111114
4           1           260.32558611111114
4           2           260.32558611111114
4           3           260.32558611111114
4           4           260.32558611111114
4           5           260.32558611111114
4           6           260.32558611111114



em(t) - The limits of carbon emissions in period t.


1           1042.9208999999998
2           1042.9208999999998
3           1042.9208999999998
4           1042.9208999999998
5           1042.9208999999998
6           1042.9208999999998
