Information for the currently-owned machines and the machines that may be purchased: if 1, the machine can be purchased, otherwise currently-owned.


1           0.0
2           1.0
3           0.0
4           0.0



item_machine_arc(j, m) - The relationship arc between item j and machine m, i.e., machine m is capable of producing item j if item_machine_arc(j, m) = 1.


1           1           1.0
1           2           1.0
1           3           1.0
1           4           1.0
2           1           1.0
2           2           1.0
2           3           1.0
2           4           1.0
3           1           1.0
3           2           0.0
3           3           1.0
3           4           0.0
4           1           1.0
4           2           1.0
4           3           1.0
4           4           1.0
5           1           0.0
5           2           1.0
5           3           1.0
5           4           0.0
6           1           0.0
6           2           1.0
6           3           0.0
6           4           0.0
7           1           1.0
7           2           0.0
7           3           1.0
7           4           1.0
8           1           1.0
8           2           1.0
8           3           1.0
8           4           1.0



d(j, t) - Gross demand for item j in period t.


1           1           31
1           2           50
1           3           49
1           4           42
1           5           33
1           6           35
2           1           44
2           2           49
2           3           40
2           4           47
2           5           36
2           6           39
3           1           39
3           2           50
3           3           32
3           4           30
3           5           41
3           6           43
4           1           43
4           2           38
4           3           42
4           4           43
4           5           47
4           6           42
5           1           45
5           2           37
5           3           30
5           4           46
5           5           43
5           6           36
6           1           39
6           2           42
6           3           48
6           4           43
6           5           43
6           6           45
7           1           34
7           2           42
7           3           32
7           4           32
7           5           42
7           6           35
8           1           31
8           2           31
8           3           36
8           4           45
8           5           46
8           6           48



pt(j, m) - Time required to produce one unit of item j on machine m. The production time is period-independent.


1           1           0.95
1           2           0.711
1           3           0.74
1           4           1.225
2           1           1.362
2           2           1.49
2           3           1.206
2           4           0.747
3           1           1.409
3           2           0.566
3           3           0.936
3           4           0.661
4           1           0.616
4           2           0.957
4           3           0.539
4           4           0.734
5           1           1.497
5           2           1.362
5           3           0.675
5           4           0.836
6           1           0.84
6           2           0.853
6           3           0.716
6           4           0.614
7           1           1.279
7           2           1.364
7           3           0.663
7           4           0.82
8           1           1.46
8           2           1.263
8           3           1.119
8           4           1.036



pc(j, m) - Variable costs of producing one unit of item j on machine m. The production cost is period-independent.


1           1           8.144
1           2           2.151
1           3           1.318
1           4           4.916
2           1           8.404
2           2           3.643
2           3           2.001
2           4           2.916
3           1           8.831
3           2           1.759
3           3           2.309
3           4           3.349
4           1           10.145
4           2           3.255
4           3           2.515
4           4           2.005
5           1           6.684
5           2           2.969
5           3           2.266
5           4           2.674
6           1           7.671
6           2           1.385
6           3           1.284
6           4           3.5
7           1           10.31
7           2           3.0
7           3           1.524
7           4           2.126
8           1           5.858
8           2           1.857
8           3           2.255
8           4           4.466



pe(j, m) - Production emission for producing one unit of item j on machine m. The production emission is period-independent.


1           1           1.23
1           2           1.55
1           3           1.231
1           4           2.463
2           1           0.285
2           2           2.579
2           3           1.319
2           4           1.069
3           1           0.776
3           2           1.582
3           3           2.923
3           4           0.962
4           1           0.95
4           2           1.702
4           3           4.069
4           4           1.084
5           1           1.019
5           2           1.392
5           3           1.411
5           4           1.678
6           1           0.906
6           2           1.484
6           3           3.873
6           4           0.967
7           1           0.342
7           2           2.214
7           3           1.76
7           4           1.906
8           1           0.781
8           2           3.071
8           3           2.2
8           4           1.798



hc(j) - Inventory-holding costs for one unit of item j for one period.


1           0.129
2           0.101
3           0.264
4           0.146
5           0.256
6           0.138
7           0.262
8           0.147



st(j, m) - Setup times for producing a lot of item j on machine m. The setup times are period-independent.


1           1           14.161
1           2           17.038
1           3           16.149
1           4           10.297
2           1           10.685
2           2           6.648
2           3           18.081
2           4           5.673
3           1           5.476
3           2           19.853
3           3           15.938
3           4           5.625
4           1           19.998
4           2           7.856
4           3           15.221
4           4           8.132
5           1           14.653
5           2           6.31
5           3           10.495
5           4           8.007
6           1           5.31
6           2           6.565
6           3           7.677
6           4           12.428
7           1           9.369
7           2           15.194
7           3           17.737
7           4           5.855
8           1           15.919
8           2           9.489
8           3           16.452
8           4           16.323



se(j, m) - Setup emission for producing a lot of item j on machine m. The setup emission are period-independent.


1           1           32.315
1           2           106.748
1           3           63.031
1           4           37.357
2           1           27.963
2           2           117.382
2           3           72.742
2           4           71.335
3           1           45.233
3           2           125.741
3           3           155.069
3           4           42.778
4           1           27.986
4           2           118.247
4           3           122.102
4           4           86.174
5           1           49.041
5           2           87.999
5           3           158.886
5           4           75.877
6           1           16.734
6           2           62.483
6           3           158.969
6           4           47.018
7           1           43.442
7           2           62.287
7           3           82.39
7           4           63.561
8           1           39.011
8           2           143.174
8           3           146.278
8           4           99.216



sc(j, m) - Setup costs for producing a lot of item j on machine m. The setup costs are period-independent.


1           1           31785.6
1           2           10595.2
1           3           7946.4
1           4           15892.8
2           1           26441.8
2           2           8813.933
2           3           6610.45
2           4           13220.9
3           1           63694.4
3           2           21231.467
3           3           15923.6
3           4           31847.2
4           1           38222.8
4           2           12740.933
4           3           9555.7
4           4           19111.4
5           1           62289.92
5           2           20763.307
5           3           15572.48
5           4           31144.96
6           1           36836.8
6           2           12278.933
6           3           9209.2
6           4           18418.4
7           1           58370.107
7           2           19456.702
7           3           14592.527
7           4           29185.053
8           1           35768.04
8           2           11922.68
8           3           8942.01
8           4           17884.02



bc(m) - Fixed investment cost for machine m.


1           14006.365196432202
2           5356.770923726417
3           504.7937309482875
4           8474.512979941604



ca(m, t) - The available capacity of machine m in period t.


1           1           188.1277189814815
1           2           188.1277189814815
1           3           188.1277189814815
1           4           188.1277189814815
1           5           188.1277189814815
1           6           188.1277189814815
2           1           188.1277189814815
2           2           188.1277189814815
2           3           188.1277189814815
2           4           188.1277189814815
2           5           188.1277189814815
2           6           188.1277189814815
3           1           188.1277189814815
3           2           188.1277189814815
3           3           188.1277189814815
3           4           188.1277189814815
3           5           188.1277189814815
3           6           188.1277189814815
4           1           188.1277189814815
4           2           188.1277189814815
4           3           188.1277189814815
4           4           188.1277189814815
4           5           188.1277189814815
4           6           188.1277189814815



em(t) - The limits of carbon emissions in period t.


1           1324.2445883333335
2           1324.2445883333335
3           1324.2445883333335
4           1324.2445883333335
5           1324.2445883333335
6           1324.2445883333335
