Information for the currently-owned machines and the machines that may be purchased: if 1, the machine can be purchased, otherwise currently-owned.


1           0.0
2           0.0
3           1.0
4           0.0



item_machine_arc(j, m) - The relationship arc between item j and machine m, i.e., machine m is capable of producing item j if item_machine_arc(j, m) = 1.


1           1           1.0
1           2           1.0
1           3           1.0
1           4           1.0
2           1           1.0
2           2           1.0
2           3           0.0
2           4           0.0
3           1           0.0
3           2           1.0
3           3           0.0
3           4           0.0
4           1           1.0
4           2           1.0
4           3           1.0
4           4           0.0
5           1           1.0
5           2           0.0
5           3           1.0
5           4           0.0
6           1           1.0
6           2           1.0
6           3           0.0
6           4           1.0
7           1           0.0
7           2           1.0
7           3           1.0
7           4           0.0
8           1           1.0
8           2           1.0
8           3           0.0
8           4           0.0



d(j, t) - Gross demand for item j in period t.


1           1           31
1           2           32
1           3           42
1           4           36
1           5           48
1           6           47
2           1           37
2           2           47
2           3           47
2           4           37
2           5           44
2           6           41
3           1           37
3           2           41
3           3           35
3           4           40
3           5           48
3           6           40
4           1           38
4           2           48
4           3           48
4           4           32
4           5           42
4           6           46
5           1           32
5           2           42
5           3           48
5           4           31
5           5           42
5           6           40
6           1           48
6           2           50
6           3           34
6           4           43
6           5           44
6           6           42
7           1           43
7           2           35
7           3           35
7           4           36
7           5           49
7           6           32
8           1           34
8           2           38
8           3           40
8           4           42
8           5           32
8           6           32



pt(j, m) - Time required to produce one unit of item j on machine m. The production time is period-independent.


1           1           1.458
1           2           0.714
1           3           1.248
1           4           0.782
2           1           1.118
2           2           1.21
2           3           0.956
2           4           1.286
3           1           1.084
3           2           0.726
3           3           0.845
3           4           1.455
4           1           0.687
4           2           0.748
4           3           1.018
4           4           1.205
5           1           0.723
5           2           0.609
5           3           0.557
5           4           1.379
6           1           0.652
6           2           0.943
6           3           0.542
6           4           1.311
7           1           0.992
7           2           1.373
7           3           0.738
7           4           0.891
8           1           1.186
8           2           0.691
8           3           0.901
8           4           1.241



pc(j, m) - Variable costs of producing one unit of item j on machine m. The production cost is period-independent.


1           1           2.47
1           2           2.151
1           3           6.513
1           4           2.44
2           1           3.609
2           2           2.962
2           3           6.693
2           4           2.604
3           1           3.564
3           2           5.164
3           3           5.244
3           4           1.586
4           1           1.78
4           2           3.244
4           3           7.71
4           4           1.734
5           1           3.501
5           2           2.52
5           3           9.898
5           4           2.762
6           1           1.798
6           2           5.637
6           3           9.598
6           4           2.354
7           1           3.546
7           2           4.896
7           3           10.925
7           4           1.381
8           1           2.354
8           2           2.533
8           3           4.059
8           4           1.66



pe(j, m) - Production emission for producing one unit of item j on machine m. The production emission is period-independent.


1           1           0.68
1           2           0.127
1           3           0.105
1           4           0.469
2           1           0.257
2           2           0.366
2           3           0.115
2           4           0.37
3           1           0.306
3           2           0.351
3           3           0.125
3           4           0.382
4           1           0.188
4           2           0.486
4           3           0.076
4           4           0.869
5           1           0.719
5           2           0.276
5           3           0.099
5           4           0.603
6           1           0.624
6           2           0.332
6           3           0.157
6           4           0.236
7           1           0.21
7           2           0.134
7           3           0.195
7           4           0.362
8           1           0.454
8           2           0.264
8           3           0.098
8           4           0.293



hc(j) - Inventory-holding costs for one unit of item j for one period.


1           0.102
2           0.113
3           0.232
4           0.224
5           0.261
6           0.268
7           0.102
8           0.111



st(j, m) - Setup times for producing a lot of item j on machine m. The setup times are period-independent.


1           1           16.693
1           2           16.65
1           3           12.619
1           4           6.845
2           1           6.934
2           2           15.788
2           3           6.001
2           4           12.597
3           1           10.517
3           2           10.851
3           3           15.269
3           4           15.203
4           1           17.081
4           2           5.051
4           3           18.611
4           4           18.535
5           1           7.084
5           2           18.642
5           3           6.734
5           4           18.55
6           1           10.084
6           2           18.498
6           3           15.961
6           4           10.626
7           1           10.985
7           2           13.099
7           3           8.257
7           4           12.395
8           1           19.646
8           2           15.796
8           3           8.558
8           4           16.087



se(j, m) - Setup emission for producing a lot of item j on machine m. The setup emission are period-independent.


1           1           96.498
1           2           38.348
1           3           27.035
1           4           86.025
2           1           110.202
2           2           89.832
2           3           25.7
2           4           73.308
3           1           100.737
3           2           89.655
3           3           42.877
3           4           119.746
4           1           80.957
4           2           37.912
4           3           37.741
4           4           125.411
5           1           62.847
5           2           92.824
5           3           13.492
5           4           99.939
6           1           148.78
6           2           44.055
6           3           24.059
6           4           86.05
7           1           132.309
7           2           70.607
7           3           24.721
7           4           186.125
8           1           39.008
8           2           72.474
8           3           46.562
8           4           101.967



sc(j, m) - Setup costs for producing a lot of item j on machine m. The setup costs are period-independent.


1           1           8237.973
1           2           12356.96
1           3           24713.92
1           4           6178.48
2           1           9783.791
2           2           14675.687
2           3           29351.373
2           4           7337.843
3           1           19134.329
3           2           28701.493
3           3           57402.987
3           4           14350.747
4           1           19471.076
4           2           29206.613
4           3           58413.227
4           4           14603.307
5           1           20990.2
5           2           31485.3
5           3           62970.6
5           4           15742.65
6           1           23937.76
6           2           35906.64
6           3           71813.28
6           4           17953.32
7           1           8028.533
7           2           12042.8
7           3           24085.6
7           4           6021.4
8           1           8281.093
8           2           12421.64
8           3           24843.28
8           4           6210.82



bc(m) - Fixed investment cost for machine m.


1           5423.485865383731
2           4337.646354048877
3           14217.816830054311
4           3618.014335433453



ca(m, t) - The available capacity of machine m in period t.


1           1           160.82574537037033
1           2           160.82574537037033
1           3           160.82574537037033
1           4           160.82574537037033
1           5           160.82574537037033
1           6           160.82574537037033
2           1           160.82574537037033
2           2           160.82574537037033
2           3           160.82574537037033
2           4           160.82574537037033
2           5           160.82574537037033
2           6           160.82574537037033
3           1           160.82574537037033
3           2           160.82574537037033
3           3           160.82574537037033
3           4           160.82574537037033
3           5           160.82574537037033
3           6           160.82574537037033
4           1           160.82574537037033
4           2           160.82574537037033
4           3           160.82574537037033
4           4           160.82574537037033
4           5           160.82574537037033
4           6           160.82574537037033



em(t) - The limits of carbon emissions in period t.


1           522.54055
2           522.54055
3           522.54055
4           522.54055
5           522.54055
6           522.54055
