Information for the currently-owned machines and the machines that may be purchased: if 1, the machine can be purchased, otherwise currently-owned.


1           0.0
2           0.0
3           1.0
4           0.0



item_machine_arc(j, m) - The relationship arc between item j and machine m, i.e., machine m is capable of producing item j if item_machine_arc(j, m) = 1.


1           1           0.0
1           2           0.0
1           3           0.0
1           4           1.0
2           1           1.0
2           2           1.0
2           3           0.0
2           4           0.0
3           1           0.0
3           2           1.0
3           3           0.0
3           4           1.0
4           1           0.0
4           2           1.0
4           3           0.0
4           4           1.0
5           1           1.0
5           2           1.0
5           3           0.0
5           4           0.0
6           1           0.0
6           2           1.0
6           3           1.0
6           4           1.0
7           1           1.0
7           2           1.0
7           3           0.0
7           4           1.0
8           1           1.0
8           2           0.0
8           3           0.0
8           4           1.0



d(j, t) - Gross demand for item j in period t.


1           1           33
1           2           39
1           3           49
1           4           46
1           5           34
1           6           47
2           1           49
2           2           40
2           3           46
2           4           39
2           5           32
2           6           50
3           1           46
3           2           41
3           3           39
3           4           41
3           5           37
3           6           39
4           1           38
4           2           30
4           3           41
4           4           50
4           5           39
4           6           30
5           1           31
5           2           31
5           3           49
5           4           34
5           5           47
5           6           48
6           1           38
6           2           46
6           3           50
6           4           32
6           5           36
6           6           37
7           1           33
7           2           34
7           3           41
7           4           35
7           5           36
7           6           38
8           1           35
8           2           42
8           3           47
8           4           37
8           5           49
8           6           45



pt(j, m) - Time required to produce one unit of item j on machine m. The production time is period-independent.


1           1           1.056
1           2           1.034
1           3           0.747
1           4           0.756
2           1           0.685
2           2           1.497
2           3           0.773
2           4           1.319
3           1           1.48
3           2           0.552
3           3           0.764
3           4           1.095
4           1           1.382
4           2           1.106
4           3           1.001
4           4           0.895
5           1           0.737
5           2           0.801
5           3           1.348
5           4           0.534
6           1           0.702
6           2           0.618
6           3           0.824
6           4           0.675
7           1           0.949
7           2           1.387
7           3           1.44
7           4           1.418
8           1           1.466
8           2           0.513
8           3           1.469
8           4           0.636



pc(j, m) - Variable costs of producing one unit of item j on machine m. The production cost is period-independent.


1           1           5.142
1           2           1.706
1           3           4.59
1           4           2.699
2           1           5.936
2           2           1.951
2           3           8.166
2           4           2.306
3           1           2.355
3           2           2.291
3           3           6.823
3           4           3.056
4           1           4.474
4           2           2.192
4           3           9.453
4           4           2.446
5           1           3.074
5           2           1.174
5           3           4.735
5           4           2.529
6           1           4.812
6           2           2.039
6           3           5.776
6           4           3.797
7           1           3.454
7           2           2.247
7           3           11.136
7           4           2.375
8           1           5.997
8           2           1.474
8           3           5.793
8           4           1.439



pe(j, m) - Production emission for producing one unit of item j on machine m. The production emission is period-independent.


1           1           1.971
1           2           4.721
1           3           0.736
1           4           1.201
2           1           1.7
2           2           3.71
2           3           0.981
2           4           0.947
3           1           0.63
3           2           2.273
3           3           0.319
3           4           2.939
4           1           1.375
4           2           1.91
4           3           0.577
4           4           3.309
5           1           2.212
5           2           1.044
5           3           1.186
5           4           1.596
6           1           1.985
6           2           2.413
6           3           0.992
6           4           3.173
7           1           1.209
7           2           4.636
7           3           1.09
7           4           2.386
8           1           2.423
8           2           2.353
8           3           0.381
8           4           1.93



hc(j) - Inventory-holding costs for one unit of item j for one period.


1           0.296
2           0.265
3           0.181
4           0.192
5           0.255
6           0.205
7           0.24
8           0.208



st(j, m) - Setup times for producing a lot of item j on machine m. The setup times are period-independent.


1           1           5.764
1           2           14.48
1           3           15.667
1           4           10.138
2           1           8.463
2           2           16.496
2           3           18.002
2           4           5.265
3           1           10.717
3           2           10.074
3           3           10.712
3           4           17.005
4           1           16.445
4           2           17.186
4           3           16.486
4           4           18.459
5           1           11.554
5           2           6.573
5           3           15.304
5           4           13.965
6           1           16.337
6           2           19.129
6           3           7.25
6           4           6.841
7           1           7.364
7           2           8.821
7           3           6.345
7           4           19.038
8           1           14.237
8           2           10.81
8           3           9.532
8           4           7.977



se(j, m) - Setup emission for producing a lot of item j on machine m. The setup emission are period-independent.


1           1           15.92
1           2           31.607
1           3           4.307
1           4           21.159
2           1           7.084
2           2           35.861
2           3           3.867
2           4           21.352
3           1           6.155
3           2           19.311
3           3           5.648
3           4           7.671
4           1           11.327
4           2           21.942
4           3           6.681
4           4           23.089
5           1           18.838
5           2           38.311
5           3           9.832
5           4           15.398
6           1           17.614
6           2           32.501
6           3           5.728
6           4           14.588
7           1           13.065
7           2           14.674
7           3           8.557
7           4           18.867
8           1           18.333
8           2           37.007
8           3           5.03
8           4           21.126



sc(j, m) - Setup costs for producing a lot of item j on machine m. The setup costs are period-independent.


1           1           34257.067
1           2           17128.533
1           3           68514.133
1           4           22838.044
2           1           31658.667
2           2           15829.333
2           3           63317.333
2           4           21105.778
3           1           20525.4
3           2           10262.7
3           3           41050.8
3           4           13683.6
4           1           20428.8
4           2           10214.4
4           3           40857.6
4           4           13619.2
5           1           28560.0
5           2           14280.0
5           3           57120.0
5           4           19040.0
6           1           22864.333
6           2           11432.167
6           3           45728.667
6           4           15242.889
7           1           24304.0
7           2           12152.0
7           3           48608.0
7           4           16202.667
8           1           24752.0
8           2           12376.0
8           3           49504.0
8           4           16501.333



bc(m) - Fixed investment cost for machine m.


1           4481.70942583655
2           1117.488033750994
3           17068.789607362654
4           1556.6085559132089



ca(m, t) - The available capacity of machine m in period t.


1           1           177.84092537037037
1           2           177.84092537037037
1           3           177.84092537037037
1           4           177.84092537037037
1           5           177.84092537037037
1           6           177.84092537037037
2           1           177.84092537037037
2           2           177.84092537037037
2           3           177.84092537037037
2           4           177.84092537037037
2           5           177.84092537037037
2           6           177.84092537037037
3           1           177.84092537037037
3           2           177.84092537037037
3           3           177.84092537037037
3           4           177.84092537037037
3           5           177.84092537037037
3           6           177.84092537037037
4           1           177.84092537037037
4           2           177.84092537037037
4           3           177.84092537037037
4           4           177.84092537037037
4           5           177.84092537037037
4           6           177.84092537037037



em(t) - The limits of carbon emissions in period t.


1           1111.5886833333334
2           1111.5886833333334
3           1111.5886833333334
4           1111.5886833333334
5           1111.5886833333334
6           1111.5886833333334
