Information for the currently-owned machines and the machines that may be purchased: if 1, the machine can be purchased, otherwise currently-owned.


1           1.0
2           0.0
3           0.0
4           0.0



item_machine_arc(j, m) - The relationship arc between item j and machine m, i.e., machine m is capable of producing item j if item_machine_arc(j, m) = 1.


1           1           1.0
1           2           0.0
1           3           1.0
1           4           1.0
2           1           0.0
2           2           1.0
2           3           0.0
2           4           0.0
3           1           1.0
3           2           1.0
3           3           1.0
3           4           1.0
4           1           0.0
4           2           1.0
4           3           1.0
4           4           1.0
5           1           0.0
5           2           1.0
5           3           0.0
5           4           1.0
6           1           0.0
6           2           0.0
6           3           1.0
6           4           1.0
7           1           1.0
7           2           0.0
7           3           0.0
7           4           1.0
8           1           0.0
8           2           1.0
8           3           1.0
8           4           1.0



d(j, t) - Gross demand for item j in period t.


1           1           48
1           2           42
1           3           46
1           4           32
1           5           30
1           6           37
2           1           36
2           2           30
2           3           50
2           4           36
2           5           41
2           6           43
3           1           33
3           2           44
3           3           50
3           4           38
3           5           35
3           6           37
4           1           40
4           2           40
4           3           43
4           4           36
4           5           30
4           6           33
5           1           45
5           2           41
5           3           43
5           4           43
5           5           33
5           6           48
6           1           43
6           2           47
6           3           32
6           4           41
6           5           31
6           6           45
7           1           39
7           2           49
7           3           35
7           4           41
7           5           34
7           6           37
8           1           43
8           2           37
8           3           34
8           4           40
8           5           41
8           6           33



pt(j, m) - Time required to produce one unit of item j on machine m. The production time is period-independent.


1           1           0.56
1           2           0.715
1           3           0.684
1           4           1.153
2           1           0.975
2           2           1.171
2           3           1.358
2           4           0.878
3           1           0.689
3           2           0.862
3           3           0.545
3           4           1.46
4           1           1.06
4           2           1.427
4           3           1.36
4           4           0.96
5           1           1.265
5           2           1.32
5           3           0.841
5           4           0.8
6           1           0.546
6           2           0.716
6           3           1.483
6           4           1.025
7           1           1.412
7           2           1.241
7           3           1.149
7           4           1.202
8           1           1.318
8           2           1.363
8           3           0.82
8           4           1.351



pc(j, m) - Variable costs of producing one unit of item j on machine m. The production cost is period-independent.


1           1           1.442
1           2           5.809
1           3           2.156
1           4           1.708
2           1           1.4
2           2           7.385
2           3           3.696
2           4           1.107
3           1           1.487
3           2           11.818
3           3           2.036
3           4           1.826
4           1           3.542
4           2           8.126
4           3           5.452
4           4           2.937
5           1           2.309
5           2           8.317
5           3           5.7
5           4           2.455
6           1           2.606
6           2           9.203
6           3           2.318
6           4           2.182
7           1           2.126
7           2           9.617
7           3           4.497
7           4           1.559
8           1           3.642
8           2           10.918
8           3           2.236
8           4           1.074



pe(j, m) - Production emission for producing one unit of item j on machine m. The production emission is period-independent.


1           1           0.348
1           2           0.228
1           3           0.192
1           4           0.732
2           1           0.408
2           2           0.097
2           3           0.452
2           4           0.794
3           1           0.246
3           2           0.225
3           3           0.458
3           4           0.635
4           1           0.313
4           2           0.184
4           3           0.286
4           4           0.708
5           1           0.736
5           2           0.163
5           3           0.429
5           4           0.971
6           1           0.305
6           2           0.066
6           3           0.332
6           4           0.539
7           1           0.74
7           2           0.229
7           3           0.335
7           4           0.2
8           1           0.438
8           2           0.163
8           3           0.441
8           4           0.673



hc(j) - Inventory-holding costs for one unit of item j for one period.


1           0.167
2           0.291
3           0.219
4           0.172
5           0.289
6           0.264
7           0.132
8           0.196



st(j, m) - Setup times for producing a lot of item j on machine m. The setup times are period-independent.


1           1           7.274
1           2           5.675
1           3           19.908
1           4           6.203
2           1           19.706
2           2           11.126
2           3           17.544
2           4           5.555
3           1           19.255
3           2           8.397
3           3           17.116
3           4           12.624
4           1           8.872
4           2           19.505
4           3           7.769
4           4           11.224
5           1           11.855
5           2           17.532
5           3           5.517
5           4           18.049
6           1           13.735
6           2           9.738
6           3           11.249
6           4           15.879
7           1           8.685
7           2           18.606
7           3           7.268
7           4           8.84
8           1           8.024
8           2           14.88
8           3           7.354
8           4           8.686



se(j, m) - Setup emission for producing a lot of item j on machine m. The setup emission are period-independent.


1           1           43.751
1           2           44.421
1           3           87.795
1           4           76.101
2           1           77.872
2           2           21.917
2           3           86.439
2           4           196.372
3           1           108.528
3           2           48.03
3           3           28.081
3           4           79.561
4           1           103.562
4           2           26.076
4           3           57.075
4           4           164.742
5           1           52.74
5           2           15.384
5           3           26.174
5           4           113.365
6           1           123.872
6           2           24.176
6           3           73.604
6           4           187.571
7           1           45.102
7           2           20.007
7           3           93.926
7           4           187.496
8           1           104.457
8           2           31.545
8           3           75.932
8           4           120.492



sc(j, m) - Setup costs for producing a lot of item j on machine m. The setup costs are period-independent.


1           1           13430.511
1           2           40291.533
1           3           20145.767
1           4           10072.883
2           1           23502.453
2           2           70507.36
2           3           35253.68
2           4           17626.84
3           1           17762.36
3           2           53287.08
3           3           26643.54
3           4           13321.77
4           1           13067.413
4           2           39202.24
4           3           19601.12
4           4           9800.56
5           1           25022.262
5           2           75066.787
5           3           37533.393
5           4           18766.697
6           1           21592.853
6           2           64778.56
6           3           32389.28
6           4           16194.64
7           1           10615.733
7           2           31847.2
7           3           15923.6
7           4           7961.8
8           1           15293.227
8           2           45879.68
8           3           22939.84
8           4           11469.92



bc(m) - Fixed investment cost for machine m.


1           1995.821268933374
2           595.8503954793737
3           8743.951470617274
4           3863.325129614758



ca(m, t) - The available capacity of machine m in period t.


1           1           204.9297677777778
1           2           204.9297677777778
1           3           204.9297677777778
1           4           204.9297677777778
1           5           204.9297677777778
1           6           204.9297677777778
2           1           204.9297677777778
2           2           204.9297677777778
2           3           204.9297677777778
2           4           204.9297677777778
2           5           204.9297677777778
2           6           204.9297677777778
3           1           204.9297677777778
3           2           204.9297677777778
3           3           204.9297677777778
3           4           204.9297677777778
3           5           204.9297677777778
3           6           204.9297677777778
4           1           204.9297677777778
4           2           204.9297677777778
4           3           204.9297677777778
4           4           204.9297677777778
4           5           204.9297677777778
4           6           204.9297677777778



em(t) - The limits of carbon emissions in period t.


1           677.2410516666667
2           677.2410516666667
3           677.2410516666667
4           677.2410516666667
5           677.2410516666667
6           677.2410516666667
