Information for the currently-owned machines and the machines that may be purchased: if 1, the machine can be purchased, otherwise currently-owned.


1           0.0
2           0.0
3           1.0
4           0.0



item_machine_arc(j, m) - The relationship arc between item j and machine m, i.e., machine m is capable of producing item j if item_machine_arc(j, m) = 1.


1           1           1.0
1           2           0.0
1           3           1.0
1           4           1.0
2           1           0.0
2           2           0.0
2           3           0.0
2           4           1.0
3           1           1.0
3           2           1.0
3           3           1.0
3           4           1.0
4           1           1.0
4           2           1.0
4           3           0.0
4           4           0.0
5           1           1.0
5           2           1.0
5           3           1.0
5           4           1.0
6           1           1.0
6           2           0.0
6           3           0.0
6           4           0.0
7           1           1.0
7           2           0.0
7           3           0.0
7           4           0.0
8           1           1.0
8           2           1.0
8           3           1.0
8           4           0.0



d(j, t) - Gross demand for item j in period t.


1           1           30
1           2           35
1           3           49
1           4           42
1           5           47
1           6           38
2           1           45
2           2           45
2           3           40
2           4           39
2           5           48
2           6           32
3           1           50
3           2           35
3           3           43
3           4           35
3           5           44
3           6           34
4           1           43
4           2           40
4           3           30
4           4           36
4           5           35
4           6           40
5           1           39
5           2           47
5           3           41
5           4           39
5           5           36
5           6           40
6           1           49
6           2           32
6           3           38
6           4           49
6           5           38
6           6           50
7           1           43
7           2           44
7           3           37
7           4           44
7           5           45
7           6           31
8           1           37
8           2           40
8           3           36
8           4           41
8           5           42
8           6           46



pt(j, m) - Time required to produce one unit of item j on machine m. The production time is period-independent.


1           1           1.138
1           2           1.124
1           3           0.901
1           4           0.878
2           1           1.352
2           2           1.234
2           3           1.122
2           4           0.61
3           1           1.45
3           2           0.929
3           3           0.932
3           4           1.13
4           1           0.542
4           2           0.66
4           3           1.052
4           4           1.34
5           1           1.266
5           2           0.985
5           3           0.764
5           4           0.906
6           1           1.044
6           2           1.347
6           3           1.33
6           4           0.972
7           1           1.038
7           2           0.978
7           3           0.915
7           4           0.511
8           1           1.021
8           2           1.317
8           3           1.453
8           4           0.858



pc(j, m) - Variable costs of producing one unit of item j on machine m. The production cost is period-independent.


1           1           1.847
1           2           2.404
1           3           3.144
1           4           11.653
2           1           1.854
2           2           3.682
2           3           1.475
2           4           4.749
3           1           1.76
3           2           2.687
3           3           2.097
3           4           9.995
4           1           2.863
4           2           5.618
4           3           2.647
4           4           5.758
5           1           1.576
5           2           5.451
5           3           3.048
5           4           5.62
6           1           1.533
6           2           5.106
6           3           1.864
6           4           10.796
7           1           1.699
7           2           5.157
7           3           2.126
7           4           10.702
8           1           1.824
8           2           4.552
8           3           3.103
8           4           11.077



pe(j, m) - Production emission for producing one unit of item j on machine m. The production emission is period-independent.


1           1           0.658
1           2           0.281
1           3           0.705
1           4           0.091
2           1           0.993
2           2           0.257
2           3           0.573
2           4           0.201
3           1           0.938
3           2           0.295
3           3           0.685
3           4           0.242
4           1           0.61
4           2           0.189
4           3           0.238
4           4           0.122
5           1           0.782
5           2           0.179
5           3           0.673
5           4           0.122
6           1           0.63
6           2           0.117
6           3           0.683
6           4           0.227
7           1           0.518
7           2           0.385
7           3           0.584
7           4           0.157
8           1           0.201
8           2           0.239
8           3           0.327
8           4           0.141



hc(j) - Inventory-holding costs for one unit of item j for one period.


1           0.213
2           0.19
3           0.168
4           0.23
5           0.274
6           0.138
7           0.185
8           0.147



st(j, m) - Setup times for producing a lot of item j on machine m. The setup times are period-independent.


1           1           59.749
1           2           78.935
1           3           27.188
1           4           54.326
2           1           94.217
2           2           88.284
2           3           59.957
2           4           34.671
3           1           91.52
3           2           60.317
3           3           37.393
3           4           50.072
4           1           81.084
4           2           74.811
4           3           50.261
4           4           85.038
5           1           98.58
5           2           51.382
5           3           57.098
5           4           58.47
6           1           64.689
6           2           32.848
6           3           55.441
6           4           60.466
7           1           35.489
7           2           34.5
7           3           91.166
7           4           28.234
8           1           68.409
8           2           56.095
8           3           91.219
8           4           75.725



se(j, m) - Setup emission for producing a lot of item j on machine m. The setup emission are period-independent.


1           1           23.203
1           2           9.928
1           3           7.615
1           4           4.386
2           1           14.593
2           2           10.944
2           3           11.295
2           4           8.395
3           1           22.792
3           2           10.414
3           3           28.282
3           4           4.061
4           1           17.362
4           2           11.787
4           3           22.958
4           4           10.0
5           1           37.505
5           2           13.4
5           3           25.333
5           4           8.968
6           1           11.505
6           2           19.38
6           3           28.413
6           4           5.908
7           1           37.966
7           2           17.407
7           3           10.246
7           4           5.956
8           1           12.118
8           2           9.321
8           3           11.678
8           4           4.837



sc(j, m) - Setup costs for producing a lot of item j on machine m. The setup costs are period-independent.


1           1           11977.7
1           2           23955.4
1           3           15970.267
1           4           47910.8
2           1           11039.0
2           2           22078.0
2           3           14718.667
2           4           44156.0
3           1           9447.2
3           2           18894.4
3           3           12596.267
3           4           37788.8
4           1           12021.333
4           2           24042.667
4           3           16028.444
4           4           48085.333
5           1           15471.867
5           2           30943.733
5           3           20629.156
5           4           61887.467
6           1           8243.2
6           2           16486.4
6           3           10990.933
6           4           32972.8
7           1           10532.667
7           2           21065.333
7           3           14043.556
7           4           42130.667
8           1           8300.6
8           2           16601.2
8           3           11067.467
8           4           33202.4



bc(m) - Fixed investment cost for machine m.


1           1737.5431114705414
2           9562.23572624898
3           6446.082466840188
4           1565.1601856233488



ca(m, t) - The available capacity of machine m in period t.


1           1           250.90954907407405
1           2           250.90954907407405
1           3           250.90954907407405
1           4           250.90954907407405
1           5           250.90954907407405
1           6           250.90954907407405
2           1           250.90954907407405
2           2           250.90954907407405
2           3           250.90954907407405
2           4           250.90954907407405
2           5           250.90954907407405
2           6           250.90954907407405
3           1           250.90954907407405
3           2           250.90954907407405
3           3           250.90954907407405
3           4           250.90954907407405
3           5           250.90954907407405
3           6           250.90954907407405
4           1           250.90954907407405
4           2           250.90954907407405
4           3           250.90954907407405
4           4           250.90954907407405
4           5           250.90954907407405
4           6           250.90954907407405



em(t) - The limits of carbon emissions in period t.


1           318.5160824999999
2           318.5160824999999
3           318.5160824999999
4           318.5160824999999
5           318.5160824999999
6           318.5160824999999
