Information for the currently-owned machines and the machines that may be purchased: if 1, the machine can be purchased, otherwise currently-owned.


1           0.0
2           1.0
3           0.0
4           0.0



item_machine_arc(j, m) - The relationship arc between item j and machine m, i.e., machine m is capable of producing item j if item_machine_arc(j, m) = 1.


1           1           1.0
1           2           0.0
1           3           1.0
1           4           0.0
2           1           0.0
2           2           1.0
2           3           0.0
2           4           0.0
3           1           1.0
3           2           1.0
3           3           0.0
3           4           1.0
4           1           1.0
4           2           1.0
4           3           1.0
4           4           1.0
5           1           1.0
5           2           1.0
5           3           1.0
5           4           1.0
6           1           1.0
6           2           1.0
6           3           1.0
6           4           1.0
7           1           1.0
7           2           0.0
7           3           1.0
7           4           1.0
8           1           1.0
8           2           1.0
8           3           0.0
8           4           1.0



d(j, t) - Gross demand for item j in period t.


1           1           40
1           2           45
1           3           48
1           4           46
1           5           41
1           6           42
2           1           31
2           2           42
2           3           34
2           4           31
2           5           45
2           6           44
3           1           45
3           2           40
3           3           32
3           4           32
3           5           33
3           6           42
4           1           44
4           2           30
4           3           34
4           4           35
4           5           48
4           6           45
5           1           46
5           2           34
5           3           38
5           4           36
5           5           39
5           6           32
6           1           39
6           2           40
6           3           40
6           4           46
6           5           47
6           6           32
7           1           47
7           2           50
7           3           47
7           4           35
7           5           34
7           6           44
8           1           48
8           2           34
8           3           30
8           4           46
8           5           48
8           6           43



pt(j, m) - Time required to produce one unit of item j on machine m. The production time is period-independent.


1           1           1.396
1           2           0.956
1           3           1.499
1           4           0.685
2           1           1.449
2           2           0.666
2           3           0.576
2           4           1.039
3           1           1.04
3           2           0.701
3           3           0.791
3           4           0.621
4           1           1.452
4           2           0.722
4           3           1.251
4           4           1.355
5           1           1.452
5           2           1.335
5           3           0.572
5           4           0.827
6           1           0.733
6           2           1.132
6           3           0.587
6           4           1.389
7           1           1.467
7           2           1.43
7           3           1.252
7           4           1.118
8           1           1.37
8           2           1.086
8           3           0.992
8           4           0.775



pc(j, m) - Variable costs of producing one unit of item j on machine m. The production cost is period-independent.


1           1           1.257
1           2           2.829
1           3           8.592
1           4           3.941
2           1           1.537
2           2           2.428
2           3           9.609
2           4           2.09
3           1           2.953
3           2           1.407
3           3           10.905
3           4           5.194
4           1           1.855
4           2           3.77
4           3           6.797
4           4           5.967
5           1           1.13
5           2           2.755
5           3           6.044
5           4           3.568
6           1           2.36
6           2           3.722
6           3           7.715
6           4           4.51
7           1           1.936
7           2           2.184
7           3           11.976
7           4           5.498
8           1           1.466
8           2           1.793
8           3           9.58
8           4           4.855



pe(j, m) - Production emission for producing one unit of item j on machine m. The production emission is period-independent.


1           1           2.668
1           2           3.506
1           3           0.547
1           4           1.543
2           1           1.051
2           2           3.555
2           3           0.643
2           4           2.026
3           1           1.587
3           2           1.265
3           3           0.357
3           4           0.985
4           1           2.411
4           2           3.705
4           3           0.883
4           4           2.352
5           1           1.168
5           2           3.599
5           3           0.77
5           4           1.118
6           1           4.363
6           2           0.817
6           3           0.289
6           4           0.685
7           1           3.79
7           2           1.981
7           3           1.078
7           4           1.531
8           1           4.466
8           2           2.226
8           3           1.116
8           4           2.374



hc(j) - Inventory-holding costs for one unit of item j for one period.


1           0.264
2           0.18
3           0.234
4           0.182
5           0.156
6           0.148
7           0.29
8           0.16



st(j, m) - Setup times for producing a lot of item j on machine m. The setup times are period-independent.


1           1           16.3
1           2           16.748
1           3           16.26
1           4           12.999
2           1           9.332
2           2           11.712
2           3           11.42
2           4           6.828
3           1           7.64
3           2           14.199
3           3           9.245
3           4           8.003
4           1           10.081
4           2           19.716
4           3           7.698
4           4           14.346
5           1           15.537
5           2           14.251
5           3           12.024
5           4           6.681
6           1           12.208
6           2           7.247
6           3           8.102
6           4           8.285
7           1           18.644
7           2           15.193
7           3           17.11
7           4           19.053
8           1           13.284
8           2           6.577
8           3           16.472
8           4           18.748



se(j, m) - Setup emission for producing a lot of item j on machine m. The setup emission are period-independent.


1           1           194.331
1           2           125.607
1           3           17.692
1           4           65.051
2           1           71.656
2           2           46.477
2           3           26.22
2           4           34.985
3           1           163.626
3           2           77.089
3           3           37.559
3           4           64.162
4           1           88.629
4           2           81.845
4           3           20.995
4           4           45.866
5           1           135.383
5           2           94.09
5           3           13.168
5           4           52.354
6           1           78.093
6           2           133.191
6           3           24.866
6           4           69.166
7           1           99.156
7           2           57.245
7           3           30.637
7           4           63.491
8           1           69.175
8           2           140.357
8           3           45.9
8           4           44.478



sc(j, m) - Setup costs for producing a lot of item j on machine m. The setup costs are period-independent.


1           1           16139.2
1           2           21518.933
1           3           64556.8
1           4           32278.4
2           1           9534.0
2           2           12712.0
2           3           38136.0
2           4           19068.0
3           1           12230.4
3           2           16307.2
3           3           48921.6
3           4           24460.8
4           1           10022.133
4           2           13362.844
4           3           40088.533
4           4           20044.267
5           1           8190.0
5           2           10920.0
5           3           32760.0
5           4           16380.0
6           1           8426.133
6           2           11234.844
6           3           33704.533
6           4           16852.267
7           1           17390.333
7           2           23187.111
7           3           69561.333
7           4           34780.667
8           1           9296.0
8           2           12394.667
8           3           37184.0
8           4           18592.0



bc(m) - Fixed investment cost for machine m.


1           4944.817652293036
2           4653.686241631009
3           13149.579620793655
4           1723.7249779932595



ca(m, t) - The available capacity of machine m in period t.


1           1           202.32307537037036
1           2           202.32307537037036
1           3           202.32307537037036
1           4           202.32307537037036
1           5           202.32307537037036
1           6           202.32307537037036
2           1           202.32307537037036
2           2           202.32307537037036
2           3           202.32307537037036
2           4           202.32307537037036
2           5           202.32307537037036
2           6           202.32307537037036
3           1           202.32307537037036
3           2           202.32307537037036
3           3           202.32307537037036
3           4           202.32307537037036
3           5           202.32307537037036
3           6           202.32307537037036
4           1           202.32307537037036
4           2           202.32307537037036
4           3           202.32307537037036
4           4           202.32307537037036
4           5           202.32307537037036
4           6           202.32307537037036



em(t) - The limits of carbon emissions in period t.


1           1389.411975
2           1389.411975
3           1389.411975
4           1389.411975
5           1389.411975
6           1389.411975
