Information for the currently-owned machines and the machines that may be purchased: if 1, the machine can be purchased, otherwise currently-owned.


1           0.0
2           0.0
3           0.0
4           1.0



item_machine_arc(j, m) - The relationship arc between item j and machine m, i.e., machine m is capable of producing item j if item_machine_arc(j, m) = 1.


1           1           1.0
1           2           1.0
1           3           1.0
1           4           1.0
2           1           0.0
2           2           0.0
2           3           1.0
2           4           0.0
3           1           0.0
3           2           0.0
3           3           1.0
3           4           0.0
4           1           1.0
4           2           1.0
4           3           1.0
4           4           1.0
5           1           1.0
5           2           1.0
5           3           1.0
5           4           0.0
6           1           1.0
6           2           0.0
6           3           1.0
6           4           1.0
7           1           1.0
7           2           0.0
7           3           1.0
7           4           0.0
8           1           1.0
8           2           0.0
8           3           1.0
8           4           1.0



d(j, t) - Gross demand for item j in period t.


1           1           37
1           2           42
1           3           47
1           4           50
1           5           42
1           6           41
2           1           34
2           2           45
2           3           34
2           4           41
2           5           33
2           6           37
3           1           39
3           2           31
3           3           48
3           4           42
3           5           33
3           6           39
4           1           48
4           2           40
4           3           49
4           4           34
4           5           41
4           6           46
5           1           31
5           2           42
5           3           34
5           4           43
5           5           45
5           6           37
6           1           36
6           2           47
6           3           44
6           4           44
6           5           34
6           6           46
7           1           45
7           2           35
7           3           40
7           4           38
7           5           45
7           6           31
8           1           49
8           2           33
8           3           33
8           4           43
8           5           30
8           6           45



pt(j, m) - Time required to produce one unit of item j on machine m. The production time is period-independent.


1           1           1.11
1           2           0.998
1           3           0.978
1           4           1.425
2           1           1.011
2           2           0.617
2           3           0.834
2           4           1.49
3           1           1.445
3           2           1.46
3           3           0.821
3           4           0.581
4           1           0.946
4           2           0.648
4           3           0.767
4           4           0.906
5           1           0.739
5           2           1.119
5           3           0.807
5           4           1.372
6           1           0.959
6           2           0.944
6           3           0.94
6           4           1.224
7           1           1.472
7           2           1.351
7           3           0.978
7           4           0.868
8           1           0.578
8           2           0.854
8           3           0.733
8           4           0.749



pc(j, m) - Variable costs of producing one unit of item j on machine m. The production cost is period-independent.


1           1           10.595
1           2           4.368
1           3           3.078
1           4           1.753
2           1           10.465
2           2           5.076
2           3           1.356
2           4           1.018
3           1           6.752
3           2           2.219
3           3           1.844
3           4           1.014
4           1           9.573
4           2           3.428
4           3           1.843
4           4           2.705
5           1           5.499
5           2           2.859
5           3           2.11
5           4           2.03
6           1           4.418
6           2           3.057
6           3           2.699
6           4           1.249
7           1           11.765
7           2           4.795
7           3           3.248
7           4           1.604
8           1           11.11
8           2           3.381
8           3           1.352
8           4           1.109



pe(j, m) - Production emission for producing one unit of item j on machine m. The production emission is period-independent.


1           1           0.172
1           2           0.315
1           3           0.651
1           4           0.404
2           1           0.244
2           2           0.493
2           3           0.383
2           4           0.711
3           1           0.161
3           2           0.357
3           3           0.275
3           4           0.278
4           1           0.227
4           2           0.162
4           3           0.335
4           4           0.717
5           1           0.157
5           2           0.353
5           3           0.256
5           4           0.986
6           1           0.182
6           2           0.278
6           3           0.384
6           4           0.232
7           1           0.215
7           2           0.261
7           3           0.426
7           4           0.651
8           1           0.105
8           2           0.11
8           3           0.742
8           4           0.23



hc(j) - Inventory-holding costs for one unit of item j for one period.


1           0.117
2           0.142
3           0.225
4           0.218
5           0.262
6           0.178
7           0.165
8           0.274



st(j, m) - Setup times for producing a lot of item j on machine m. The setup times are period-independent.


1           1           51.125
1           2           74.151
1           3           28.087
1           4           80.929
2           1           69.454
2           2           80.407
2           3           33.081
2           4           70.213
3           1           73.47
3           2           71.002
3           3           37.926
3           4           93.41
4           1           29.527
4           2           76.841
4           3           36.998
4           4           39.871
5           1           95.664
5           2           94.478
5           3           38.505
5           4           95.616
6           1           88.878
6           2           33.309
6           3           64.584
6           4           76.877
7           1           48.537
7           2           50.009
7           3           64.109
7           4           78.833
8           1           37.044
8           2           40.691
8           3           63.925
8           4           96.274



se(j, m) - Setup emission for producing a lot of item j on machine m. The setup emission are period-independent.


1           1           7.678
1           2           11.973
1           3           28.866
1           4           39.225
2           1           7.886
2           2           16.148
2           3           29.926
2           4           36.291
3           1           2.78
3           2           14.384
3           3           18.736
3           4           12.22
4           1           7.551
4           2           7.563
4           3           28.593
4           4           16.945
5           1           8.765
5           2           19.034
5           3           10.729
5           4           11.176
6           1           7.228
6           2           16.85
6           3           27.941
6           4           24.6
7           1           8.117
7           2           9.551
7           3           15.174
7           4           27.653
8           1           3.447
8           2           9.996
8           3           14.986
8           4           13.62



sc(j, m) - Setup costs for producing a lot of item j on machine m. The setup costs are period-independent.


1           1           31111.08
1           2           15555.54
1           3           10370.36
1           4           7777.77
2           1           32656.213
2           2           16328.107
2           3           10885.404
2           4           8164.053
3           1           53592.0
3           2           26796.0
3           3           17864.0
3           4           13398.0
4           1           57743.84
4           2           28871.92
4           3           19247.947
4           4           14435.96
5           1           62404.907
5           2           31202.453
5           3           20801.636
5           4           15601.227
6           1           45869.413
6           2           22934.707
6           3           15289.804
6           4           11467.353
7           1           39639.6
7           2           19819.8
7           3           13213.2
7           4           9909.9
8           1           65544.453
8           2           32772.227
8           3           21848.151
8           4           16386.113



bc(m) - Fixed investment cost for machine m.


1           11711.6771439074
2           9056.99259856198
3           2745.614608363697
4           4544.021241257057



ca(m, t) - The available capacity of machine m in period t.


1           1           244.64923518518515
1           2           244.64923518518515
1           3           244.64923518518515
1           4           244.64923518518515
1           5           244.64923518518515
1           6           244.64923518518515
2           1           244.64923518518515
2           2           244.64923518518515
2           3           244.64923518518515
2           4           244.64923518518515
2           5           244.64923518518515
2           6           244.64923518518515
3           1           244.64923518518515
3           2           244.64923518518515
3           3           244.64923518518515
3           4           244.64923518518515
3           5           244.64923518518515
3           6           244.64923518518515
4           1           244.64923518518515
4           2           244.64923518518515
4           3           244.64923518518515
4           4           244.64923518518515
4           5           244.64923518518515
4           6           244.64923518518515



em(t) - The limits of carbon emissions in period t.


1           269.3963922222222
2           269.3963922222222
3           269.3963922222222
4           269.3963922222222
5           269.3963922222222
6           269.3963922222222
