Information for the currently-owned machines and the machines that may be purchased: if 1, the machine can be purchased, otherwise currently-owned.


1           0.0
2           0.0
3           1.0
4           0.0



item_machine_arc(j, m) - The relationship arc between item j and machine m, i.e., machine m is capable of producing item j if item_machine_arc(j, m) = 1.


1           1           1.0
1           2           0.0
1           3           1.0
1           4           1.0
2           1           1.0
2           2           1.0
2           3           1.0
2           4           1.0
3           1           0.0
3           2           0.0
3           3           0.0
3           4           1.0
4           1           0.0
4           2           1.0
4           3           1.0
4           4           1.0
5           1           0.0
5           2           1.0
5           3           0.0
5           4           1.0
6           1           1.0
6           2           0.0
6           3           0.0
6           4           1.0
7           1           0.0
7           2           0.0
7           3           1.0
7           4           0.0
8           1           1.0
8           2           1.0
8           3           0.0
8           4           1.0



d(j, t) - Gross demand for item j in period t.


1           1           33
1           2           48
1           3           46
1           4           40
1           5           42
1           6           37
2           1           35
2           2           31
2           3           48
2           4           39
2           5           31
2           6           36
3           1           45
3           2           49
3           3           50
3           4           32
3           5           34
3           6           44
4           1           38
4           2           46
4           3           46
4           4           34
4           5           46
4           6           38
5           1           44
5           2           47
5           3           47
5           4           41
5           5           38
5           6           46
6           1           31
6           2           31
6           3           41
6           4           35
6           5           43
6           6           30
7           1           33
7           2           31
7           3           41
7           4           34
7           5           36
7           6           47
8           1           34
8           2           32
8           3           41
8           4           32
8           5           46
8           6           39



pt(j, m) - Time required to produce one unit of item j on machine m. The production time is period-independent.


1           1           1.165
1           2           1.376
1           3           1.088
1           4           1.308
2           1           0.752
2           2           0.614
2           3           1.046
2           4           1.411
3           1           1.351
3           2           0.792
3           3           0.653
3           4           1.147
4           1           1.438
4           2           1.133
4           3           1.308
4           4           0.663
5           1           0.801
5           2           1.295
5           3           0.531
5           4           1.206
6           1           0.857
6           2           1.225
6           3           0.653
6           4           1.281
7           1           1.147
7           2           1.111
7           3           1.025
7           4           0.673
8           1           1.16
8           2           1.162
8           3           0.526
8           4           0.967



pc(j, m) - Variable costs of producing one unit of item j on machine m. The production cost is period-independent.


1           1           2.191
1           2           1.942
1           3           2.831
1           4           6.766
2           1           2.59
2           2           1.726
2           3           3.615
2           4           11.514
3           1           1.032
3           2           1.979
3           3           2.453
3           4           5.836
4           1           2.625
4           2           2.616
4           3           3.261
4           4           8.336
5           1           1.484
5           2           3.798
5           3           4.044
5           4           10.259
6           1           2.894
6           2           1.581
6           3           4.872
6           4           10.177
7           1           2.751
7           2           3.65
7           3           2.266
7           4           6.169
8           1           2.923
8           2           1.671
8           3           3.73
8           4           5.597



pe(j, m) - Production emission for producing one unit of item j on machine m. The production emission is period-independent.


1           1           2.854
1           2           1.576
1           3           2.22
1           4           1.156
2           1           3.239
2           2           1.606
2           3           2.087
2           4           0.38
3           1           1.284
3           2           0.929
3           3           1.631
3           4           0.416
4           1           3.87
4           2           3.211
4           3           1.483
4           4           0.7
5           1           3.969
5           2           1.244
5           3           1.559
5           4           1.049
6           1           1.275
6           2           1.322
6           3           0.54
6           4           0.453
7           1           1.171
7           2           2.645
7           3           0.783
7           4           0.996
8           1           4.255
8           2           2.3
8           3           2.034
8           4           0.556



hc(j) - Inventory-holding costs for one unit of item j for one period.


1           0.171
2           0.293
3           0.209
4           0.143
5           0.244
6           0.299
7           0.174
8           0.209



st(j, m) - Setup times for producing a lot of item j on machine m. The setup times are period-independent.


1           1           73.212
1           2           77.531
1           3           85.388
1           4           85.482
2           1           71.606
2           2           92.426
2           3           31.368
2           4           92.232
3           1           35.667
3           2           86.396
3           3           81.357
3           4           62.804
4           1           52.916
4           2           48.752
4           3           63.976
4           4           61.28
5           1           45.441
5           2           51.898
5           3           50.627
5           4           68.504
6           1           40.323
6           2           84.61
6           3           62.34
6           4           80.527
7           1           26.576
7           2           43.067
7           3           94.483
7           4           55.211
8           1           61.6
8           2           77.065
8           3           26.88
8           4           54.159



se(j, m) - Setup emission for producing a lot of item j on machine m. The setup emission are period-independent.


1           1           35.315
1           2           17.507
1           3           13.706
1           4           9.567
2           1           11.235
2           2           15.514
2           3           6.64
2           4           5.87
3           1           35.618
3           2           26.577
3           3           7.709
3           4           5.706
4           1           32.946
4           2           23.476
4           3           16.0
4           4           7.675
5           1           34.057
5           2           17.059
5           3           11.751
5           4           8.844
6           1           29.922
6           2           27.167
6           3           11.112
6           4           6.17
7           1           25.347
7           2           25.092
7           3           13.736
7           4           7.639
8           1           12.071
8           2           19.565
8           3           11.106
8           4           5.543



sc(j, m) - Setup costs for producing a lot of item j on machine m. The setup costs are period-independent.


1           1           10796.94
1           2           14395.92
1           3           21593.88
1           4           43187.76
2           1           16544.733
2           2           22059.644
2           3           33089.467
2           4           66178.933
3           1           13625.407
3           2           18167.209
3           3           27250.813
3           4           54501.627
4           1           9102.427
4           2           12136.569
4           3           18204.853
4           4           36409.707
5           1           16470.813
5           2           21961.084
5           3           32941.627
5           4           65883.253
6           1           16192.843
6           2           21590.458
6           3           32385.687
6           4           64771.373
7           1           9914.52
7           2           13219.36
7           3           19829.04
7           4           39658.08
8           1           12016.107
8           2           16021.476
8           3           24032.213
8           4           48064.427



bc(m) - Fixed investment cost for machine m.


1           677.1875685131279
2           1494.23668285576
3           2303.5045847410584
4           14670.83371115099



ca(m, t) - The available capacity of machine m in period t.


1           1           319.8193716666667
1           2           319.8193716666667
1           3           319.8193716666667
1           4           319.8193716666667
1           5           319.8193716666667
1           6           319.8193716666667
2           1           319.8193716666667
2           2           319.8193716666667
2           3           319.8193716666667
2           4           319.8193716666667
2           5           319.8193716666667
2           6           319.8193716666667
3           1           319.8193716666667
3           2           319.8193716666667
3           3           319.8193716666667
3           4           319.8193716666667
3           5           319.8193716666667
3           6           319.8193716666667
4           1           319.8193716666667
4           2           319.8193716666667
4           3           319.8193716666667
4           4           319.8193716666667
4           5           319.8193716666667
4           6           319.8193716666667



em(t) - The limits of carbon emissions in period t.


1           694.6060138888888
2           694.6060138888888
3           694.6060138888888
4           694.6060138888888
5           694.6060138888888
6           694.6060138888888
