









Information for the currently-owned machines and the machines that may be purchased: if 1, the machine can be purchased, otherwise currently-owned.


1           0.0
2           1.0
3           0.0
4           0.0



item_machine_arc(j, m) - The relationship arc between item j and machine m, i.e., machine m is capable of producing item j if item_machine_arc(j, m) = 1.


1           1           1.0
1           2           0.0
1           3           0.0
1           4           0.0
2           1           1.0
2           2           1.0
2           3           0.0
2           4           1.0
3           1           0.0
3           2           1.0
3           3           0.0
3           4           0.0
4           1           1.0
4           2           1.0
4           3           1.0
4           4           1.0
5           1           1.0
5           2           1.0
5           3           0.0
5           4           1.0
6           1           0.0
6           2           0.0
6           3           1.0
6           4           0.0
7           1           0.0
7           2           1.0
7           3           0.0
7           4           1.0
8           1           0.0
8           2           0.0
8           3           1.0
8           4           0.0



d(j, t) - Gross demand for item j in period t.


1           1           40
1           2           41
1           3           44
1           4           42
1           5           46
1           6           50
2           1           36
2           2           47
2           3           42
2           4           42
2           5           30
2           6           46
3           1           33
3           2           39
3           3           47
3           4           42
3           5           37
3           6           48
4           1           34
4           2           48
4           3           50
4           4           40
4           5           39
4           6           41
5           1           30
5           2           34
5           3           47
5           4           36
5           5           40
5           6           48
6           1           44
6           2           33
6           3           47
6           4           31
6           5           35
6           6           48
7           1           35
7           2           50
7           3           49
7           4           44
7           5           41
7           6           37
8           1           30
8           2           48
8           3           42
8           4           35
8           5           40
8           6           41



pt(j, m) - Time required to produce one unit of item j on machine m. The production time is period-independent.


1           1           0.775
1           2           1.178
1           3           0.926
1           4           0.51
2           1           1.259
2           2           1.427
2           3           0.87
2           4           0.709
3           1           1.291
3           2           1.378
3           3           0.939
3           4           0.697
4           1           0.817
4           2           1.211
4           3           1.031
4           4           0.8
5           1           1.001
5           2           1.134
5           3           1.467
5           4           0.575
6           1           1.011
6           2           1.345
6           3           0.832
6           4           1.068
7           1           1.149
7           2           0.9
7           3           1.09
7           4           1.317
8           1           1.44
8           2           0.589
8           3           0.99
8           4           0.977



pc(j, m) - Variable costs of producing one unit of item j on machine m. The production cost is period-independent.


1           1           2.369
1           2           3.673
1           3           3.297
1           4           7.491
2           1           2.485
2           2           1.887
2           3           5.586
2           4           7.448
3           1           2.64
3           2           1.481
3           3           3.065
3           4           7.707
4           1           1.248
4           2           1.598
4           3           4.368
4           4           11.026
5           1           1.524
5           2           2.387
5           3           5.063
5           4           6.088
6           1           2.515
6           2           1.675
6           3           3.933
6           4           8.68
7           1           1.016
7           2           1.334
7           3           3.004
7           4           6.31
8           1           1.36
8           2           2.188
8           3           5.568
8           4           10.632



pe(j, m) - Production emission for producing one unit of item j on machine m. The production emission is period-independent.


1           1           0.225
1           2           0.482
1           3           0.266
1           4           0.156
2           1           0.378
2           2           0.523
2           3           0.369
2           4           0.157
3           1           0.669
3           2           0.289
3           3           0.193
3           4           0.164
4           1           0.861
4           2           0.464
4           3           0.142
4           4           0.238
5           1           0.968
5           2           0.4
5           3           0.266
5           4           0.121
6           1           0.322
6           2           0.468
6           3           0.495
6           4           0.227
7           1           0.968
7           2           0.278
7           3           0.106
7           4           0.113
8           1           0.379
8           2           0.548
8           3           0.163
8           4           0.195



hc(j) - Inventory-holding costs for one unit of item j for one period.


1           0.237
2           0.25
3           0.104
4           0.29
5           0.143
6           0.191
7           0.113
8           0.291



st(j, m) - Setup times for producing a lot of item j on machine m. The setup times are period-independent.


1           1           72.634
1           2           95.645
1           3           30.942
1           4           30.218
2           1           39.409
2           2           99.631
2           3           30.604
2           4           30.498
3           1           86.728
3           2           42.432
3           3           63.556
3           4           45.276
4           1           39.15
4           2           62.767
4           3           59.829
4           4           66.53
5           1           71.12
5           2           51.908
5           3           45.12
5           4           66.88
6           1           74.244
6           2           63.749
6           3           95.931
6           4           95.064
7           1           42.91
7           2           72.594
7           3           99.786
7           4           41.165
8           1           54.175
8           2           31.483
8           3           59.48
8           4           43.222



se(j, m) - Setup emission for producing a lot of item j on machine m. The setup emission are period-independent.


1           1           18.712
1           2           19.455
1           3           8.874
1           4           7.16
2           1           12.179
2           2           26.113
2           3           16.189
2           4           5.309
3           1           33.64
3           2           18.33
3           3           19.733
3           4           5.397
4           1           24.188
4           2           20.373
4           3           12.926
4           4           9.497
5           1           26.701
5           2           7.66
5           3           9.88
5           4           8.607
6           1           20.007
6           2           14.591
6           3           19.91
6           4           4.109
7           1           13.023
7           2           29.764
7           3           11.866
7           4           8.196
8           1           22.904
8           2           17.635
8           3           11.45
8           4           5.077



sc(j, m) - Setup costs for producing a lot of item j on machine m. The setup costs are period-independent.


1           1           15998.29
1           2           21331.053
1           3           31996.58
1           4           63993.16
2           1           15592.5
2           2           20790.0
2           3           31185.0
2           4           62370.0
3           1           6566.56
3           2           8755.413
3           3           13133.12
3           4           26266.24
4           1           18757.2
4           2           25009.6
4           3           37514.4
4           4           75028.8
5           1           8625.283
5           2           11500.378
5           3           17250.567
5           4           34501.133
6           1           11667.553
6           2           15556.738
6           3           23335.107
6           4           46670.213
7           1           7424.853
7           2           9899.804
7           3           14849.707
7           4           29699.413
8           1           17626.84
8           2           23502.453
8           3           35253.68
8           4           70507.36



bc(m) - Fixed investment cost for machine m.


1           2572.760830333979
2           2009.678637464236
3           4445.716725324643
4           9042.477484020439



ca(m, t) - The available capacity of machine m in period t.


1           1           272.32822037037033
1           2           272.32822037037033
1           3           272.32822037037033
1           4           272.32822037037033
1           5           272.32822037037033
1           6           272.32822037037033
2           1           272.32822037037033
2           2           272.32822037037033
2           3           272.32822037037033
2           4           272.32822037037033
2           5           272.32822037037033
2           6           272.32822037037033
3           1           272.32822037037033
3           2           272.32822037037033
3           3           272.32822037037033
3           4           272.32822037037033
3           5           272.32822037037033
3           6           272.32822037037033
4           1           272.32822037037033
4           2           272.32822037037033
4           3           272.32822037037033
4           4           272.32822037037033
4           5           272.32822037037033
4           6           272.32822037037033



em(t) - The limits of carbon emissions in period t.


1           243.90317777777776
2           243.90317777777776
3           243.90317777777776
4           243.90317777777776
5           243.90317777777776
6           243.90317777777776
