Information for the currently-owned machines and the machines that may be purchased: if 1, the machine can be purchased, otherwise currently-owned.


1           0.0
2           1.0
3           0.0
4           0.0



item_machine_arc(j, m) - The relationship arc between item j and machine m, i.e., machine m is capable of producing item j if item_machine_arc(j, m) = 1.


1           1           1.0
1           2           0.0
1           3           1.0
1           4           0.0
2           1           1.0
2           2           1.0
2           3           0.0
2           4           1.0
3           1           0.0
3           2           1.0
3           3           1.0
3           4           1.0
4           1           1.0
4           2           0.0
4           3           0.0
4           4           0.0
5           1           1.0
5           2           1.0
5           3           1.0
5           4           0.0
6           1           1.0
6           2           0.0
6           3           0.0
6           4           0.0
7           1           0.0
7           2           1.0
7           3           0.0
7           4           0.0
8           1           1.0
8           2           1.0
8           3           1.0
8           4           1.0



d(j, t) - Gross demand for item j in period t.


1           1           48
1           2           42
1           3           42
1           4           39
1           5           33
1           6           30
2           1           45
2           2           37
2           3           49
2           4           35
2           5           48
2           6           42
3           1           33
3           2           34
3           3           30
3           4           48
3           5           48
3           6           43
4           1           42
4           2           39
4           3           31
4           4           33
4           5           32
4           6           33
5           1           48
5           2           46
5           3           47
5           4           33
5           5           47
5           6           47
6           1           33
6           2           31
6           3           33
6           4           36
6           5           47
6           6           30
7           1           30
7           2           43
7           3           41
7           4           37
7           5           43
7           6           37
8           1           43
8           2           36
8           3           32
8           4           48
8           5           45
8           6           36



pt(j, m) - Time required to produce one unit of item j on machine m. The production time is period-independent.


1           1           0.529
1           2           1.085
1           3           1.14
1           4           1.108
2           1           1.472
2           2           1.418
2           3           1.169
2           4           0.827
3           1           1.058
3           2           1.338
3           3           0.59
3           4           1.404
4           1           0.955
4           2           1.18
4           3           0.532
4           4           1.112
5           1           0.668
5           2           1.006
5           3           1.28
5           4           1.377
6           1           1.12
6           2           1.283
6           3           0.584
6           4           0.714
7           1           1.49
7           2           0.707
7           3           0.854
7           4           1.454
8           1           1.252
8           2           0.515
8           3           1.454
8           4           0.956



pc(j, m) - Variable costs of producing one unit of item j on machine m. The production cost is period-independent.


1           1           5.451
1           2           10.14
1           3           3.535
1           4           2.044
2           1           2.573
2           2           10.601
2           3           3.553
2           4           2.351
3           1           4.174
3           2           11.941
3           3           3.795
3           4           1.852
4           1           2.504
4           2           8.738
4           3           3.319
4           4           2.612
5           1           3.066
5           2           8.546
5           3           2.053
5           4           1.209
6           1           4.492
6           2           4.034
6           3           2.032
6           4           2.103
7           1           2.059
7           2           7.552
7           3           2.233
7           4           1.575
8           1           5.105
8           2           9.737
8           3           2.387
8           4           2.575



pe(j, m) - Production emission for producing one unit of item j on machine m. The production emission is period-independent.


1           1           0.191
1           2           0.103
1           3           0.192
1           4           0.694
2           1           0.222
2           2           0.101
2           3           0.695
2           4           0.912
3           1           0.226
3           2           0.123
3           3           0.263
3           4           0.349
4           1           0.415
4           2           0.242
4           3           0.421
4           4           0.617
5           1           0.18
5           2           0.127
5           3           0.294
5           4           0.948
6           1           0.319
6           2           0.073
6           3           0.349
6           4           0.217
7           1           0.435
7           2           0.134
7           3           0.564
7           4           0.677
8           1           0.218
8           2           0.175
8           3           0.257
8           4           0.289



hc(j) - Inventory-holding costs for one unit of item j for one period.


1           0.177
2           0.236
3           0.154
4           0.212
5           0.218
6           0.135
7           0.188
8           0.248



st(j, m) - Setup times for producing a lot of item j on machine m. The setup times are period-independent.


1           1           49.906
1           2           58.304
1           3           75.747
1           4           30.72
2           1           76.755
2           2           45.522
2           3           36.949
2           4           49.746
3           1           99.668
3           2           66.266
3           3           61.734
3           4           60.88
4           1           69.973
4           2           78.458
4           3           48.599
4           4           98.687
5           1           85.389
5           2           60.438
5           3           58.95
5           4           26.793
6           1           43.748
6           2           89.298
6           3           80.609
6           4           34.416
7           1           31.3
7           2           93.32
7           3           69.457
7           4           68.526
8           1           28.425
8           2           89.436
8           3           83.825
8           4           29.923



se(j, m) - Setup emission for producing a lot of item j on machine m. The setup emission are period-independent.


1           1           5.801
1           2           2.541
1           3           21.673
1           4           30.35
2           1           19.263
2           2           2.73
2           3           24.204
2           4           35.763
3           1           9.329
3           2           2.908
3           3           23.841
3           4           27.244
4           1           12.46
4           2           7.789
4           3           12.27
4           4           27.375
5           1           9.297
5           2           4.135
5           3           23.208
5           4           33.935
6           1           19.325
6           2           7.289
6           3           15.872
6           4           37.471
7           1           5.929
7           2           8.121
7           3           25.648
7           4           21.436
8           1           13.833
8           2           8.715
8           3           29.4
8           4           13.459



sc(j, m) - Setup costs for producing a lot of item j on machine m. The setup costs are period-independent.


1           1           21261.24
1           2           42522.48
1           3           14174.16
1           4           10630.62
2           1           31013.547
2           2           62027.093
2           3           20675.698
2           4           15506.773
3           1           18656.587
3           2           37313.173
3           3           12437.724
3           4           9328.293
4           1           22853.6
4           2           45707.2
4           3           15235.733
4           4           11426.8
5           1           29990.987
5           2           59981.973
5           3           19993.991
5           4           14995.493
6           1           14553.0
6           2           29106.0
6           3           9702.0
6           4           7276.5
7           1           22293.04
7           2           44586.08
7           3           14862.027
7           4           11146.52
8           1           30553.6
8           2           61107.2
8           3           20369.067
8           4           15276.8



bc(m) - Fixed investment cost for machine m.


1           6087.368033651301
2           1398.3401326408919
3           5502.610662595952
4           4811.785736281132



ca(m, t) - The available capacity of machine m in period t.


1           1           294.0665291666667
1           2           294.0665291666667
1           3           294.0665291666667
1           4           294.0665291666667
1           5           294.0665291666667
1           6           294.0665291666667
2           1           294.0665291666667
2           2           294.0665291666667
2           3           294.0665291666667
2           4           294.0665291666667
2           5           294.0665291666667
2           6           294.0665291666667
3           1           294.0665291666667
3           2           294.0665291666667
3           3           294.0665291666667
3           4           294.0665291666667
3           5           294.0665291666667
3           6           294.0665291666667
4           1           294.0665291666667
4           2           294.0665291666667
4           3           294.0665291666667
4           4           294.0665291666667
4           5           294.0665291666667
4           6           294.0665291666667



em(t) - The limits of carbon emissions in period t.


1           221.1219908333333
2           221.1219908333333
3           221.1219908333333
4           221.1219908333333
5           221.1219908333333
6           221.1219908333333
