Information for the currently-owned machines and the machines that may be purchased: if 1, the machine can be purchased, otherwise currently-owned.


1           0.0
2           0.0
3           0.0
4           1.0



item_machine_arc(j, m) - The relationship arc between item j and machine m, i.e., machine m is capable of producing item j if item_machine_arc(j, m) = 1.


1           1           0.0
1           2           0.0
1           3           1.0
1           4           1.0
2           1           0.0
2           2           1.0
2           3           1.0
2           4           1.0
3           1           1.0
3           2           1.0
3           3           1.0
3           4           1.0
4           1           0.0
4           2           1.0
4           3           1.0
4           4           0.0
5           1           0.0
5           2           1.0
5           3           1.0
5           4           0.0
6           1           1.0
6           2           1.0
6           3           1.0
6           4           0.0
7           1           1.0
7           2           1.0
7           3           0.0
7           4           1.0
8           1           1.0
8           2           1.0
8           3           0.0
8           4           1.0



d(j, t) - Gross demand for item j in period t.


1           1           48
1           2           48
1           3           35
1           4           32
1           5           30
1           6           46
2           1           46
2           2           50
2           3           43
2           4           46
2           5           40
2           6           50
3           1           34
3           2           32
3           3           47
3           4           46
3           5           33
3           6           33
4           1           36
4           2           40
4           3           35
4           4           44
4           5           47
4           6           37
5           1           33
5           2           42
5           3           36
5           4           41
5           5           33
5           6           33
6           1           32
6           2           43
6           3           49
6           4           42
6           5           47
6           6           30
7           1           45
7           2           49
7           3           43
7           4           30
7           5           50
7           6           34
8           1           32
8           2           39
8           3           49
8           4           33
8           5           32
8           6           49



pt(j, m) - Time required to produce one unit of item j on machine m. The production time is period-independent.


1           1           0.541
1           2           1.285
1           3           0.997
1           4           1.277
2           1           0.736
2           2           1.176
2           3           1.381
2           4           0.661
3           1           0.948
3           2           0.894
3           3           1.309
3           4           1.342
4           1           1.381
4           2           1.402
4           3           0.802
4           4           1.305
5           1           0.559
5           2           1.085
5           3           0.778
5           4           1.264
6           1           0.706
6           2           0.901
6           3           0.706
6           4           0.936
7           1           1.38
7           2           1.202
7           3           0.701
7           4           1.104
8           1           1.182
8           2           0.687
8           3           1.342
8           4           1.299



pc(j, m) - Variable costs of producing one unit of item j on machine m. The production cost is period-independent.


1           1           6.279
1           2           2.504
1           3           3.882
1           4           1.834
2           1           11.591
2           2           1.361
2           3           2.815
2           4           3.176
3           1           10.23
3           2           2.339
3           3           5.833
3           4           3.361
4           1           11.844
4           2           1.386
4           3           2.128
4           4           3.958
5           1           7.673
5           2           1.184
5           3           5.703
5           4           3.314
6           1           6.237
6           2           2.5
6           3           2.381
6           4           3.496
7           1           9.8
7           2           2.893
7           3           3.963
7           4           2.402
8           1           9.26
8           2           2.365
8           3           2.218
8           4           3.299



pe(j, m) - Production emission for producing one unit of item j on machine m. The production emission is period-independent.


1           1           0.477
1           2           2.409
1           3           1.195
1           4           3.552
2           1           1.189
2           2           1.32
2           3           0.653
2           4           2.022
3           1           0.745
3           2           4.524
3           3           0.892
3           4           1.188
4           1           1.222
4           2           3.716
4           3           0.976
4           4           1.983
5           1           0.876
5           2           3.007
5           3           2.048
5           4           2.085
6           1           0.408
6           2           4.977
6           3           1.636
6           4           2.221
7           1           0.659
7           2           3.612
7           3           1.722
7           4           0.867
8           1           0.542
8           2           3.738
8           3           2.046
8           4           1.01



hc(j) - Inventory-holding costs for one unit of item j for one period.


1           0.269
2           0.204
3           0.118
4           0.23
5           0.137
6           0.167
7           0.283
8           0.113



st(j, m) - Setup times for producing a lot of item j on machine m. The setup times are period-independent.


1           1           9.549
1           2           18.783
1           3           12.332
1           4           12.446
2           1           11.872
2           2           18.663
2           3           18.703
2           4           16.371
3           1           6.222
3           2           12.623
3           3           16.746
3           4           17.891
4           1           17.066
4           2           13.99
4           3           15.791
4           4           15.061
5           1           5.164
5           2           18.884
5           3           15.173
5           4           10.562
6           1           12.264
6           2           12.472
6           3           15.271
6           4           16.369
7           1           11.941
7           2           10.88
7           3           18.324
7           4           13.589
8           1           19.928
8           2           5.663
8           3           12.189
8           4           16.664



se(j, m) - Setup emission for producing a lot of item j on machine m. The setup emission are period-independent.


1           1           5.55
1           2           17.252
1           3           5.433
1           4           24.509
2           1           6.248
2           2           17.785
2           3           14.035
2           4           10.482
3           1           8.34
3           2           23.207
3           3           11.387
3           4           17.876
4           1           9.681
4           2           22.938
4           3           16.164
4           4           9.997
5           1           6.386
5           2           30.69
5           3           16.319
5           4           17.067
6           1           3.042
6           2           22.459
6           3           18.94
6           4           10.355
7           1           9.452
7           2           25.691
7           3           15.389
7           4           9.208
8           1           5.733
8           2           34.935
8           3           9.414
8           4           10.608



sc(j, m) - Setup costs for producing a lot of item j on machine m. The setup costs are period-independent.


1           1           66005.427
1           2           16501.357
1           3           33002.713
1           4           22001.809
2           1           57596.0
2           2           14399.0
2           3           28798.0
2           4           19198.667
3           1           27258.0
3           2           6814.5
3           3           13629.0
3           4           9086.0
4           1           56435.867
4           2           14108.967
4           3           28217.933
4           4           18811.956
5           1           30662.427
5           2           7665.607
5           3           15331.213
5           4           10220.809
6           1           41663.16
6           2           10415.79
6           3           20831.58
6           4           13887.72
7           1           72927.213
7           2           18231.803
7           3           36463.607
7           4           24309.071
8           1           27147.12
8           2           6786.78
8           3           13573.56
8           4           9049.04



bc(m) - Fixed investment cost for machine m.


1           1559.6134694074126
2           3619.277374131837
3           2100.943706222208
4           3890.5489355056443



ca(m, t) - The available capacity of machine m in period t.


1           1           184.65995462962962
1           2           184.65995462962962
1           3           184.65995462962962
1           4           184.65995462962962
1           5           184.65995462962962
1           6           184.65995462962962
2           1           184.65995462962962
2           2           184.65995462962962
2           3           184.65995462962962
2           4           184.65995462962962
2           5           184.65995462962962
2           6           184.65995462962962
3           1           184.65995462962962
3           2           184.65995462962962
3           3           184.65995462962962
3           4           184.65995462962962
3           5           184.65995462962962
3           6           184.65995462962962
4           1           184.65995462962962
4           2           184.65995462962962
4           3           184.65995462962962
4           4           184.65995462962962
4           5           184.65995462962962
4           6           184.65995462962962



em(t) - The limits of carbon emissions in period t.


1           996.7538972222222
2           996.7538972222222
3           996.7538972222222
4           996.7538972222222
5           996.7538972222222
6           996.7538972222222
