Information for the currently-owned machines and the machines that may be purchased: if 1, the machine can be purchased, otherwise currently-owned.


1           0.0
2           0.0
3           0.0
4           1.0



item_machine_arc(j, m) - The relationship arc between item j and machine m, i.e., machine m is capable of producing item j if item_machine_arc(j, m) = 1.


1           1           0.0
1           2           1.0
1           3           0.0
1           4           0.0
2           1           1.0
2           2           1.0
2           3           1.0
2           4           1.0
3           1           0.0
3           2           1.0
3           3           1.0
3           4           0.0
4           1           1.0
4           2           0.0
4           3           0.0
4           4           0.0
5           1           1.0
5           2           1.0
5           3           0.0
5           4           0.0
6           1           1.0
6           2           1.0
6           3           1.0
6           4           0.0
7           1           0.0
7           2           1.0
7           3           1.0
7           4           1.0
8           1           0.0
8           2           1.0
8           3           0.0
8           4           0.0



d(j, t) - Gross demand for item j in period t.


1           1           37
1           2           45
1           3           45
1           4           35
1           5           35
1           6           47
2           1           43
2           2           34
2           3           38
2           4           42
2           5           34
2           6           48
3           1           44
3           2           45
3           3           37
3           4           50
3           5           37
3           6           32
4           1           46
4           2           43
4           3           31
4           4           41
4           5           33
4           6           30
5           1           37
5           2           32
5           3           32
5           4           50
5           5           37
5           6           47
6           1           39
6           2           36
6           3           44
6           4           31
6           5           46
6           6           47
7           1           40
7           2           43
7           3           31
7           4           38
7           5           42
7           6           38
8           1           49
8           2           34
8           3           43
8           4           43
8           5           40
8           6           30



pt(j, m) - Time required to produce one unit of item j on machine m. The production time is period-independent.


1           1           0.932
1           2           0.641
1           3           1.016
1           4           0.512
2           1           1.005
2           2           0.966
2           3           0.993
2           4           1.08
3           1           0.731
3           2           0.573
3           3           1.222
3           4           1.266
4           1           0.982
4           2           1.361
4           3           1.353
4           4           1.44
5           1           0.745
5           2           0.664
5           3           0.868
5           4           0.564
6           1           1.465
6           2           1.008
6           3           0.508
6           4           1.373
7           1           0.888
7           2           0.808
7           3           1.135
7           4           1.187
8           1           1.466
8           2           0.881
8           3           0.862
8           4           1.149



pc(j, m) - Variable costs of producing one unit of item j on machine m. The production cost is period-independent.


1           1           5.689
1           2           3.03
1           3           1.66
1           4           3.503
2           1           4.54
2           2           3.349
2           3           1.368
2           4           4.69
3           1           5.167
3           2           3.593
3           3           2.224
3           4           4.832
4           1           7.635
4           2           3.302
4           3           1.727
4           4           4.274
5           1           9.454
5           2           3.723
5           3           1.371
5           4           4.005
6           1           9.424
6           2           2.939
6           3           1.762
6           4           4.839
7           1           5.489
7           2           2.892
7           3           1.267
7           4           5.425
8           1           5.352
8           2           2.396
8           3           1.151
8           4           3.945



pe(j, m) - Production emission for producing one unit of item j on machine m. The production emission is period-independent.


1           1           0.616
1           2           1.837
1           3           2.193
1           4           2.379
2           1           1.208
2           2           1.019
2           3           3.28
2           4           1.216
3           1           0.399
3           2           1.891
3           3           4.273
3           4           1.97
4           1           0.333
4           2           3.183
4           3           3.723
4           4           1.577
5           1           0.688
5           2           2.592
5           3           3.014
5           4           0.873
6           1           1.217
6           2           1.44
6           3           3.894
6           4           1.53
7           1           1.013
7           2           2.503
7           3           4.195
7           4           1.895
8           1           0.268
8           2           0.943
8           3           1.164
8           4           2.376



hc(j) - Inventory-holding costs for one unit of item j for one period.


1           0.201
2           0.256
3           0.13
4           0.251
5           0.224
6           0.253
7           0.251
8           0.233



st(j, m) - Setup times for producing a lot of item j on machine m. The setup times are period-independent.


1           1           45.436
1           2           68.216
1           3           30.754
1           4           89.355
2           1           33.135
2           2           51.767
2           3           81.561
2           4           28.34
3           1           64.212
3           2           98.307
3           3           85.311
3           4           54.302
4           1           81.736
4           2           52.719
4           3           77.778
4           4           94.465
5           1           74.096
5           2           71.717
5           3           40.643
5           4           55.364
6           1           39.472
6           2           60.625
6           3           91.839
6           4           53.642
7           1           60.32
7           2           77.19
7           3           43.149
7           4           83.369
8           1           56.295
8           2           47.708
8           3           71.906
8           4           42.16



se(j, m) - Setup emission for producing a lot of item j on machine m. The setup emission are period-independent.


1           1           32.393
1           2           73.751
1           3           57.688
1           4           72.678
2           1           37.26
2           2           140.417
2           3           109.372
2           4           96.642
3           1           42.697
3           2           124.984
3           3           110.143
3           4           88.477
4           1           43.32
4           2           113.489
4           3           96.641
4           4           75.758
5           1           13.956
5           2           112.239
5           3           121.109
5           4           48.58
6           1           36.649
6           2           82.027
6           3           190.035
6           4           80.998
7           1           46.889
7           2           65.332
7           3           195.846
7           4           92.71
8           1           32.636
8           2           82.758
8           3           84.484
8           4           84.181



sc(j, m) - Setup costs for producing a lot of item j on machine m. The setup costs are period-independent.


1           1           50351.84
1           2           16783.947
1           3           12587.96
1           4           25175.92
2           1           62815.573
2           2           20938.524
2           3           15703.893
2           4           31407.787
3           1           32699.333
3           2           10899.778
3           3           8174.833
3           4           16349.667
4           1           57723.307
4           2           19241.102
4           3           14430.827
4           4           28861.653
5           1           54043.733
5           2           18014.578
5           3           13510.933
5           4           27021.867
6           1           63118.44
6           2           21039.48
6           3           15779.61
6           4           31559.22
7           1           59784.853
7           2           19928.284
7           3           14946.213
7           4           29892.427
8           1           57171.987
8           2           19057.329
8           3           14292.997
8           4           28585.993



bc(m) - Fixed investment cost for machine m.


1           10281.553670570485
2           4211.630165205118
3           3684.3969659369523
4           3008.992057793004



ca(m, t) - The available capacity of machine m in period t.


1           1           284.5913226851852
1           2           284.5913226851852
1           3           284.5913226851852
1           4           284.5913226851852
1           5           284.5913226851852
1           6           284.5913226851852
2           1           284.5913226851852
2           2           284.5913226851852
2           3           284.5913226851852
2           4           284.5913226851852
2           5           284.5913226851852
2           6           284.5913226851852
3           1           284.5913226851852
3           2           284.5913226851852
3           3           284.5913226851852
3           4           284.5913226851852
3           5           284.5913226851852
3           6           284.5913226851852
4           1           284.5913226851852
4           2           284.5913226851852
4           3           284.5913226851852
4           4           284.5913226851852
4           5           284.5913226851852
4           6           284.5913226851852



em(t) - The limits of carbon emissions in period t.


1           1431.5274905555555
2           1431.5274905555555
3           1431.5274905555555
4           1431.5274905555555
5           1431.5274905555555
6           1431.5274905555555
