Information for the currently-owned machines and the machines that may be purchased: if 1, the machine can be purchased, otherwise currently-owned.


1           0.0
2           1.0
3           0.0
4           0.0



item_machine_arc(j, m) - The relationship arc between item j and machine m, i.e., machine m is capable of producing item j if item_machine_arc(j, m) = 1.


1           1           0.0
1           2           1.0
1           3           1.0
1           4           1.0
2           1           1.0
2           2           0.0
2           3           1.0
2           4           1.0
3           1           0.0
3           2           0.0
3           3           0.0
3           4           1.0
4           1           0.0
4           2           0.0
4           3           1.0
4           4           0.0
5           1           1.0
5           2           1.0
5           3           0.0
5           4           1.0
6           1           1.0
6           2           1.0
6           3           1.0
6           4           0.0
7           1           1.0
7           2           0.0
7           3           1.0
7           4           1.0
8           1           1.0
8           2           1.0
8           3           1.0
8           4           1.0



d(j, t) - Gross demand for item j in period t.


1           1           41
1           2           47
1           3           46
1           4           35
1           5           40
1           6           41
2           1           47
2           2           37
2           3           42
2           4           37
2           5           47
2           6           39
3           1           34
3           2           39
3           3           35
3           4           49
3           5           34
3           6           45
4           1           40
4           2           46
4           3           34
4           4           35
4           5           33
4           6           36
5           1           35
5           2           50
5           3           30
5           4           31
5           5           37
5           6           41
6           1           33
6           2           39
6           3           37
6           4           36
6           5           43
6           6           35
7           1           31
7           2           40
7           3           38
7           4           34
7           5           33
7           6           35
8           1           49
8           2           38
8           3           35
8           4           42
8           5           49
8           6           44



pt(j, m) - Time required to produce one unit of item j on machine m. The production time is period-independent.


1           1           0.822
1           2           1.45
1           3           0.533
1           4           0.844
2           1           0.555
2           2           1.404
2           3           1.183
2           4           1.397
3           1           1.129
3           2           0.647
3           3           1.272
3           4           1.146
4           1           0.679
4           2           1.015
4           3           0.549
4           4           1.055
5           1           0.536
5           2           1.224
5           3           0.739
5           4           0.621
6           1           1.215
6           2           0.877
6           3           0.866
6           4           0.986
7           1           1.137
7           2           1.435
7           3           1.455
7           4           0.787
8           1           0.786
8           2           1.393
8           3           1.13
8           4           0.894



pc(j, m) - Variable costs of producing one unit of item j on machine m. The production cost is period-independent.


1           1           1.74
1           2           5.206
1           3           2.23
1           4           2.625
2           1           2.48
2           2           6.208
2           3           2.453
2           4           5.129
3           1           3.381
3           2           7.669
3           3           2.323
3           4           5.633
4           1           2.322
4           2           8.641
4           3           1.612
4           4           5.536
5           1           1.573
5           2           8.087
5           3           2.39
5           4           5.179
6           1           2.189
6           2           7.642
6           3           2.201
6           4           5.108
7           1           1.785
7           2           7.176
7           3           1.781
7           4           4.734
8           1           2.718
8           2           10.921
8           3           2.506
8           4           3.743



pe(j, m) - Production emission for producing one unit of item j on machine m. The production emission is period-independent.


1           1           0.308
1           2           0.249
1           3           0.437
1           4           0.162
2           1           0.524
2           2           0.056
2           3           0.957
2           4           0.443
3           1           0.734
3           2           0.144
3           3           0.72
3           4           0.272
4           1           0.437
4           2           0.196
4           3           0.891
4           4           0.411
5           1           0.731
5           2           0.213
5           3           0.275
5           4           0.224
6           1           0.613
6           2           0.203
6           3           0.248
6           4           0.448
7           1           0.509
7           2           0.175
7           3           0.729
7           4           0.351
8           1           0.263
8           2           0.121
8           3           0.812
8           4           0.49



hc(j) - Inventory-holding costs for one unit of item j for one period.


1           0.188
2           0.134
3           0.281
4           0.289
5           0.127
6           0.228
7           0.291
8           0.195



st(j, m) - Setup times for producing a lot of item j on machine m. The setup times are period-independent.


1           1           13.809
1           2           12.55
1           3           11.884
1           4           19.477
2           1           6.44
2           2           14.527
2           3           19.318
2           4           13.377
3           1           14.373
3           2           18.258
3           3           7.748
3           4           8.841
4           1           11.483
4           2           12.81
4           3           6.242
4           4           6.662
5           1           7.204
5           2           9.986
5           3           6.038
5           4           16.794
6           1           14.2
6           2           6.769
6           3           9.634
6           4           19.628
7           1           10.961
7           2           6.895
7           3           13.116
7           4           19.405
8           1           15.186
8           2           8.698
8           3           8.788
8           4           18.759



se(j, m) - Setup emission for producing a lot of item j on machine m. The setup emission are period-independent.


1           1           25.129
1           2           5.164
1           3           15.287
1           4           13.953
2           1           13.185
2           2           6.181
2           3           13.195
2           4           17.4
3           1           7.576
3           2           3.081
3           3           25.951
3           4           15.593
4           1           24.054
4           2           7.189
4           3           22.285
4           4           9.235
5           1           12.097
5           2           5.502
5           3           21.639
5           4           5.478
6           1           10.718
6           2           3.278
6           3           32.964
6           4           19.585
7           1           15.883
7           2           9.423
7           3           21.22
7           4           18.765
8           1           19.883
8           2           6.339
8           3           13.191
8           4           16.323



sc(j, m) - Setup costs for producing a lot of item j on machine m. The setup costs are period-independent.


1           1           14622.222
1           2           43866.667
1           3           10966.667
1           4           21933.333
2           1           10380.533
2           2           31141.6
2           3           7785.4
2           4           15570.8
3           1           20631.644
3           2           61894.933
3           3           15473.733
3           4           30947.467
4           1           20140.089
4           2           60420.267
4           3           15105.067
4           4           30210.133
5           1           8850.489
5           2           26551.467
5           3           6637.867
5           4           13275.733
6           1           15818.133
6           2           47454.4
6           3           11863.6
6           4           23727.2
7           1           19102.533
7           2           57307.6
7           3           14326.9
7           4           28653.8
8           1           15591.333
8           2           46774.0
8           3           11693.5
8           4           23387.0



bc(m) - Fixed investment cost for machine m.


1           597.2334320328835
2           5254.242971920111
3           3539.091896392483
4           912.4647216004167



ca(m, t) - The available capacity of machine m in period t.


1           1           160.96235555555558
1           2           160.96235555555558
1           3           160.96235555555558
1           4           160.96235555555558
1           5           160.96235555555558
1           6           160.96235555555558
2           1           160.96235555555558
2           2           160.96235555555558
2           3           160.96235555555558
2           4           160.96235555555558
2           5           160.96235555555558
2           6           160.96235555555558
3           1           160.96235555555558
3           2           160.96235555555558
3           3           160.96235555555558
3           4           160.96235555555558
3           5           160.96235555555558
3           6           160.96235555555558
4           1           160.96235555555558
4           2           160.96235555555558
4           3           160.96235555555558
4           4           160.96235555555558
4           5           160.96235555555558
4           6           160.96235555555558



em(t) - The limits of carbon emissions in period t.


1           318.2785161111111
2           318.2785161111111
3           318.2785161111111
4           318.2785161111111
5           318.2785161111111
6           318.2785161111111
