Information for the currently-owned machines and the machines that may be purchased: if 1, the machine can be purchased, otherwise currently-owned.


1           0.0
2           0.0
3           1.0
4           0.0



item_machine_arc(j, m) - The relationship arc between item j and machine m, i.e., machine m is capable of producing item j if item_machine_arc(j, m) = 1.


1           1           1.0
1           2           1.0
1           3           0.0
1           4           1.0
2           1           1.0
2           2           0.0
2           3           0.0
2           4           1.0
3           1           1.0
3           2           0.0
3           3           1.0
3           4           0.0
4           1           0.0
4           2           0.0
4           3           1.0
4           4           0.0
5           1           1.0
5           2           0.0
5           3           0.0
5           4           1.0
6           1           1.0
6           2           0.0
6           3           0.0
6           4           0.0
7           1           1.0
7           2           1.0
7           3           1.0
7           4           1.0
8           1           1.0
8           2           1.0
8           3           1.0
8           4           1.0



d(j, t) - Gross demand for item j in period t.


1           1           38
1           2           49
1           3           34
1           4           36
1           5           34
1           6           44
2           1           39
2           2           37
2           3           42
2           4           37
2           5           33
2           6           42
3           1           46
3           2           40
3           3           37
3           4           34
3           5           37
3           6           41
4           1           50
4           2           46
4           3           33
4           4           32
4           5           47
4           6           50
5           1           49
5           2           32
5           3           39
5           4           33
5           5           39
5           6           44
6           1           35
6           2           37
6           3           41
6           4           41
6           5           35
6           6           38
7           1           50
7           2           45
7           3           42
7           4           41
7           5           39
7           6           49
8           1           43
8           2           33
8           3           49
8           4           31
8           5           37
8           6           40



pt(j, m) - Time required to produce one unit of item j on machine m. The production time is period-independent.


1           1           1.162
1           2           1.318
1           3           1.133
1           4           1.163
2           1           1.357
2           2           0.654
2           3           0.977
2           4           0.983
3           1           1.498
3           2           1.422
3           3           1.488
3           4           0.864
4           1           0.839
4           2           1.21
4           3           0.541
4           4           0.681
5           1           1.478
5           2           0.51
5           3           1.138
5           4           1.238
6           1           0.785
6           2           1.205
6           3           0.52
6           4           1.357
7           1           0.964
7           2           0.824
7           3           0.796
7           4           0.989
8           1           0.919
8           2           0.96
8           3           0.669
8           4           0.877



pc(j, m) - Variable costs of producing one unit of item j on machine m. The production cost is period-independent.


1           1           10.365
1           2           2.631
1           3           3.718
1           4           3.034
2           1           6.077
2           2           1.715
2           3           3.557
2           4           5.471
3           1           11.327
3           2           1.808
3           3           3.795
3           4           4.581
4           1           8.882
4           2           2.171
4           3           2.644
4           4           4.881
5           1           7.365
5           2           2.366
5           3           3.605
5           4           4.521
6           1           6.842
6           2           2.64
6           3           3.373
6           4           4.295
7           1           4.136
7           2           1.949
7           3           1.915
7           4           4.747
8           1           5.628
8           2           2.659
8           3           2.919
8           4           4.984



pe(j, m) - Production emission for producing one unit of item j on machine m. The production emission is period-independent.


1           1           0.243
1           2           0.893
1           3           0.532
1           4           0.145
2           1           0.057
2           2           0.248
2           3           0.443
2           4           0.264
3           1           0.239
3           2           0.851
3           3           0.308
3           4           0.227
4           1           0.234
4           2           0.249
4           3           0.3
4           4           0.381
5           1           0.128
5           2           0.333
5           3           0.451
5           4           0.372
6           1           0.127
6           2           0.779
6           3           0.4
6           4           0.14
7           1           0.209
7           2           0.692
7           3           0.179
7           4           0.278
8           1           0.117
8           2           0.464
8           3           0.698
8           4           0.179



hc(j) - Inventory-holding costs for one unit of item j for one period.


1           0.227
2           0.215
3           0.213
4           0.164
5           0.214
6           0.194
7           0.201
8           0.284



st(j, m) - Setup times for producing a lot of item j on machine m. The setup times are period-independent.


1           1           61.836
1           2           68.926
1           3           37.282
1           4           51.347
2           1           91.139
2           2           92.927
2           3           44.925
2           4           85.737
3           1           92.192
3           2           92.938
3           3           25.191
3           4           43.631
4           1           34.013
4           2           92.308
4           3           91.997
4           4           55.761
5           1           82.424
5           2           51.183
5           3           47.494
5           4           61.339
6           1           90.162
6           2           42.433
6           3           25.689
6           4           98.485
7           1           65.856
7           2           49.418
7           3           31.36
7           4           67.247
8           1           95.147
8           2           72.677
8           3           25.79
8           4           30.931



se(j, m) - Setup emission for producing a lot of item j on machine m. The setup emission are period-independent.


1           1           5.963
1           2           26.512
1           3           9.154
1           4           6.246
2           1           7.376
2           2           14.474
2           3           16.713
2           4           13.815
3           1           2.641
3           2           28.041
3           3           20.887
3           4           18.851
4           1           7.22
4           2           23.028
4           3           27.123
4           4           10.154
5           1           4.039
5           2           23.804
5           3           11.462
5           4           12.978
6           1           8.693
6           2           14.438
6           3           9.799
6           4           5.221
7           1           9.13
7           2           16.472
7           3           15.335
7           4           11.291
8           1           8.431
8           2           29.041
8           3           24.041
8           4           19.874



sc(j, m) - Setup costs for producing a lot of item j on machine m. The setup costs are period-independent.


1           1           49788.667
1           2           12447.167
1           3           16596.222
1           4           24894.333
2           1           46153.333
2           2           11538.333
2           3           15384.444
2           4           23076.667
3           1           46718.0
3           2           11679.5
3           3           15572.667
3           4           23359.0
4           1           39491.2
4           2           9872.8
4           3           13163.733
4           4           19745.6
5           1           47137.067
5           2           11784.267
5           3           15712.356
5           4           23568.533
6           1           41102.133
6           2           10275.533
6           3           13700.711
6           4           20551.067
7           1           49901.6
7           2           12475.4
7           3           16633.867
7           4           24950.8
8           1           61760.533
8           2           15440.133
8           3           20586.844
8           4           30880.267



bc(m) - Fixed investment cost for machine m.


1           18043.788631110918
2           289.57697958907625
3           4078.1675268454715
4           5539.536620540622



ca(m, t) - The available capacity of machine m in period t.


1           1           287.39927870370366
1           2           287.39927870370366
1           3           287.39927870370366
1           4           287.39927870370366
1           5           287.39927870370366
1           6           287.39927870370366
2           1           287.39927870370366
2           2           287.39927870370366
2           3           287.39927870370366
2           4           287.39927870370366
2           5           287.39927870370366
2           6           287.39927870370366
3           1           287.39927870370366
3           2           287.39927870370366
3           3           287.39927870370366
3           4           287.39927870370366
3           5           287.39927870370366
3           6           287.39927870370366
4           1           287.39927870370366
4           2           287.39927870370366
4           3           287.39927870370366
4           4           287.39927870370366
4           5           287.39927870370366
4           6           287.39927870370366



em(t) - The limits of carbon emissions in period t.


1           226.11852083333335
2           226.11852083333335
3           226.11852083333335
4           226.11852083333335
5           226.11852083333335
6           226.11852083333335
