Information for the currently-owned machines and the machines that may be purchased: if 1, the machine can be purchased, otherwise currently-owned.


1           0.0
2           0.0
3           0.0
4           1.0



item_machine_arc(j, m) - The relationship arc between item j and machine m, i.e., machine m is capable of producing item j if item_machine_arc(j, m) = 1.


1           1           1.0
1           2           1.0
1           3           1.0
1           4           1.0
2           1           1.0
2           2           1.0
2           3           1.0
2           4           1.0
3           1           1.0
3           2           1.0
3           3           0.0
3           4           1.0
4           1           0.0
4           2           1.0
4           3           1.0
4           4           1.0
5           1           1.0
5           2           1.0
5           3           0.0
5           4           1.0
6           1           0.0
6           2           0.0
6           3           0.0
6           4           1.0
7           1           0.0
7           2           0.0
7           3           0.0
7           4           1.0
8           1           1.0
8           2           0.0
8           3           1.0
8           4           0.0



d(j, t) - Gross demand for item j in period t.


1           1           47
1           2           36
1           3           32
1           4           38
1           5           31
1           6           37
2           1           48
2           2           35
2           3           34
2           4           39
2           5           37
2           6           37
3           1           36
3           2           37
3           3           39
3           4           39
3           5           50
3           6           42
4           1           38
4           2           49
4           3           47
4           4           35
4           5           38
4           6           47
5           1           40
5           2           50
5           3           37
5           4           47
5           5           42
5           6           50
6           1           42
6           2           37
6           3           48
6           4           33
6           5           32
6           6           30
7           1           47
7           2           32
7           3           48
7           4           39
7           5           44
7           6           48
8           1           38
8           2           32
8           3           32
8           4           38
8           5           46
8           6           38



pt(j, m) - Time required to produce one unit of item j on machine m. The production time is period-independent.


1           1           1.282
1           2           0.564
1           3           0.691
1           4           0.949
2           1           1.464
2           2           0.568
2           3           1.407
2           4           0.886
3           1           1.067
3           2           1.227
3           3           1.373
3           4           0.568
4           1           0.887
4           2           0.616
4           3           0.586
4           4           1.308
5           1           0.767
5           2           0.545
5           3           1.409
5           4           1.145
6           1           1.471
6           2           0.846
6           3           1.4
6           4           1.381
7           1           0.607
7           2           0.898
7           3           1.47
7           4           1.219
8           1           1.105
8           2           0.644
8           3           0.712
8           4           1.151



pc(j, m) - Variable costs of producing one unit of item j on machine m. The production cost is period-independent.


1           1           1.678
1           2           2.097
1           3           6.701
1           4           2.498
2           1           2.732
2           2           3.812
2           3           4.579
2           4           2.192
3           1           1.636
3           2           2.097
3           3           4.566
3           4           3.518
4           1           2.039
4           2           4.911
4           3           10.951
4           4           2.233
5           1           1.299
5           2           5.863
5           3           8.295
5           4           1.52
6           1           1.129
6           2           3.163
6           3           7.586
6           4           3.426
7           1           1.216
7           2           5.323
7           3           8.516
7           4           2.054
8           1           2.076
8           2           5.295
8           3           8.743
8           4           2.369



pe(j, m) - Production emission for producing one unit of item j on machine m. The production emission is period-independent.


1           1           2.038
1           2           0.947
1           3           0.981
1           4           2.498
2           1           4.28
2           2           1.121
2           3           0.333
2           4           3.662
3           1           1.816
3           2           2.053
3           3           1.113
3           4           2.685
4           1           2.434
4           2           2.317
4           3           0.611
4           4           3.261
5           1           1.618
5           2           1.769
5           3           0.76
5           4           1.115
6           1           4.887
6           2           1.864
6           3           0.687
6           4           0.85
7           1           3.701
7           2           1.332
7           3           0.636
7           4           2.901
8           1           4.713
8           2           1.673
8           3           0.265
8           4           2.297



hc(j) - Inventory-holding costs for one unit of item j for one period.


1           0.276
2           0.241
3           0.101
4           0.298
5           0.246
6           0.151
7           0.175
8           0.263



st(j, m) - Setup times for producing a lot of item j on machine m. The setup times are period-independent.


1           1           15.323
1           2           16.553
1           3           7.064
1           4           11.46
2           1           16.615
2           2           9.817
2           3           7.429
2           4           16.681
3           1           13.685
3           2           9.352
3           3           14.007
3           4           10.061
4           1           18.305
4           2           6.5
4           3           17.403
4           4           14.79
5           1           16.07
5           2           12.474
5           3           19.734
5           4           17.414
6           1           17.454
6           2           12.378
6           3           10.177
6           4           11.346
7           1           17.137
7           2           9.482
7           3           9.2
7           4           11.809
8           1           13.76
8           2           15.332
8           3           11.755
8           4           19.487



se(j, m) - Setup emission for producing a lot of item j on machine m. The setup emission are period-independent.


1           1           108.706
1           2           77.796
1           3           25.254
1           4           143.607
2           1           78.376
2           2           90.682
2           3           43.78
2           4           132.519
3           1           146.822
3           2           60.742
3           3           14.49
3           4           79.357
4           1           87.817
4           2           47.183
4           3           21.072
4           4           115.089
5           1           105.979
5           2           98.281
5           3           39.976
5           4           123.983
6           1           184.422
6           2           40.713
6           3           49.419
6           4           56.594
7           1           68.419
7           2           73.787
7           3           26.951
7           4           47.267
8           1           179.422
8           2           78.125
8           3           39.414
8           4           114.128



sc(j, m) - Setup costs for producing a lot of item j on machine m. The setup costs are period-independent.


1           1           15655.64
1           2           31311.28
1           3           62622.56
1           4           20874.187
2           1           14227.033
2           2           28454.067
2           3           56908.133
2           4           18969.378
3           1           6299.37
3           2           12598.74
3           3           25197.48
3           4           8399.16
4           1           19427.613
4           2           38855.227
4           3           77710.453
4           4           25903.484
5           1           16795.24
5           2           33590.48
5           3           67180.96
5           4           22393.653
6           1           8603.98
6           2           17207.96
6           3           34415.92
6           4           11471.973
7           1           11588.5
7           2           23177.0
7           3           46354.0
7           4           15451.333
8           1           15120.747
8           2           30241.493
8           3           60482.987
8           4           20160.996



bc(m) - Fixed investment cost for machine m.


1           633.4147223883352
2           1171.3673290987258
3           18828.784312281165
4           5188.950675272979



ca(m, t) - The available capacity of machine m in period t.


1           1           190.72552074074076
1           2           190.72552074074076
1           3           190.72552074074076
1           4           190.72552074074076
1           5           190.72552074074076
1           6           190.72552074074076
2           1           190.72552074074076
2           2           190.72552074074076
2           3           190.72552074074076
2           4           190.72552074074076
2           5           190.72552074074076
2           6           190.72552074074076
3           1           190.72552074074076
3           2           190.72552074074076
3           3           190.72552074074076
3           4           190.72552074074076
3           5           190.72552074074076
3           6           190.72552074074076
4           1           190.72552074074076
4           2           190.72552074074076
4           3           190.72552074074076
4           4           190.72552074074076
4           5           190.72552074074076
4           6           190.72552074074076



em(t) - The limits of carbon emissions in period t.


1           1491.243172222222
2           1491.243172222222
3           1491.243172222222
4           1491.243172222222
5           1491.243172222222
6           1491.243172222222
