Information for the currently-owned machines and the machines that may be purchased: if 1, the machine can be purchased, otherwise currently-owned.


1           1.0
2           0.0
3           0.0
4           0.0



item_machine_arc(j, m) - The relationship arc between item j and machine m, i.e., machine m is capable of producing item j if item_machine_arc(j, m) = 1.


1           1           1.0
1           2           1.0
1           3           1.0
1           4           1.0
2           1           1.0
2           2           1.0
2           3           1.0
2           4           1.0
3           1           1.0
3           2           0.0
3           3           0.0
3           4           0.0
4           1           1.0
4           2           1.0
4           3           1.0
4           4           1.0
5           1           0.0
5           2           0.0
5           3           0.0
5           4           1.0
6           1           1.0
6           2           1.0
6           3           0.0
6           4           1.0
7           1           1.0
7           2           1.0
7           3           1.0
7           4           0.0
8           1           0.0
8           2           1.0
8           3           0.0
8           4           1.0



d(j, t) - Gross demand for item j in period t.


1           1           48
1           2           48
1           3           30
1           4           44
1           5           44
1           6           32
2           1           49
2           2           40
2           3           34
2           4           44
2           5           46
2           6           46
3           1           50
3           2           35
3           3           47
3           4           50
3           5           40
3           6           33
4           1           33
4           2           33
4           3           43
4           4           48
4           5           40
4           6           34
5           1           47
5           2           47
5           3           50
5           4           30
5           5           35
5           6           46
6           1           38
6           2           45
6           3           47
6           4           33
6           5           34
6           6           41
7           1           42
7           2           39
7           3           31
7           4           45
7           5           49
7           6           44
8           1           32
8           2           38
8           3           47
8           4           36
8           5           48
8           6           45



pt(j, m) - Time required to produce one unit of item j on machine m. The production time is period-independent.


1           1           1.482
1           2           0.919
1           3           0.828
1           4           0.976
2           1           0.637
2           2           0.842
2           3           0.93
2           4           1.395
3           1           1.168
3           2           1.2
3           3           0.851
3           4           1.305
4           1           1.227
4           2           1.263
4           3           0.678
4           4           0.591
5           1           0.946
5           2           0.555
5           3           1.291
5           4           1.388
6           1           1.306
6           2           0.664
6           3           1.424
6           4           1.197
7           1           1.319
7           2           1.067
7           3           1.473
7           4           1.216
8           1           1.439
8           2           1.225
8           3           1.318
8           4           0.672



pc(j, m) - Variable costs of producing one unit of item j on machine m. The production cost is period-independent.


1           1           2.678
1           2           5.661
1           3           2.699
1           4           7.906
2           1           2.943
2           2           3.231
2           3           1.958
2           4           5.846
3           1           1.408
3           2           5.9
3           3           3.977
3           4           7.817
4           1           1.231
4           2           4.288
4           3           1.463
4           4           6.025
5           1           2.055
5           2           5.752
5           3           2.638
5           4           6.007
6           1           1.261
6           2           3.088
6           3           2.782
6           4           6.365
7           1           2.776
7           2           4.817
7           3           3.702
7           4           9.573
8           1           1.357
8           2           4.997
8           3           2.618
8           4           10.827



pe(j, m) - Production emission for producing one unit of item j on machine m. The production emission is period-independent.


1           1           1.383
1           2           2.158
1           3           1.767
1           4           1.153
2           1           1.65
2           2           2.483
2           3           2.538
2           4           0.777
3           1           1.478
3           2           0.812
3           3           3.606
3           4           1.037
4           1           2.665
4           2           1.642
4           3           2.994
4           4           1.219
5           1           1.705
5           2           1.128
5           3           2.543
5           4           1.242
6           1           4.492
6           2           0.799
6           3           2.056
6           4           1.111
7           1           2.198
7           2           2.302
7           3           2.861
7           4           0.845
8           1           1.618
8           2           1.502
8           3           0.951
8           4           0.817



hc(j) - Inventory-holding costs for one unit of item j for one period.


1           0.107
2           0.226
3           0.226
4           0.271
5           0.13
6           0.129
7           0.287
8           0.296



st(j, m) - Setup times for producing a lot of item j on machine m. The setup times are period-independent.


1           1           6.825
1           2           14.453
1           3           15.918
1           4           5.876
2           1           7.818
2           2           8.458
2           3           5.094
2           4           13.409
3           1           17.052
3           2           18.403
3           3           18.125
3           4           17.149
4           1           19.916
4           2           8.193
4           3           14.654
4           4           17.839
5           1           9.566
5           2           9.394
5           3           15.668
5           4           17.931
6           1           9.512
6           2           17.8
6           3           14.667
6           4           16.343
7           1           5.679
7           2           6.084
7           3           15.437
7           4           13.185
8           1           17.8
8           2           8.055
8           3           18.592
8           4           5.952



se(j, m) - Setup emission for producing a lot of item j on machine m. The setup emission are period-independent.


1           1           13.358
1           2           6.317
1           3           24.089
1           4           7.312
2           1           20.251
2           2           13.247
2           3           20.621
2           4           6.002
3           1           12.177
3           2           15.469
3           3           9.401
3           4           5.966
4           1           20.042
4           2           10.554
4           3           24.596
4           4           8.377
5           1           27.404
5           2           17.58
5           3           18.526
5           4           9.271
6           1           13.416
6           2           10.635
6           3           16.369
6           4           4.807
7           1           11.581
7           2           7.438
7           3           11.442
7           4           6.846
8           1           30.843
8           2           12.944
8           3           8.525
8           4           6.858



sc(j, m) - Setup costs for producing a lot of item j on machine m. The setup costs are period-independent.


1           1           6141.8
1           2           12283.6
1           3           8189.067
1           4           24567.2
2           1           13657.933
2           2           27315.867
2           3           18210.578
2           4           54631.733
3           1           13447.0
3           2           26894.0
3           3           17929.333
3           4           53788.0
4           1           14606.9
4           2           29213.8
4           3           19475.867
4           4           58427.6
5           1           7735.0
5           2           15470.0
5           3           10313.333
5           4           30940.0
6           1           7163.8
6           2           14327.6
6           3           9551.733
6           4           28655.2
7           1           16741.667
7           2           33483.333
7           3           22322.222
7           4           66966.667
8           1           16990.4
8           2           33980.8
8           3           22653.867
8           4           67961.6



bc(m) - Fixed investment cost for machine m.


1           2941.463790697517
2           1101.4997149521766
3           2568.1585325692968
4           7123.669839932043



ca(m, t) - The available capacity of machine m in period t.


1           1           192.93524444444444
1           2           192.93524444444444
1           3           192.93524444444444
1           4           192.93524444444444
1           5           192.93524444444444
1           6           192.93524444444444
2           1           192.93524444444444
2           2           192.93524444444444
2           3           192.93524444444444
2           4           192.93524444444444
2           5           192.93524444444444
2           6           192.93524444444444
3           1           192.93524444444444
3           2           192.93524444444444
3           3           192.93524444444444
3           4           192.93524444444444
3           5           192.93524444444444
3           6           192.93524444444444
4           1           192.93524444444444
4           2           192.93524444444444
4           3           192.93524444444444
4           4           192.93524444444444
4           5           192.93524444444444
4           6           192.93524444444444



em(t) - The limits of carbon emissions in period t.


1           964.0979211111112
2           964.0979211111112
3           964.0979211111112
4           964.0979211111112
5           964.0979211111112
6           964.0979211111112
