Information for the currently-owned machines and the machines that may be purchased: if 1, the machine can be purchased, otherwise currently-owned.


1           0.0
2           0.0
3           1.0
4           0.0



item_machine_arc(j, m) - The relationship arc between item j and machine m, i.e., machine m is capable of producing item j if item_machine_arc(j, m) = 1.


1           1           1.0
1           2           1.0
1           3           1.0
1           4           1.0
2           1           0.0
2           2           0.0
2           3           1.0
2           4           0.0
3           1           1.0
3           2           0.0
3           3           1.0
3           4           0.0
4           1           1.0
4           2           0.0
4           3           0.0
4           4           1.0
5           1           0.0
5           2           0.0
5           3           1.0
5           4           0.0
6           1           1.0
6           2           0.0
6           3           1.0
6           4           0.0
7           1           1.0
7           2           1.0
7           3           0.0
7           4           1.0
8           1           1.0
8           2           1.0
8           3           0.0
8           4           0.0



d(j, t) - Gross demand for item j in period t.


1           1           32
1           2           46
1           3           37
1           4           47
1           5           31
1           6           50
2           1           34
2           2           40
2           3           41
2           4           49
2           5           35
2           6           38
3           1           49
3           2           48
3           3           42
3           4           49
3           5           35
3           6           30
4           1           44
4           2           34
4           3           40
4           4           39
4           5           40
4           6           47
5           1           50
5           2           34
5           3           44
5           4           36
5           5           49
5           6           38
6           1           49
6           2           48
6           3           42
6           4           46
6           5           40
6           6           37
7           1           46
7           2           33
7           3           32
7           4           40
7           5           32
7           6           43
8           1           30
8           2           50
8           3           35
8           4           50
8           5           30
8           6           30



pt(j, m) - Time required to produce one unit of item j on machine m. The production time is period-independent.


1           1           0.94
1           2           1.155
1           3           1.092
1           4           1.319
2           1           1.089
2           2           1.406
2           3           1.375
2           4           1.044
3           1           1.093
3           2           1.401
3           3           0.634
3           4           1.186
4           1           1.396
4           2           0.89
4           3           0.849
4           4           0.703
5           1           0.64
5           2           0.558
5           3           1.05
5           4           1.314
6           1           1.477
6           2           1.259
6           3           1.328
6           4           0.79
7           1           1.412
7           2           1.258
7           3           0.914
7           4           1.007
8           1           1.082
8           2           0.511
8           3           0.703
8           4           0.772



pc(j, m) - Variable costs of producing one unit of item j on machine m. The production cost is period-independent.


1           1           2.155
1           2           8.911
1           3           1.6
1           4           4.711
2           1           2.723
2           2           5.406
2           3           1.447
2           4           3.806
3           1           3.983
3           2           8.403
3           3           1.578
3           4           4.794
4           1           3.13
4           2           9.01
4           3           1.315
4           4           2.527
5           1           3.678
5           2           6.699
5           3           2.043
5           4           5.616
6           1           1.83
6           2           11.775
6           3           1.496
6           4           5.705
7           1           3.722
7           2           6.271
7           3           1.933
7           4           4.03
8           1           3.529
8           2           7.756
8           3           1.391
8           4           3.498



pe(j, m) - Production emission for producing one unit of item j on machine m. The production emission is period-independent.


1           1           2.313
1           2           1.015
1           3           3.981
1           4           2.419
2           1           1.81
2           2           0.903
2           3           4.219
2           4           1.084
3           1           0.796
3           2           0.66
3           3           4.473
3           4           0.689
4           1           2.875
4           2           1.003
4           3           1.518
4           4           1.952
5           1           1.426
5           2           1.156
5           3           2.483
5           4           2.069
6           1           1.621
6           2           0.548
6           3           2.978
6           4           1.866
7           1           3.461
7           2           0.294
7           3           4.581
7           4           2.064
8           1           3.546
8           2           0.294
8           3           2.206
8           4           2.139



hc(j) - Inventory-holding costs for one unit of item j for one period.


1           0.127
2           0.238
3           0.222
4           0.177
5           0.286
6           0.206
7           0.112
8           0.166



st(j, m) - Setup times for producing a lot of item j on machine m. The setup times are period-independent.


1           1           5.472
1           2           19.363
1           3           9.685
1           4           13.139
2           1           6.807
2           2           11.951
2           3           6.806
2           4           5.847
3           1           14.693
3           2           9.001
3           3           16.879
3           4           10.2
4           1           5.688
4           2           18.376
4           3           12.62
4           4           12.525
5           1           16.586
5           2           7.576
5           3           17.247
5           4           18.598
6           1           8.509
6           2           17.26
6           3           14.332
6           4           18.682
7           1           8.105
7           2           14.314
7           3           9.088
7           4           7.902
8           1           14.276
8           2           19.692
8           3           11.277
8           4           8.41



se(j, m) - Setup emission for producing a lot of item j on machine m. The setup emission are period-independent.


1           1           99.814
1           2           23.77
1           3           170.256
1           4           58.666
2           1           59.104
2           2           49.467
2           3           119.143
2           4           97.748
3           1           54.49
3           2           17.641
3           3           145.185
3           4           85.0
4           1           92.453
4           2           32.681
4           3           118.565
4           4           52.581
5           1           139.548
5           2           32.526
5           3           101.057
5           4           41.111
6           1           93.59
6           2           13.501
6           3           184.276
6           4           30.829
7           1           94.449
7           2           27.858
7           3           82.226
7           4           58.329
8           1           90.112
8           2           39.849
8           3           64.884
8           4           58.268



sc(j, m) - Setup costs for producing a lot of item j on machine m. The setup costs are period-independent.


1           1           10561.32
1           2           31683.96
1           3           7920.99
1           4           15841.98
2           1           19303.387
2           2           57910.16
2           3           14477.54
2           4           28955.08
3           1           19221.253
3           2           57663.76
3           3           14415.94
3           4           28831.88
4           1           14779.893
4           2           44339.68
4           3           11084.92
4           4           22169.84
5           1           24566.764
5           2           73700.293
5           3           18425.073
5           4           36850.147
6           1           18470.418
6           2           55411.253
6           3           13852.813
6           4           27705.627
7           1           8662.329
7           2           25986.987
7           3           6496.747
7           4           12993.493
8           1           12782.0
8           2           38346.0
8           3           9586.5
8           4           19173.0



bc(m) - Fixed investment cost for machine m.


1           5938.033646783491
2           13123.585623404708
3           1652.1236991416306
4           3584.5101024418523



ca(m, t) - The available capacity of machine m in period t.


1           1           191.29377685185182
1           2           191.29377685185182
1           3           191.29377685185182
1           4           191.29377685185182
1           5           191.29377685185182
1           6           191.29377685185182
2           1           191.29377685185182
2           2           191.29377685185182
2           3           191.29377685185182
2           4           191.29377685185182
2           5           191.29377685185182
2           6           191.29377685185182
3           1           191.29377685185182
3           2           191.29377685185182
3           3           191.29377685185182
3           4           191.29377685185182
3           5           191.29377685185182
3           6           191.29377685185182
4           1           191.29377685185182
4           2           191.29377685185182
4           3           191.29377685185182
4           4           191.29377685185182
4           5           191.29377685185182
4           6           191.29377685185182



em(t) - The limits of carbon emissions in period t.


1           1842.0421677777779
2           1842.0421677777779
3           1842.0421677777779
4           1842.0421677777779
5           1842.0421677777779
6           1842.0421677777779
