Information for the currently-owned machines and the machines that may be purchased: if 1, the machine can be purchased, otherwise currently-owned.


1           0.0
2           0.0
3           1.0
4           0.0



item_machine_arc(j, m) - The relationship arc between item j and machine m, i.e., machine m is capable of producing item j if item_machine_arc(j, m) = 1.


1           1           0.0
1           2           1.0
1           3           1.0
1           4           1.0
2           1           0.0
2           2           0.0
2           3           0.0
2           4           1.0
3           1           1.0
3           2           1.0
3           3           1.0
3           4           1.0
4           1           1.0
4           2           1.0
4           3           1.0
4           4           1.0
5           1           1.0
5           2           1.0
5           3           0.0
5           4           0.0
6           1           1.0
6           2           1.0
6           3           1.0
6           4           1.0
7           1           0.0
7           2           1.0
7           3           1.0
7           4           0.0
8           1           1.0
8           2           0.0
8           3           1.0
8           4           1.0



d(j, t) - Gross demand for item j in period t.


1           1           50
1           2           42
1           3           44
1           4           45
1           5           42
1           6           31
2           1           30
2           2           50
2           3           30
2           4           50
2           5           43
2           6           36
3           1           39
3           2           38
3           3           32
3           4           47
3           5           46
3           6           45
4           1           49
4           2           45
4           3           34
4           4           34
4           5           35
4           6           44
5           1           43
5           2           41
5           3           35
5           4           48
5           5           37
5           6           47
6           1           47
6           2           37
6           3           47
6           4           49
6           5           39
6           6           33
7           1           40
7           2           49
7           3           42
7           4           30
7           5           50
7           6           32
8           1           33
8           2           40
8           3           47
8           4           35
8           5           50
8           6           37



pt(j, m) - Time required to produce one unit of item j on machine m. The production time is period-independent.


1           1           0.857
1           2           0.919
1           3           1.456
1           4           1.034
2           1           0.636
2           2           0.559
2           3           1.402
2           4           1.284
3           1           1.324
3           2           0.801
3           3           0.954
3           4           1.337
4           1           1.291
4           2           1.143
4           3           0.932
4           4           0.749
5           1           1.048
5           2           0.503
5           3           1.073
5           4           1.034
6           1           0.799
6           2           1.336
6           3           1.273
6           4           1.389
7           1           1.129
7           2           0.627
7           3           1.006
7           4           1.277
8           1           1.082
8           2           1.466
8           3           0.671
8           4           1.451



pc(j, m) - Variable costs of producing one unit of item j on machine m. The production cost is period-independent.


1           1           8.399
1           2           3.728
1           3           1.047
1           4           1.515
2           1           10.637
2           2           3.384
2           3           2.389
2           4           2.599
3           1           5.457
3           2           5.934
3           3           2.785
3           4           2.772
4           1           9.8
4           2           2.463
4           3           2.531
4           4           3.125
5           1           11.841
5           2           3.34
5           3           1.394
5           4           3.039
6           1           6.615
6           2           2.251
6           3           2.689
6           4           1.579
7           1           7.262
7           2           2.368
7           3           1.887
7           4           1.778
8           1           10.62
8           2           2.828
8           3           2.295
8           4           2.971



pe(j, m) - Production emission for producing one unit of item j on machine m. The production emission is period-independent.


1           1           0.096
1           2           0.422
1           3           0.708
1           4           0.362
2           1           0.156
2           2           0.482
2           3           0.97
2           4           0.643
3           1           0.207
3           2           0.224
3           3           0.828
3           4           0.214
4           1           0.116
4           2           0.403
4           3           0.284
4           4           0.679
5           1           0.08
5           2           0.268
5           3           0.502
5           4           0.375
6           1           0.208
6           2           0.219
6           3           0.687
6           4           0.726
7           1           0.241
7           2           0.255
7           3           0.206
7           4           0.352
8           1           0.234
8           2           0.26
8           3           0.857
8           4           0.719



hc(j) - Inventory-holding costs for one unit of item j for one period.


1           0.135
2           0.206
3           0.219
4           0.142
5           0.21
6           0.185
7           0.133
8           0.141



st(j, m) - Setup times for producing a lot of item j on machine m. The setup times are period-independent.


1           1           13.978
1           2           14.54
1           3           14.494
1           4           19.101
2           1           8.941
2           2           5.085
2           3           6.544
2           4           5.789
3           1           18.764
3           2           12.894
3           3           17.273
3           4           19.421
4           1           7.125
4           2           19.145
4           3           18.133
4           4           10.321
5           1           9.536
5           2           11.989
5           3           8.679
5           4           10.769
6           1           6.658
6           2           7.675
6           3           11.3
6           4           15.066
7           1           18.524
7           2           6.32
7           3           12.84
7           4           17.352
8           1           8.746
8           2           18.28
8           3           11.363
8           4           18.868



se(j, m) - Setup emission for producing a lot of item j on machine m. The setup emission are period-independent.


1           1           35.751
1           2           95.93
1           3           193.53
1           4           64.214
2           1           49.857
2           2           34.648
2           3           161.392
2           4           69.659
3           1           14.447
3           2           45.495
3           3           102.209
3           4           109.144
4           1           18.738
4           2           61.711
4           3           73.391
4           4           67.856
5           1           28.497
5           2           51.845
5           3           72.176
5           4           55.102
6           1           34.771
6           2           89.528
6           3           98.959
6           4           105.891
7           1           45.63
7           2           51.511
7           3           74.264
7           4           51.62
8           1           42.516
8           2           81.895
8           3           179.433
8           4           66.852



sc(j, m) - Setup costs for producing a lot of item j on machine m. The setup costs are period-independent.


1           1           32004.0
1           2           16002.0
1           3           8001.0
1           4           10668.0
2           1           45951.733
2           2           22975.867
2           3           11487.933
2           4           15317.244
3           1           50486.8
3           2           25243.4
3           3           12621.7
3           4           16828.933
4           1           31940.533
4           2           15970.267
4           3           7985.133
4           4           10646.844
5           1           49196.0
5           2           24598.0
5           3           12299.0
5           4           16398.667
6           1           43512.0
6           2           21756.0
6           3           10878.0
6           4           14504.0
7           1           30164.4
7           2           15082.2
7           3           7541.1
7           4           10054.8
8           1           31847.2
8           2           15923.6
8           3           7961.8
8           4           10615.733



bc(m) - Fixed investment cost for machine m.


1           11607.841693712577
2           7880.857629119795
3           3576.6238698625534
4           6057.280699195454



ca(m, t) - The available capacity of machine m in period t.


1           1           183.41447962962962
1           2           183.41447962962962
1           3           183.41447962962962
1           4           183.41447962962962
1           5           183.41447962962962
1           6           183.41447962962962
2           1           183.41447962962962
2           2           183.41447962962962
2           3           183.41447962962962
2           4           183.41447962962962
2           5           183.41447962962962
2           6           183.41447962962962
3           1           183.41447962962962
3           2           183.41447962962962
3           3           183.41447962962962
3           4           183.41447962962962
3           5           183.41447962962962
3           6           183.41447962962962
4           1           183.41447962962962
4           2           183.41447962962962
4           3           183.41447962962962
4           4           183.41447962962962
4           5           183.41447962962962
4           6           183.41447962962962



em(t) - The limits of carbon emissions in period t.


1           667.1004297222222
2           667.1004297222222
3           667.1004297222222
4           667.1004297222222
5           667.1004297222222
6           667.1004297222222
