Information for the currently-owned machines and the machines that may be purchased: if 1, the machine can be purchased, otherwise currently-owned.


1           0.0
2           0.0
3           1.0
4           0.0



item_machine_arc(j, m) - The relationship arc between item j and machine m, i.e., machine m is capable of producing item j if item_machine_arc(j, m) = 1.


1           1           0.0
1           2           1.0
1           3           0.0
1           4           0.0
2           1           1.0
2           2           0.0
2           3           1.0
2           4           0.0
3           1           1.0
3           2           0.0
3           3           0.0
3           4           1.0
4           1           0.0
4           2           1.0
4           3           0.0
4           4           0.0
5           1           1.0
5           2           1.0
5           3           1.0
5           4           1.0
6           1           1.0
6           2           1.0
6           3           1.0
6           4           1.0
7           1           1.0
7           2           1.0
7           3           1.0
7           4           0.0
8           1           1.0
8           2           1.0
8           3           1.0
8           4           1.0



d(j, t) - Gross demand for item j in period t.


1           1           47
1           2           47
1           3           38
1           4           46
1           5           31
1           6           42
2           1           46
2           2           48
2           3           47
2           4           43
2           5           38
2           6           32
3           1           39
3           2           46
3           3           35
3           4           42
3           5           34
3           6           43
4           1           48
4           2           37
4           3           36
4           4           47
4           5           36
4           6           36
5           1           37
5           2           33
5           3           50
5           4           32
5           5           42
5           6           38
6           1           40
6           2           38
6           3           48
6           4           37
6           5           46
6           6           45
7           1           40
7           2           45
7           3           35
7           4           41
7           5           40
7           6           43
8           1           46
8           2           46
8           3           33
8           4           33
8           5           31
8           6           33



pt(j, m) - Time required to produce one unit of item j on machine m. The production time is period-independent.


1           1           1.1
1           2           1.113
1           3           0.848
1           4           0.641
2           1           1.065
2           2           0.983
2           3           0.87
2           4           1.045
3           1           0.968
3           2           0.969
3           3           1.115
3           4           0.898
4           1           1.432
4           2           1.444
4           3           1.106
4           4           0.601
5           1           0.666
5           2           0.531
5           3           0.505
5           4           0.501
6           1           1.288
6           2           1.332
6           3           1.231
6           4           0.94
7           1           1.094
7           2           1.24
7           3           0.883
7           4           0.729
8           1           0.952
8           2           1.126
8           3           0.599
8           4           0.898



pc(j, m) - Variable costs of producing one unit of item j on machine m. The production cost is period-independent.


1           1           5.182
1           2           1.454
1           3           11.554
1           4           2.18
2           1           4.943
2           2           2.697
2           3           7.644
2           4           1.927
3           1           4.612
3           2           3.256
3           3           11.494
3           4           1.26
4           1           4.799
4           2           2.015
4           3           6.727
4           4           1.647
5           1           5.877
5           2           3.552
5           3           8.176
5           4           1.616
6           1           4.968
6           2           1.902
6           3           8.49
6           4           1.157
7           1           4.191
7           2           3.159
7           3           10.522
7           4           1.59
8           1           5.808
8           2           3.993
8           3           10.433
8           4           1.899



pe(j, m) - Production emission for producing one unit of item j on machine m. The production emission is period-independent.


1           1           1.876
1           2           3.409
1           3           1.097
1           4           1.226
2           1           0.896
2           2           2.38
2           3           0.923
2           4           4.572
3           1           1.728
3           2           3.634
3           3           0.767
3           4           1.863
4           1           1.024
4           2           0.857
4           3           0.708
4           4           2.096
5           1           0.74
5           2           0.941
5           3           0.409
5           4           4.352
6           1           2.48
6           2           2.141
6           3           0.989
6           4           2.725
7           1           1.49
7           2           0.796
7           3           0.581
7           4           2.39
8           1           0.575
8           2           2.696
8           3           0.944
8           4           3.049



hc(j) - Inventory-holding costs for one unit of item j for one period.


1           0.151
2           0.197
3           0.106
4           0.104
5           0.197
6           0.161
7           0.273
8           0.257



st(j, m) - Setup times for producing a lot of item j on machine m. The setup times are period-independent.


1           1           41.26
1           2           71.106
1           3           46.713
1           4           72.56
2           1           90.823
2           2           54.577
2           3           48.874
2           4           36.582
3           1           77.556
3           2           61.131
3           3           90.945
3           4           75.047
4           1           40.244
4           2           38.298
4           3           32.02
4           4           88.989
5           1           76.092
5           2           94.318
5           3           65.906
5           4           35.717
6           1           57.554
6           2           47.497
6           3           68.038
6           4           85.91
7           1           61.914
7           2           49.447
7           3           76.275
7           4           82.704
8           1           64.706
8           2           56.264
8           3           27.071
8           4           87.946



se(j, m) - Setup emission for producing a lot of item j on machine m. The setup emission are period-independent.


1           1           16.031
1           2           18.467
1           3           6.022
1           4           31.151
2           1           7.831
2           2           12.065
2           3           5.626
2           4           32.628
3           1           18.023
3           2           13.838
3           3           6.8
3           4           26.582
4           1           11.148
4           2           11.555
4           3           4.969
4           4           38.761
5           1           12.264
5           2           24.724
5           3           3.012
5           4           23.964
6           1           16.096
6           2           29.589
6           3           3.252
6           4           33.9
7           1           12.128
7           2           18.277
7           3           9.115
7           4           27.341
8           1           7.579
8           2           17.653
8           3           4.815
8           4           18.819



sc(j, m) - Setup costs for producing a lot of item j on machine m. The setup costs are period-independent.


1           1           17687.133
1           2           11791.422
1           3           35374.267
1           4           8843.567
2           1           23351.067
2           2           15567.378
2           3           46702.133
2           4           11675.533
3           1           11822.533
3           2           7881.689
3           3           23645.067
3           4           5911.267
4           1           11648.0
4           2           7765.333
4           3           23296.0
4           4           5824.0
5           1           21328.533
5           2           14219.022
5           3           42657.067
5           4           10664.267
6           1           19083.867
6           2           12722.578
6           3           38167.733
6           4           9541.933
7           1           31085.6
7           2           20723.733
7           3           62171.2
7           4           15542.8
8           1           26625.2
8           2           17750.133
8           3           53250.4
8           4           13312.6



bc(m) - Fixed investment cost for machine m.


1           7180.720190485351
2           5097.687031707069
3           13867.441914064571
4           3748.264225756625



ca(m, t) - The available capacity of machine m in period t.


1           1           300.8374243518519
1           2           300.8374243518519
1           3           300.8374243518519
1           4           300.8374243518519
1           5           300.8374243518519
1           6           300.8374243518519
2           1           300.8374243518519
2           2           300.8374243518519
2           3           300.8374243518519
2           4           300.8374243518519
2           5           300.8374243518519
2           6           300.8374243518519
3           1           300.8374243518519
3           2           300.8374243518519
3           3           300.8374243518519
3           4           300.8374243518519
3           5           300.8374243518519
3           6           300.8374243518519
4           1           300.8374243518519
4           2           300.8374243518519
4           3           300.8374243518519
4           4           300.8374243518519
4           5           300.8374243518519
4           6           300.8374243518519



em(t) - The limits of carbon emissions in period t.


1           845.6347472222222
2           845.6347472222222
3           845.6347472222222
4           845.6347472222222
5           845.6347472222222
6           845.6347472222222
