Information for the currently-owned machines and the machines that may be purchased: if 1, the machine can be purchased, otherwise currently-owned.


1           0.0
2           0.0
3           1.0
4           0.0



item_machine_arc(j, m) - The relationship arc between item j and machine m, i.e., machine m is capable of producing item j if item_machine_arc(j, m) = 1.


1           1           1.0
1           2           1.0
1           3           1.0
1           4           1.0
2           1           1.0
2           2           1.0
2           3           1.0
2           4           1.0
3           1           0.0
3           2           0.0
3           3           0.0
3           4           1.0
4           1           0.0
4           2           0.0
4           3           0.0
4           4           1.0
5           1           0.0
5           2           1.0
5           3           1.0
5           4           1.0
6           1           0.0
6           2           0.0
6           3           1.0
6           4           1.0
7           1           0.0
7           2           1.0
7           3           1.0
7           4           1.0
8           1           0.0
8           2           1.0
8           3           1.0
8           4           0.0



d(j, t) - Gross demand for item j in period t.


1           1           45
1           2           37
1           3           46
1           4           46
1           5           32
1           6           32
2           1           42
2           2           50
2           3           49
2           4           48
2           5           33
2           6           38
3           1           31
3           2           36
3           3           34
3           4           47
3           5           30
3           6           41
4           1           47
4           2           41
4           3           38
4           4           45
4           5           45
4           6           44
5           1           39
5           2           45
5           3           49
5           4           49
5           5           34
5           6           49
6           1           38
6           2           46
6           3           36
6           4           47
6           5           31
6           6           42
7           1           38
7           2           43
7           3           38
7           4           43
7           5           48
7           6           48
8           1           49
8           2           38
8           3           48
8           4           49
8           5           48
8           6           47



pt(j, m) - Time required to produce one unit of item j on machine m. The production time is period-independent.


1           1           0.618
1           2           1.182
1           3           0.749
1           4           0.928
2           1           0.548
2           2           0.954
2           3           0.952
2           4           0.728
3           1           0.65
3           2           1.104
3           3           1.319
3           4           1.171
4           1           0.852
4           2           0.833
4           3           1.422
4           4           1.183
5           1           1.133
5           2           0.646
5           3           1.195
5           4           1.108
6           1           0.819
6           2           1.192
6           3           0.829
6           4           1.321
7           1           0.893
7           2           0.853
7           3           1.271
7           4           0.69
8           1           1.379
8           2           0.576
8           3           1.127
8           4           0.838



pc(j, m) - Variable costs of producing one unit of item j on machine m. The production cost is period-independent.


1           1           2.24
1           2           2.089
1           3           6.244
1           4           4.538
2           1           3.145
2           2           1.995
2           3           11.445
2           4           4.93
3           1           2.844
3           2           2.209
3           3           5.19
3           4           2.87
4           1           2.589
4           2           2.537
4           3           5.733
4           4           4.722
5           1           1.932
5           2           2.359
5           3           5.296
5           4           4.035
6           1           3.787
6           2           2.347
6           3           9.248
6           4           5.433
7           1           1.472
7           2           2.123
7           3           7.052
7           4           3.391
8           1           1.407
8           2           1.139
8           3           9.419
8           4           4.927



pe(j, m) - Production emission for producing one unit of item j on machine m. The production emission is period-independent.


1           1           0.378
1           2           0.791
1           3           0.069
1           4           0.313
2           1           0.261
2           2           0.42
2           3           0.237
2           4           0.276
3           1           0.21
3           2           0.442
3           3           0.091
3           4           0.334
4           1           0.437
4           2           0.758
4           3           0.116
4           4           0.492
5           1           0.304
5           2           0.381
5           3           0.169
5           4           0.132
6           1           0.374
6           2           0.743
6           3           0.113
6           4           0.255
7           1           0.668
7           2           0.369
7           3           0.15
7           4           0.12
8           1           0.585
8           2           0.785
8           3           0.075
8           4           0.391



hc(j) - Inventory-holding costs for one unit of item j for one period.


1           0.145
2           0.207
3           0.179
4           0.133
5           0.226
6           0.147
7           0.179
8           0.171



st(j, m) - Setup times for producing a lot of item j on machine m. The setup times are period-independent.


1           1           6.486
1           2           9.509
1           3           13.831
1           4           19.533
2           1           5.722
2           2           9.73
2           3           13.863
2           4           9.759
3           1           5.859
3           2           18.298
3           3           11.395
3           4           5.02
4           1           13.471
4           2           12.026
4           3           9.893
4           4           16.236
5           1           7.663
5           2           16.269
5           3           18.15
5           4           6.112
6           1           13.566
6           2           8.684
6           3           9.258
6           4           14.872
7           1           8.754
7           2           7.811
7           3           10.79
7           4           8.255
8           1           15.221
8           2           6.314
8           3           11.814
8           4           11.68



se(j, m) - Setup emission for producing a lot of item j on machine m. The setup emission are period-independent.


1           1           149.068
1           2           197.124
1           3           14.524
1           4           48.402
2           1           68.718
2           2           185.448
2           3           26.229
2           4           29.032
3           1           47.969
3           2           189.647
3           3           36.231
3           4           40.607
4           1           134.627
4           2           133.475
4           3           31.224
4           4           65.269
5           1           57.636
5           2           51.727
5           3           39.734
5           4           94.748
6           1           129.271
6           2           77.252
6           3           46.319
6           4           56.791
7           1           97.673
7           2           183.059
7           3           34.153
7           4           55.125
8           1           129.987
8           2           168.289
8           3           24.255
8           4           80.864



sc(j, m) - Setup costs for producing a lot of item j on machine m. The setup costs are period-independent.


1           1           11810.089
1           2           8857.567
1           3           35430.267
1           4           17715.133
2           1           18418.4
2           2           13813.8
2           3           55255.2
2           4           27627.6
3           1           13415.453
3           2           10061.59
3           3           40246.36
3           4           20123.18
4           1           11834.044
4           2           8875.533
4           3           35502.133
4           4           17751.067
5           1           20495.689
5           2           15371.767
5           3           61487.067
5           4           30743.533
6           1           12073.6
6           2           9055.2
6           3           36220.8
6           4           18110.4
7           1           15804.507
7           2           11853.38
7           3           47413.52
7           4           23706.76
8           1           16327.08
8           2           12245.31
8           3           48981.24
8           4           24490.62



bc(m) - Fixed investment cost for machine m.


1           317.3332594630721
2           2721.530598616626
3           15556.589297136414
4           8967.194965443965



ca(m, t) - The available capacity of machine m in period t.


1           1           173.96359166666664
1           2           173.96359166666664
1           3           173.96359166666664
1           4           173.96359166666664
1           5           173.96359166666664
1           6           173.96359166666664
2           1           173.96359166666664
2           2           173.96359166666664
2           3           173.96359166666664
2           4           173.96359166666664
2           5           173.96359166666664
2           6           173.96359166666664
3           1           173.96359166666664
3           2           173.96359166666664
3           3           173.96359166666664
3           4           173.96359166666664
3           5           173.96359166666664
3           6           173.96359166666664
4           1           173.96359166666664
4           2           173.96359166666664
4           3           173.96359166666664
4           4           173.96359166666664
4           5           173.96359166666664
4           6           173.96359166666664



em(t) - The limits of carbon emissions in period t.


1           618.2719063888889
2           618.2719063888889
3           618.2719063888889
4           618.2719063888889
5           618.2719063888889
6           618.2719063888889
