Information for the currently-owned machines and the machines that may be purchased: if 1, the machine can be purchased, otherwise currently-owned.


1           0.0
2           0.0
3           1.0
4           0.0



item_machine_arc(j, m) - The relationship arc between item j and machine m, i.e., machine m is capable of producing item j if item_machine_arc(j, m) = 1.


1           1           1.0
1           2           1.0
1           3           1.0
1           4           1.0
2           1           1.0
2           2           1.0
2           3           1.0
2           4           1.0
3           1           0.0
3           2           1.0
3           3           1.0
3           4           1.0
4           1           1.0
4           2           1.0
4           3           0.0
4           4           1.0
5           1           1.0
5           2           1.0
5           3           1.0
5           4           1.0
6           1           0.0
6           2           1.0
6           3           0.0
6           4           0.0
7           1           0.0
7           2           1.0
7           3           0.0
7           4           0.0
8           1           1.0
8           2           1.0
8           3           0.0
8           4           1.0



d(j, t) - Gross demand for item j in period t.


1           1           47
1           2           45
1           3           40
1           4           33
1           5           43
1           6           37
2           1           37
2           2           44
2           3           41
2           4           37
2           5           47
2           6           50
3           1           41
3           2           50
3           3           50
3           4           30
3           5           36
3           6           31
4           1           43
4           2           41
4           3           39
4           4           33
4           5           30
4           6           32
5           1           35
5           2           33
5           3           48
5           4           34
5           5           32
5           6           46
6           1           39
6           2           37
6           3           42
6           4           44
6           5           34
6           6           50
7           1           33
7           2           48
7           3           49
7           4           40
7           5           50
7           6           47
8           1           35
8           2           35
8           3           32
8           4           47
8           5           37
8           6           31



pt(j, m) - Time required to produce one unit of item j on machine m. The production time is period-independent.


1           1           0.995
1           2           1.296
1           3           0.624
1           4           1.273
2           1           1.331
2           2           0.857
2           3           0.786
2           4           0.633
3           1           1.393
3           2           1.462
3           3           0.95
3           4           0.613
4           1           0.855
4           2           1.093
4           3           1.34
4           4           0.745
5           1           0.676
5           2           0.701
5           3           1.202
5           4           1.178
6           1           1.229
6           2           0.965
6           3           0.51
6           4           1.386
7           1           1.441
7           2           0.983
7           3           1.473
7           4           0.877
8           1           0.919
8           2           0.958
8           3           1.026
8           4           0.939



pc(j, m) - Variable costs of producing one unit of item j on machine m. The production cost is period-independent.


1           1           1.687
1           2           1.446
1           3           2.827
1           4           6.083
2           1           2.399
2           2           3.144
2           3           5.405
2           4           11.217
3           1           1.013
3           2           1.652
3           3           5.066
3           4           9.957
4           1           2.92
4           2           1.93
4           3           3.547
4           4           5.517
5           1           2.624
5           2           2.674
5           3           2.562
5           4           5.825
6           1           2.269
6           2           2.679
6           3           4.948
6           4           6.789
7           1           1.023
7           2           1.375
7           3           5.573
7           4           9.473
8           1           2.368
8           2           3.681
8           3           5.927
8           4           11.144



pe(j, m) - Production emission for producing one unit of item j on machine m. The production emission is period-independent.


1           1           0.208
1           2           0.678
1           3           0.262
1           4           0.219
2           1           0.595
2           2           0.288
2           3           0.404
2           4           0.231
3           1           0.384
3           2           0.209
3           3           0.26
3           4           0.188
4           1           0.378
4           2           0.721
4           3           0.46
4           4           0.182
5           1           0.884
5           2           0.679
5           3           0.214
5           4           0.07
6           1           0.683
6           2           0.449
6           3           0.119
6           4           0.147
7           1           0.91
7           2           0.22
7           3           0.196
7           4           0.143
8           1           0.353
8           2           0.178
8           3           0.353
8           4           0.061



hc(j) - Inventory-holding costs for one unit of item j for one period.


1           0.21
2           0.249
3           0.129
4           0.257
5           0.237
6           0.264
7           0.259
8           0.261



st(j, m) - Setup times for producing a lot of item j on machine m. The setup times are period-independent.


1           1           76.148
1           2           92.945
1           3           89.829
1           4           68.828
2           1           51.929
2           2           51.638
2           3           85.26
2           4           47.254
3           1           94.376
3           2           27.942
3           3           91.215
3           4           33.19
4           1           87.508
4           2           60.382
4           3           95.754
4           4           98.179
5           1           29.247
5           2           55.284
5           3           60.047
5           4           35.753
6           1           35.095
6           2           36.168
6           3           27.65
6           4           41.071
7           1           72.989
7           2           93.228
7           3           36.917
7           4           25.06
8           1           83.982
8           2           36.307
8           3           53.805
8           4           77.669



se(j, m) - Setup emission for producing a lot of item j on machine m. The setup emission are period-independent.


1           1           33.399
1           2           29.209
1           3           10.767
1           4           4.986
2           1           22.555
2           2           19.821
2           3           17.062
2           4           9.479
3           1           13.646
3           2           19.035
3           3           13.539
3           4           7.045
4           1           33.866
4           2           20.02
4           3           9.006
4           4           4.911
5           1           39.642
5           2           12.075
5           3           10.826
5           4           3.778
6           1           16.022
6           2           25.204
6           3           18.876
6           4           8.186
7           1           15.066
7           2           17.573
7           3           15.449
7           4           9.886
8           1           13.137
8           2           14.247
8           3           12.186
8           4           9.215



sc(j, m) - Setup costs for producing a lot of item j on machine m. The setup costs are period-independent.


1           1           12005.0
1           2           16006.667
1           3           24010.0
1           4           48020.0
2           1           14873.6
2           2           19831.467
2           3           29747.2
2           4           59494.4
3           1           7163.8
3           2           9551.733
3           3           14327.6
3           4           28655.2
4           1           13072.733
4           2           17430.311
4           3           26145.467
4           4           52290.933
5           1           12608.4
5           2           16811.2
5           3           25216.8
5           4           50433.6
6           1           15153.6
6           2           20204.8
6           3           30307.2
6           4           60614.4
7           1           16135.7
7           2           21514.267
7           3           32271.4
7           4           64542.8
8           1           13215.3
8           2           17620.4
8           3           26430.6
8           4           52861.2



bc(m) - Fixed investment cost for machine m.


1           554.369014303857
2           4572.123641301373
3           9547.73446209049
4           19743.636848799393



ca(m, t) - The available capacity of machine m in period t.


1           1           263.15425370370366
1           2           263.15425370370366
1           3           263.15425370370366
1           4           263.15425370370366
1           5           263.15425370370366
1           6           263.15425370370366
2           1           263.15425370370366
2           2           263.15425370370366
2           3           263.15425370370366
2           4           263.15425370370366
2           5           263.15425370370366
2           6           263.15425370370366
3           1           263.15425370370366
3           2           263.15425370370366
3           3           263.15425370370366
3           4           263.15425370370366
3           5           263.15425370370366
3           6           263.15425370370366
4           1           263.15425370370366
4           2           263.15425370370366
4           3           263.15425370370366
4           4           263.15425370370366
4           5           263.15425370370366
4           6           263.15425370370366



em(t) - The limits of carbon emissions in period t.


1           248.94994444444447
2           248.94994444444447
3           248.94994444444447
4           248.94994444444447
5           248.94994444444447
6           248.94994444444447
