Information for the currently-owned machines and the machines that may be purchased: if 1, the machine can be purchased, otherwise currently-owned.


1           0.0
2           1.0
3           0.0
4           0.0



item_machine_arc(j, m) - The relationship arc between item j and machine m, i.e., machine m is capable of producing item j if item_machine_arc(j, m) = 1.


1           1           1.0
1           2           1.0
1           3           1.0
1           4           1.0
2           1           1.0
2           2           0.0
2           3           1.0
2           4           0.0
3           1           1.0
3           2           1.0
3           3           0.0
3           4           0.0
4           1           1.0
4           2           0.0
4           3           1.0
4           4           0.0
5           1           1.0
5           2           1.0
5           3           1.0
5           4           1.0
6           1           1.0
6           2           0.0
6           3           0.0
6           4           1.0
7           1           1.0
7           2           0.0
7           3           1.0
7           4           1.0
8           1           1.0
8           2           1.0
8           3           1.0
8           4           1.0



d(j, t) - Gross demand for item j in period t.


1           1           44
1           2           44
1           3           34
1           4           42
1           5           32
1           6           35
2           1           48
2           2           39
2           3           44
2           4           30
2           5           45
2           6           49
3           1           47
3           2           40
3           3           44
3           4           43
3           5           48
3           6           37
4           1           38
4           2           37
4           3           37
4           4           43
4           5           46
4           6           30
5           1           45
5           2           47
5           3           31
5           4           45
5           5           32
5           6           35
6           1           44
6           2           33
6           3           38
6           4           33
6           5           47
6           6           48
7           1           46
7           2           47
7           3           36
7           4           46
7           5           38
7           6           48
8           1           42
8           2           41
8           3           39
8           4           35
8           5           46
8           6           49



pt(j, m) - Time required to produce one unit of item j on machine m. The production time is period-independent.


1           1           0.971
1           2           1.043
1           3           1.452
1           4           0.549
2           1           1.302
2           2           0.738
2           3           0.956
2           4           0.533
3           1           1.141
3           2           0.822
3           3           1.173
3           4           0.697
4           1           0.502
4           2           1.436
4           3           1.15
4           4           1.192
5           1           1.303
5           2           0.78
5           3           0.508
5           4           0.789
6           1           1.225
6           2           0.802
6           3           0.595
6           4           1.363
7           1           1.162
7           2           0.7
7           3           1.203
7           4           1.441
8           1           0.598
8           2           1.053
8           3           0.544
8           4           1.062



pc(j, m) - Variable costs of producing one unit of item j on machine m. The production cost is period-independent.


1           1           9.933
1           2           3.05
1           3           2.524
1           4           1.898
2           1           9.432
2           2           4.42
2           3           1.666
2           4           2.755
3           1           9.565
3           2           3.736
3           3           2.281
3           4           1.967
4           1           9.66
4           2           3.406
4           3           1.001
4           4           2.683
5           1           11.474
5           2           2.097
5           3           1.717
5           4           3.496
6           1           8.518
6           2           5.82
6           3           1.7
6           4           3.061
7           1           6.732
7           2           2.067
7           3           2.81
7           4           3.021
8           1           4.68
8           2           4.867
8           3           2.361
8           4           2.377



pe(j, m) - Production emission for producing one unit of item j on machine m. The production emission is period-independent.


1           1           0.182
1           2           0.456
1           3           0.268
1           4           0.695
2           1           0.204
2           2           0.468
2           3           0.475
2           4           0.397
3           1           0.191
3           2           0.109
3           3           0.291
3           4           0.616
4           1           0.189
4           2           0.111
4           3           0.213
4           4           0.519
5           1           0.096
5           2           0.433
5           3           0.549
5           4           0.618
6           1           0.154
6           2           0.362
6           3           0.37
6           4           0.312
7           1           0.209
7           2           0.202
7           3           0.322
7           4           0.337
8           1           0.142
8           2           0.447
8           3           0.33
8           4           0.619



hc(j) - Inventory-holding costs for one unit of item j for one period.


1           0.224
2           0.146
3           0.118
4           0.148
5           0.229
6           0.262
7           0.158
8           0.191



st(j, m) - Setup times for producing a lot of item j on machine m. The setup times are period-independent.


1           1           8.287
1           2           18.016
1           3           13.748
1           4           9.507
2           1           9.23
2           2           19.861
2           3           17.518
2           4           13.933
3           1           19.924
3           2           19.857
3           3           8.775
3           4           13.438
4           1           17.716
4           2           6.469
4           3           13.962
4           4           19.782
5           1           10.075
5           2           9.888
5           3           8.08
5           4           17.733
6           1           12.548
6           2           13.381
6           3           12.403
6           4           18.609
7           1           18.844
7           2           7.418
7           3           11.05
7           4           12.568
8           1           11.53
8           2           11.965
8           3           19.851
8           4           6.779



se(j, m) - Setup emission for producing a lot of item j on machine m. The setup emission are period-independent.


1           1           23.306
1           2           83.289
1           3           96.424
1           4           103.622
2           1           32.625
2           2           42.091
2           3           141.347
2           4           131.889
3           1           36.387
3           2           84.132
3           3           165.466
3           4           124.631
4           1           13.84
4           2           97.2
4           3           126.895
4           4           110.134
5           1           35.132
5           2           98.306
5           3           64.152
5           4           46.969
6           1           12.524
6           2           47.75
6           3           197.912
6           4           121.723
7           1           41.99
7           2           66.024
7           3           126.753
7           4           75.79
8           1           38.262
8           2           61.964
8           3           114.048
8           4           77.063



sc(j, m) - Setup costs for producing a lot of item j on machine m. The setup costs are period-independent.


1           1           53123.84
1           2           26561.92
1           3           13280.96
1           4           17707.947
2           1           38222.8
2           2           19111.4
2           3           9555.7
2           4           12740.933
3           1           31376.987
3           2           15688.493
3           3           7844.247
3           4           10458.996
4           1           35099.68
4           2           17549.84
4           3           8774.92
4           4           11699.893
5           1           55250.067
5           2           27625.033
5           3           13812.517
5           4           18416.689
6           1           65363.76
6           2           32681.88
6           3           16340.94
6           4           21787.92
7           1           42337.68
7           2           21168.84
7           3           10584.42
7           4           14112.56
8           1           49415.52
8           2           24707.76
8           3           12353.88
8           4           16471.84



bc(m) - Fixed investment cost for machine m.


1           19024.110507533576
2           9131.287758832586
3           4082.7268999241683
4           249.85382319254214



ca(m, t) - The available capacity of machine m in period t.


1           1           183.53284444444446
1           2           183.53284444444446
1           3           183.53284444444446
1           4           183.53284444444446
1           5           183.53284444444446
1           6           183.53284444444446
2           1           183.53284444444446
2           2           183.53284444444446
2           3           183.53284444444446
2           4           183.53284444444446
2           5           183.53284444444446
2           6           183.53284444444446
3           1           183.53284444444446
3           2           183.53284444444446
3           3           183.53284444444446
3           4           183.53284444444446
3           5           183.53284444444446
3           6           183.53284444444446
4           1           183.53284444444446
4           2           183.53284444444446
4           3           183.53284444444446
4           4           183.53284444444446
4           5           183.53284444444446
4           6           183.53284444444446



em(t) - The limits of carbon emissions in period t.


1           596.3972116666666
2           596.3972116666666
3           596.3972116666666
4           596.3972116666666
5           596.3972116666666
6           596.3972116666666
