Information for the currently-owned machines and the machines that may be purchased: if 1, the machine can be purchased, otherwise currently-owned.


1           1.0
2           0.0
3           0.0
4           0.0



item_machine_arc(j, m) - The relationship arc between item j and machine m, i.e., machine m is capable of producing item j if item_machine_arc(j, m) = 1.


1           1           1.0
1           2           1.0
1           3           1.0
1           4           1.0
2           1           1.0
2           2           0.0
2           3           0.0
2           4           0.0
3           1           1.0
3           2           1.0
3           3           1.0
3           4           0.0
4           1           1.0
4           2           0.0
4           3           0.0
4           4           0.0
5           1           0.0
5           2           0.0
5           3           1.0
5           4           1.0
6           1           1.0
6           2           1.0
6           3           0.0
6           4           0.0
7           1           1.0
7           2           0.0
7           3           1.0
7           4           0.0
8           1           0.0
8           2           0.0
8           3           1.0
8           4           0.0



d(j, t) - Gross demand for item j in period t.


1           1           43
1           2           34
1           3           35
1           4           49
1           5           46
1           6           38
2           1           37
2           2           32
2           3           50
2           4           43
2           5           43
2           6           45
3           1           50
3           2           38
3           3           45
3           4           38
3           5           42
3           6           33
4           1           44
4           2           34
4           3           45
4           4           34
4           5           47
4           6           49
5           1           48
5           2           34
5           3           35
5           4           40
5           5           30
5           6           50
6           1           44
6           2           37
6           3           44
6           4           46
6           5           36
6           6           42
7           1           48
7           2           33
7           3           44
7           4           50
7           5           43
7           6           33
8           1           44
8           2           34
8           3           44
8           4           41
8           5           43
8           6           37



pt(j, m) - Time required to produce one unit of item j on machine m. The production time is period-independent.


1           1           0.829
1           2           1.28
1           3           0.639
1           4           0.757
2           1           0.625
2           2           0.88
2           3           1.422
2           4           1.474
3           1           1.437
3           2           1.496
3           3           1.179
3           4           0.988
4           1           1.273
4           2           0.864
4           3           1.408
4           4           0.99
5           1           1.167
5           2           0.817
5           3           0.623
5           4           1.164
6           1           0.705
6           2           0.522
6           3           0.947
6           4           0.738
7           1           1.479
7           2           1.186
7           3           0.939
7           4           0.511
8           1           0.974
8           2           0.531
8           3           0.868
8           4           0.715



pc(j, m) - Variable costs of producing one unit of item j on machine m. The production cost is period-independent.


1           1           11.796
1           2           2.433
1           3           2.794
1           4           4.715
2           1           10.533
2           2           2.948
2           3           1.311
2           4           5.798
3           1           8.823
3           2           3.74
3           3           1.349
3           4           3.278
4           1           7.618
4           2           3.215
4           3           2.363
4           4           2.909
5           1           5.685
5           2           2.897
5           3           2.528
5           4           2.025
6           1           8.16
6           2           2.953
6           3           1.552
6           4           4.519
7           1           6.408
7           2           3.757
7           3           1.994
7           4           3.294
8           1           10.549
8           2           3.138
8           3           2.157
8           4           4.329



pe(j, m) - Production emission for producing one unit of item j on machine m. The production emission is period-independent.


1           1           0.818
1           2           1.66
1           3           4.671
1           4           0.735
2           1           0.39
2           2           1.01
2           3           1.096
2           4           1.742
3           1           0.939
3           2           1.367
3           3           3.536
3           4           1.282
4           1           0.474
4           2           3.602
4           3           3.584
4           4           2.483
5           1           0.737
5           2           1.692
5           3           1.74
5           4           1.138
6           1           0.424
6           2           1.218
6           3           2.246
6           4           1.909
7           1           0.941
7           2           1.966
7           3           3.881
7           4           2.224
8           1           0.328
8           2           1.036
8           3           1.253
8           4           1.401



hc(j) - Inventory-holding costs for one unit of item j for one period.


1           0.126
2           0.227
3           0.156
4           0.29
5           0.247
6           0.265
7           0.137
8           0.274



st(j, m) - Setup times for producing a lot of item j on machine m. The setup times are period-independent.


1           1           7.167
1           2           7.551
1           3           10.607
1           4           12.116
2           1           18.932
2           2           6.668
2           3           17.193
2           4           5.307
3           1           16.666
3           2           7.886
3           3           12.117
3           4           16.924
4           1           9.624
4           2           15.743
4           3           14.582
4           4           18.355
5           1           18.416
5           2           8.2
5           3           7.426
5           4           11.324
6           1           17.249
6           2           9.804
6           3           8.619
6           4           17.038
7           1           18.38
7           2           15.501
7           3           9.698
7           4           7.694
8           1           10.054
8           2           19.831
8           3           12.504
8           4           16.806



se(j, m) - Setup emission for producing a lot of item j on machine m. The setup emission are period-independent.


1           1           3.61
1           2           24.979
1           3           24.49
1           4           6.693
2           1           6.113
2           2           21.099
2           3           15.906
2           4           14.248
3           1           2.974
3           2           7.821
3           3           38.846
3           4           7.845
4           1           4.619
4           2           18.514
4           3           36.037
4           4           7.765
5           1           3.736
5           2           16.222
5           3           22.661
5           4           11.486
6           1           4.956
6           2           14.611
6           3           21.369
6           4           16.316
7           1           9.466
7           2           19.487
7           3           24.838
7           4           18.101
8           1           8.999
8           2           27.782
8           3           18.745
8           4           17.131



sc(j, m) - Setup costs for producing a lot of item j on machine m. The setup costs are period-independent.


1           1           28812.0
1           2           9604.0
1           3           7203.0
1           4           14406.0
2           1           52966.667
2           2           17655.556
2           3           13241.667
2           4           26483.333
3           1           35817.6
3           2           11939.2
3           3           8954.4
3           4           17908.8
4           1           68478.667
4           2           22826.222
4           3           17119.667
4           4           34239.333
5           1           54636.4
5           2           18212.133
5           3           13659.1
5           4           27318.2
6           1           61586.0
6           2           20528.667
6           3           15396.5
6           4           30793.0
7           1           32094.533
7           2           10698.178
7           3           8023.633
7           4           16047.267
8           1           62143.2
8           2           20714.4
8           3           15535.8
8           4           31071.6



bc(m) - Fixed investment cost for machine m.


1           6727.625255933449
2           3756.806890069558
3           4854.693664157773
4           2034.7325404820394



ca(m, t) - The available capacity of machine m in period t.


1           1           171.72085
1           2           171.72085
1           3           171.72085
1           4           171.72085
1           5           171.72085
1           6           171.72085
2           1           171.72085
2           2           171.72085
2           3           171.72085
2           4           171.72085
2           5           171.72085
2           6           171.72085
3           1           171.72085
3           2           171.72085
3           3           171.72085
3           4           171.72085
3           5           171.72085
3           6           171.72085
4           1           171.72085
4           2           171.72085
4           3           171.72085
4           4           171.72085
4           5           171.72085
4           6           171.72085



em(t) - The limits of carbon emissions in period t.


1           757.0129233333333
2           757.0129233333333
3           757.0129233333333
4           757.0129233333333
5           757.0129233333333
6           757.0129233333333
