Information for the currently-owned machines and the machines that may be purchased: if 1, the machine can be purchased, otherwise currently-owned.


1           0.0
2           1.0
3           0.0
4           0.0



item_machine_arc(j, m) - The relationship arc between item j and machine m, i.e., machine m is capable of producing item j if item_machine_arc(j, m) = 1.


1           1           1.0
1           2           0.0
1           3           1.0
1           4           0.0
2           1           0.0
2           2           1.0
2           3           0.0
2           4           0.0
3           1           1.0
3           2           1.0
3           3           1.0
3           4           1.0
4           1           1.0
4           2           0.0
4           3           1.0
4           4           1.0
5           1           1.0
5           2           1.0
5           3           1.0
5           4           1.0
6           1           0.0
6           2           1.0
6           3           1.0
6           4           0.0
7           1           1.0
7           2           0.0
7           3           1.0
7           4           0.0
8           1           0.0
8           2           1.0
8           3           1.0
8           4           1.0



d(j, t) - Gross demand for item j in period t.


1           1           48
1           2           35
1           3           36
1           4           31
1           5           39
1           6           47
2           1           49
2           2           41
2           3           37
2           4           50
2           5           41
2           6           40
3           1           37
3           2           49
3           3           31
3           4           33
3           5           41
3           6           37
4           1           43
4           2           32
4           3           32
4           4           40
4           5           40
4           6           42
5           1           37
5           2           34
5           3           30
5           4           33
5           5           32
5           6           31
6           1           38
6           2           38
6           3           43
6           4           38
6           5           43
6           6           33
7           1           47
7           2           48
7           3           37
7           4           36
7           5           42
7           6           41
8           1           48
8           2           42
8           3           31
8           4           31
8           5           38
8           6           33



pt(j, m) - Time required to produce one unit of item j on machine m. The production time is period-independent.


1           1           0.815
1           2           0.696
1           3           0.979
1           4           0.595
2           1           1.204
2           2           1.028
2           3           0.859
2           4           1.382
3           1           0.705
3           2           0.937
3           3           1.353
3           4           0.907
4           1           0.99
4           2           1.339
4           3           0.931
4           4           1.065
5           1           0.529
5           2           0.525
5           3           0.508
5           4           1.264
6           1           0.708
6           2           1.277
6           3           1.105
6           4           1.472
7           1           1.401
7           2           1.226
7           3           0.707
7           4           1.117
8           1           0.622
8           2           0.886
8           3           0.732
8           4           0.776



pc(j, m) - Variable costs of producing one unit of item j on machine m. The production cost is period-independent.


1           1           1.214
1           2           3.875
1           3           11.435
1           4           2.189
2           1           1.777
2           2           2.118
2           3           6.972
2           4           3.706
3           1           1.203
3           2           5.587
3           3           11.957
3           4           3.161
4           1           1.7
4           2           5.918
4           3           8.604
4           4           3.856
5           1           1.211
5           2           5.902
5           3           5.851
5           4           3.886
6           1           1.362
6           2           5.561
6           3           7.463
6           4           3.645
7           1           2.522
7           2           4.305
7           3           4.099
7           4           3.439
8           1           2.084
8           2           5.773
8           3           5.01
8           4           2.149



pe(j, m) - Production emission for producing one unit of item j on machine m. The production emission is period-independent.


1           1           0.382
1           2           0.167
1           3           0.185
1           4           0.616
2           1           0.949
2           2           0.441
2           3           0.18
2           4           0.218
3           1           0.819
3           2           0.12
3           3           0.092
3           4           0.582
4           1           0.879
4           2           0.163
4           3           0.106
4           4           0.365
5           1           0.899
5           2           0.455
5           3           0.13
5           4           0.25
6           1           0.692
6           2           0.428
6           3           0.07
6           4           0.297
7           1           0.24
7           2           0.288
7           3           0.169
7           4           0.559
8           1           0.609
8           2           0.489
8           3           0.09
8           4           0.355



hc(j) - Inventory-holding costs for one unit of item j for one period.


1           0.132
2           0.294
3           0.245
4           0.145
5           0.205
6           0.26
7           0.226
8           0.283



st(j, m) - Setup times for producing a lot of item j on machine m. The setup times are period-independent.


1           1           82.399
1           2           82.753
1           3           41.095
1           4           70.884
2           1           94.293
2           2           34.42
2           3           96.04
2           4           61.038
3           1           47.728
3           2           86.863
3           3           63.42
3           4           87.311
4           1           74.747
4           2           69.266
4           3           53.582
4           4           26.734
5           1           32.156
5           2           79.044
5           3           26.37
5           4           72.22
6           1           69.511
6           2           84.56
6           3           58.986
6           4           86.725
7           1           52.032
7           2           66.194
7           3           76.52
7           4           90.019
8           1           55.637
8           2           53.734
8           3           66.208
8           4           44.73



se(j, m) - Setup emission for producing a lot of item j on machine m. The setup emission are period-independent.


1           1           103.59
1           2           78.787
1           3           27.06
1           4           38.743
2           1           91.035
2           2           91.908
2           3           37.68
2           4           102.321
3           1           118.303
3           2           47.859
3           3           37.141
3           4           46.432
4           1           146.094
4           2           68.298
4           3           29.589
4           4           86.475
5           1           68.683
5           2           57.562
5           3           31.434
5           4           122.364
6           1           106.728
6           2           45.545
6           3           34.934
6           4           82.32
7           1           50.566
7           2           84.559
7           3           47.011
7           4           81.724
8           1           78.85
8           2           59.72
8           3           16.891
8           4           41.77



sc(j, m) - Setup costs for producing a lot of item j on machine m. The setup costs are period-independent.


1           1           7268.8
1           2           14537.6
1           3           29075.2
1           4           9691.733
2           1           17698.8
2           2           35397.6
2           3           70795.2
2           4           23598.4
3           1           13034.0
3           2           26068.0
3           3           52136.0
3           4           17378.667
4           1           7747.833
4           2           15495.667
4           3           30991.333
4           4           10330.444
5           1           9423.167
5           2           18846.333
5           3           37692.667
5           4           12564.222
6           1           14135.333
6           2           28270.667
6           3           56541.333
6           4           18847.111
7           1           13236.067
7           2           26472.133
7           3           52944.267
7           4           17648.089
8           1           14725.433
8           2           29450.867
8           3           58901.733
8           4           19633.911



bc(m) - Fixed investment cost for machine m.


1           1230.2984706512543
2           9757.26203768303
3           8333.430176230095
4           5847.380915987932



ca(m, t) - The available capacity of machine m in period t.


1           1           271.5678635185185
1           2           271.5678635185185
1           3           271.5678635185185
1           4           271.5678635185185
1           5           271.5678635185185
1           6           271.5678635185185
2           1           271.5678635185185
2           2           271.5678635185185
2           3           271.5678635185185
2           4           271.5678635185185
2           5           271.5678635185185
2           6           271.5678635185185
3           1           271.5678635185185
3           2           271.5678635185185
3           3           271.5678635185185
3           4           271.5678635185185
3           5           271.5678635185185
3           6           271.5678635185185
4           1           271.5678635185185
4           2           271.5678635185185
4           3           271.5678635185185
4           4           271.5678635185185
4           5           271.5678635185185
4           6           271.5678635185185



em(t) - The limits of carbon emissions in period t.


1           553.5026505555555
2           553.5026505555555
3           553.5026505555555
4           553.5026505555555
5           553.5026505555555
6           553.5026505555555
