Information for the currently-owned machines and the machines that may be purchased: if 1, the machine can be purchased, otherwise currently-owned.


1           0.0
2           0.0
3           0.0
4           1.0



item_machine_arc(j, m) - The relationship arc between item j and machine m, i.e., machine m is capable of producing item j if item_machine_arc(j, m) = 1.


1           1           1.0
1           2           0.0
1           3           1.0
1           4           0.0
2           1           0.0
2           2           0.0
2           3           0.0
2           4           1.0
3           1           0.0
3           2           1.0
3           3           1.0
3           4           0.0
4           1           1.0
4           2           0.0
4           3           1.0
4           4           1.0
5           1           0.0
5           2           1.0
5           3           0.0
5           4           0.0
6           1           0.0
6           2           1.0
6           3           0.0
6           4           0.0
7           1           1.0
7           2           0.0
7           3           1.0
7           4           0.0
8           1           0.0
8           2           1.0
8           3           0.0
8           4           0.0



d(j, t) - Gross demand for item j in period t.


1           1           36
1           2           38
1           3           30
1           4           33
1           5           47
1           6           39
2           1           35
2           2           46
2           3           36
2           4           42
2           5           42
2           6           48
3           1           43
3           2           37
3           3           42
3           4           38
3           5           50
3           6           45
4           1           45
4           2           39
4           3           32
4           4           46
4           5           42
4           6           36
5           1           44
5           2           47
5           3           36
5           4           45
5           5           39
5           6           48
6           1           39
6           2           35
6           3           49
6           4           43
6           5           31
6           6           49
7           1           47
7           2           30
7           3           49
7           4           32
7           5           50
7           6           32
8           1           45
8           2           33
8           3           39
8           4           36
8           5           44
8           6           33



pt(j, m) - Time required to produce one unit of item j on machine m. The production time is period-independent.


1           1           1.171
1           2           0.553
1           3           0.551
1           4           0.944
2           1           1.314
2           2           1.067
2           3           0.545
2           4           1.374
3           1           1.184
3           2           1.408
3           3           0.857
3           4           0.605
4           1           1.331
4           2           1.312
4           3           1.485
4           4           1.129
5           1           1.199
5           2           1.174
5           3           1.01
5           4           0.645
6           1           1.044
6           2           1.275
6           3           0.627
6           4           0.692
7           1           1.309
7           2           1.345
7           3           0.981
7           4           1.094
8           1           1.465
8           2           0.96
8           3           1.379
8           4           0.867



pc(j, m) - Variable costs of producing one unit of item j on machine m. The production cost is period-independent.


1           1           3.224
1           2           5.077
1           3           4.399
1           4           1.665
2           1           2.076
2           2           9.426
2           3           4.609
2           4           1.848
3           1           2.18
3           2           4.05
3           3           4.196
3           4           2.073
4           1           2.02
4           2           10.771
4           3           5.779
4           4           1.952
5           1           1.903
5           2           8.184
5           3           2.529
5           4           1.052
6           1           3.907
6           2           9.515
6           3           3.513
6           4           1.186
7           1           3.155
7           2           11.209
7           3           3.726
7           4           2.814
8           1           2.225
8           2           5.762
8           3           4.26
8           4           2.406



pe(j, m) - Production emission for producing one unit of item j on machine m. The production emission is period-independent.


1           1           0.538
1           2           0.083
1           3           0.373
1           4           0.406
2           1           0.639
2           2           0.226
2           3           0.455
2           4           0.667
3           1           0.195
3           2           0.221
3           3           0.376
3           4           0.603
4           1           0.673
4           2           0.209
4           3           0.329
4           4           0.803
5           1           0.375
5           2           0.051
5           3           0.353
5           4           0.885
6           1           0.27
6           2           0.175
6           3           0.383
6           4           0.793
7           1           0.419
7           2           0.241
7           3           0.224
7           4           0.85
8           1           0.151
8           2           0.212
8           3           0.25
8           4           0.217



hc(j) - Inventory-holding costs for one unit of item j for one period.


1           0.246
2           0.206
3           0.277
4           0.228
5           0.292
6           0.196
7           0.295
8           0.284



st(j, m) - Setup times for producing a lot of item j on machine m. The setup times are period-independent.


1           1           8.712
1           2           7.395
1           3           15.748
1           4           18.825
2           1           9.699
2           2           17.996
2           3           10.802
2           4           15.987
3           1           11.17
3           2           13.978
3           3           8.91
3           4           13.308
4           1           15.309
4           2           19.428
4           3           16.698
4           4           17.177
5           1           19.632
5           2           14.886
5           3           8.258
5           4           16.002
6           1           12.801
6           2           7.133
6           3           18.294
6           4           6.744
7           1           9.958
7           2           15.893
7           3           5.129
7           4           7.502
8           1           6.394
8           2           9.62
8           3           6.063
8           4           6.799



se(j, m) - Setup emission for producing a lot of item j on machine m. The setup emission are period-independent.


1           1           13.393
1           2           7.231
1           3           14.436
1           4           14.497
2           1           10.053
2           2           9.289
2           3           7.19
2           4           24.142
3           1           20.084
3           2           4.7
3           3           13.749
3           4           27.319
4           1           21.252
4           2           9.686
4           3           6.263
4           4           21.02
5           1           20.899
5           2           4.08
5           3           11.047
5           4           15.168
6           1           14.515
6           2           8.538
6           3           9.583
6           4           21.716
7           1           22.07
7           2           4.599
7           3           9.978
7           4           12.3
8           1           26.089
8           2           5.786
8           3           11.587
8           4           39.5



sc(j, m) - Setup costs for producing a lot of item j on machine m. The setup costs are period-independent.


1           1           18773.627
1           2           56320.88
1           3           28160.44
1           4           14080.22
2           1           17553.947
2           2           52661.84
2           3           26330.92
2           4           13165.46
3           1           24172.867
3           2           72518.6
3           3           36259.3
3           4           18129.65
4           1           18726.4
4           2           56179.2
4           3           28089.6
4           4           14044.8
5           1           25881.582
5           2           77644.747
5           3           38822.373
5           4           19411.187
6           1           16500.587
6           2           49501.76
6           3           24750.88
6           4           12375.44
7           1           24229.333
7           2           72688.0
7           3           36344.0
7           4           18172.0
8           1           22353.956
8           2           67061.867
8           3           33530.933
8           4           16765.467



bc(m) - Fixed investment cost for machine m.


1           4986.832312806409
2           14260.192818577945
3           8153.362237077347
4           1545.0900969070185



ca(m, t) - The available capacity of machine m in period t.


1           1           217.10124333333337
1           2           217.10124333333337
1           3           217.10124333333337
1           4           217.10124333333337
1           5           217.10124333333337
1           6           217.10124333333337
2           1           217.10124333333337
2           2           217.10124333333337
2           3           217.10124333333337
2           4           217.10124333333337
2           5           217.10124333333337
2           6           217.10124333333337
3           1           217.10124333333337
3           2           217.10124333333337
3           3           217.10124333333337
3           4           217.10124333333337
3           5           217.10124333333337
3           6           217.10124333333337
4           1           217.10124333333337
4           2           217.10124333333337
4           3           217.10124333333337
4           4           217.10124333333337
4           5           217.10124333333337
4           6           217.10124333333337



em(t) - The limits of carbon emissions in period t.


1           224.93753333333328
2           224.93753333333328
3           224.93753333333328
4           224.93753333333328
5           224.93753333333328
6           224.93753333333328
