Information for the currently-owned machines and the machines that may be purchased: if 1, the machine can be purchased, otherwise currently-owned.


1           1.0
2           0.0
3           0.0
4           0.0



item_machine_arc(j, m) - The relationship arc between item j and machine m, i.e., machine m is capable of producing item j if item_machine_arc(j, m) = 1.


1           1           1.0
1           2           1.0
1           3           0.0
1           4           0.0
2           1           1.0
2           2           1.0
2           3           1.0
2           4           1.0
3           1           1.0
3           2           1.0
3           3           1.0
3           4           1.0
4           1           1.0
4           2           1.0
4           3           0.0
4           4           1.0
5           1           1.0
5           2           1.0
5           3           0.0
5           4           0.0
6           1           0.0
6           2           0.0
6           3           0.0
6           4           1.0
7           1           1.0
7           2           1.0
7           3           1.0
7           4           1.0
8           1           1.0
8           2           1.0
8           3           0.0
8           4           0.0



d(j, t) - Gross demand for item j in period t.


1           1           50
1           2           33
1           3           43
1           4           50
1           5           42
1           6           46
2           1           42
2           2           43
2           3           48
2           4           49
2           5           50
2           6           42
3           1           31
3           2           36
3           3           43
3           4           32
3           5           47
3           6           42
4           1           30
4           2           41
4           3           34
4           4           50
4           5           40
4           6           41
5           1           30
5           2           49
5           3           41
5           4           49
5           5           31
5           6           42
6           1           36
6           2           48
6           3           42
6           4           42
6           5           49
6           6           34
7           1           44
7           2           39
7           3           41
7           4           45
7           5           44
7           6           32
8           1           42
8           2           46
8           3           49
8           4           42
8           5           36
8           6           35



pt(j, m) - Time required to produce one unit of item j on machine m. The production time is period-independent.


1           1           1.096
1           2           1.043
1           3           1.407
1           4           1.35
2           1           1.112
2           2           1.328
2           3           1.142
2           4           1.306
3           1           0.977
3           2           1.476
3           3           0.626
3           4           0.783
4           1           1.436
4           2           1.38
4           3           0.725
4           4           1.484
5           1           1.246
5           2           1.17
5           3           0.889
5           4           1.334
6           1           1.183
6           2           0.945
6           3           0.715
6           4           0.841
7           1           0.673
7           2           0.592
7           3           0.853
7           4           1.371
8           1           0.947
8           2           1.494
8           3           1.383
8           4           1.111



pc(j, m) - Variable costs of producing one unit of item j on machine m. The production cost is period-independent.


1           1           3.157
1           2           1.321
1           3           3.325
1           4           11.81
2           1           3.902
2           2           1.254
2           3           2.348
2           4           11.581
3           1           2.375
3           2           2.301
3           3           3.796
3           4           5.378
4           1           5.167
4           2           2.582
4           3           2.605
4           4           4.145
5           1           5.486
5           2           1.114
5           3           3.708
5           4           6.141
6           1           5.709
6           2           2.814
6           3           2.872
6           4           6.803
7           1           5.33
7           2           2.988
7           3           1.808
7           4           10.528
8           1           5.276
8           2           1.048
8           3           2.162
8           4           7.019



pe(j, m) - Production emission for producing one unit of item j on machine m. The production emission is period-independent.


1           1           0.135
1           2           0.66
1           3           0.651
1           4           0.137
2           1           0.446
2           2           0.848
2           3           0.418
2           4           0.07
3           1           0.423
3           2           0.44
3           3           0.51
3           4           0.094
4           1           0.397
4           2           0.808
4           3           0.41
4           4           0.225
5           1           0.297
5           2           0.369
5           3           0.722
5           4           0.184
6           1           0.115
6           2           0.821
6           3           0.398
6           4           0.242
7           1           0.193
7           2           0.338
7           3           0.659
7           4           0.219
8           1           0.151
8           2           0.527
8           3           0.719
8           4           0.097



hc(j) - Inventory-holding costs for one unit of item j for one period.


1           0.119
2           0.277
3           0.268
4           0.134
5           0.142
6           0.143
7           0.288
8           0.158



st(j, m) - Setup times for producing a lot of item j on machine m. The setup times are period-independent.


1           1           18.246
1           2           17.898
1           3           9.748
1           4           11.162
2           1           16.503
2           2           19.992
2           3           14.156
2           4           8.979
3           1           19.164
3           2           17.581
3           3           6.995
3           4           18.908
4           1           18.558
4           2           6.887
4           3           10.695
4           4           9.46
5           1           14.536
5           2           19.844
5           3           16.212
5           4           19.282
6           1           8.748
6           2           17.744
6           3           10.274
6           4           12.091
7           1           16.524
7           2           7.606
7           3           9.726
7           4           7.255
8           1           15.902
8           2           19.727
8           3           5.204
8           4           12.393



se(j, m) - Setup emission for producing a lot of item j on machine m. The setup emission are period-independent.


1           1           15.178
1           2           23.415
1           3           12.354
1           4           4.144
2           1           13.298
2           2           37.687
2           3           24.328
2           4           5.004
3           1           17.026
3           2           14.642
3           3           16.967
3           4           6.555
4           1           5.024
4           2           25.347
4           3           24.988
4           4           4.962
5           1           17.8
5           2           37.226
5           3           20.989
5           4           5.381
6           1           7.557
6           2           26.284
6           3           29.705
6           4           7.08
7           1           11.952
7           2           10.053
7           3           18.267
7           4           6.346
8           1           6.212
8           2           31.522
8           3           14.967
8           4           4.829



sc(j, m) - Setup costs for producing a lot of item j on machine m. The setup costs are period-independent.


1           1           16126.88
1           2           8063.44
1           3           10751.253
1           4           32253.76
2           1           38960.973
2           2           19480.487
2           3           25973.982
2           4           77921.947
3           1           31779.44
3           2           15889.72
3           3           21186.293
3           4           63558.88
4           1           16233.653
4           2           8116.827
4           3           10822.436
4           4           32467.307
5           1           17640.187
5           2           8820.093
5           3           11760.124
5           4           35280.373
6           1           18425.073
6           2           9212.537
6           3           12283.382
6           4           36850.147
7           1           36220.8
7           2           18110.4
7           3           24147.2
7           4           72441.6
8           1           20276.667
8           2           10138.333
8           3           13517.778
8           4           40553.333



bc(m) - Fixed investment cost for machine m.


1           9622.143758708156
2           4828.310348991502
3           2142.1947022034337
4           6043.655710705447



ca(m, t) - The available capacity of machine m in period t.


1           1           198.61921851851847
1           2           198.61921851851847
1           3           198.61921851851847
1           4           198.61921851851847
1           5           198.61921851851847
1           6           198.61921851851847
2           1           198.61921851851847
2           2           198.61921851851847
2           3           198.61921851851847
2           4           198.61921851851847
2           5           198.61921851851847
2           6           198.61921851851847
3           1           198.61921851851847
3           2           198.61921851851847
3           3           198.61921851851847
3           4           198.61921851851847
3           5           198.61921851851847
3           6           198.61921851851847
4           1           198.61921851851847
4           2           198.61921851851847
4           3           198.61921851851847
4           4           198.61921851851847
4           5           198.61921851851847
4           6           198.61921851851847



em(t) - The limits of carbon emissions in period t.


1           262.9188527777778
2           262.9188527777778
3           262.9188527777778
4           262.9188527777778
5           262.9188527777778
6           262.9188527777778
