Information for the currently-owned machines and the machines that may be purchased: if 1, the machine can be purchased, otherwise currently-owned.


1           0.0
2           0.0
3           1.0
4           0.0



item_machine_arc(j, m) - The relationship arc between item j and machine m, i.e., machine m is capable of producing item j if item_machine_arc(j, m) = 1.


1           1           0.0
1           2           1.0
1           3           1.0
1           4           0.0
2           1           0.0
2           2           1.0
2           3           1.0
2           4           0.0
3           1           1.0
3           2           0.0
3           3           0.0
3           4           1.0
4           1           1.0
4           2           1.0
4           3           1.0
4           4           1.0
5           1           0.0
5           2           0.0
5           3           1.0
5           4           1.0
6           1           0.0
6           2           0.0
6           3           1.0
6           4           1.0
7           1           0.0
7           2           1.0
7           3           0.0
7           4           1.0
8           1           1.0
8           2           0.0
8           3           1.0
8           4           0.0



d(j, t) - Gross demand for item j in period t.


1           1           42
1           2           37
1           3           39
1           4           40
1           5           41
1           6           48
2           1           41
2           2           31
2           3           43
2           4           44
2           5           37
2           6           33
3           1           42
3           2           37
3           3           44
3           4           48
3           5           49
3           6           33
4           1           40
4           2           36
4           3           34
4           4           50
4           5           41
4           6           35
5           1           39
5           2           32
5           3           30
5           4           33
5           5           48
5           6           43
6           1           50
6           2           40
6           3           50
6           4           33
6           5           47
6           6           50
7           1           39
7           2           46
7           3           32
7           4           33
7           5           42
7           6           41
8           1           30
8           2           46
8           3           43
8           4           38
8           5           45
8           6           38



pt(j, m) - Time required to produce one unit of item j on machine m. The production time is period-independent.


1           1           1.145
1           2           0.945
1           3           0.963
1           4           0.713
2           1           1.334
2           2           1.013
2           3           0.963
2           4           0.574
3           1           0.727
3           2           0.949
3           3           0.622
3           4           0.817
4           1           1.066
4           2           0.882
4           3           1.423
4           4           1.098
5           1           1.41
5           2           0.629
5           3           0.611
5           4           0.979
6           1           0.755
6           2           1.095
6           3           0.825
6           4           1.206
7           1           1.113
7           2           0.884
7           3           1.034
7           4           1.332
8           1           0.787
8           2           0.626
8           3           1.189
8           4           1.036



pc(j, m) - Variable costs of producing one unit of item j on machine m. The production cost is period-independent.


1           1           6.736
1           2           1.943
1           3           3.643
1           4           4.904
2           1           10.369
2           2           2.344
2           3           2.717
2           4           2.773
3           1           5.901
3           2           1.457
3           3           2.851
3           4           4.714
4           1           6.598
4           2           2.219
4           3           2.582
4           4           5.649
5           1           10.049
5           2           1.8
5           3           1.57
5           4           5.494
6           1           8.452
6           2           1.261
6           3           2.587
6           4           3.017
7           1           8.143
7           2           1.585
7           3           2.806
7           4           3.985
8           1           5.152
8           2           2.23
8           3           3.046
8           4           4.435



pe(j, m) - Production emission for producing one unit of item j on machine m. The production emission is period-independent.


1           1           0.081
1           2           0.878
1           3           0.297
1           4           0.184
2           1           0.085
2           2           0.363
2           3           0.19
2           4           0.135
3           1           0.052
3           2           0.52
3           3           0.566
3           4           0.373
4           1           0.076
4           2           0.286
4           3           0.454
4           4           0.172
5           1           0.112
5           2           0.331
5           3           0.487
5           4           0.371
6           1           0.168
6           2           0.683
6           3           0.518
6           4           0.393
7           1           0.053
7           2           0.373
7           3           0.403
7           4           0.368
8           1           0.177
8           2           0.513
8           3           0.524
8           4           0.13



hc(j) - Inventory-holding costs for one unit of item j for one period.


1           0.242
2           0.129
3           0.289
4           0.254
5           0.153
6           0.167
7           0.281
8           0.111



st(j, m) - Setup times for producing a lot of item j on machine m. The setup times are period-independent.


1           1           7.887
1           2           14.351
1           3           11.954
1           4           15.994
2           1           19.356
2           2           8.325
2           3           5.47
2           4           18.115
3           1           15.182
3           2           12.806
3           3           16.683
3           4           9.439
4           1           13.897
4           2           8.004
4           3           5.44
4           4           15.916
5           1           11.536
5           2           16.624
5           3           10.923
5           4           12.744
6           1           8.952
6           2           12.927
6           3           12.177
6           4           6.5
7           1           7.917
7           2           7.116
7           3           11.671
7           4           13.997
8           1           6.275
8           2           17.714
8           3           6.107
8           4           7.019



se(j, m) - Setup emission for producing a lot of item j on machine m. The setup emission are period-independent.


1           1           7.046
1           2           36.223
1           3           26.66
1           4           18.288
2           1           3.47
2           2           13.136
2           3           12.966
2           4           5.572
3           1           9.155
3           2           23.061
3           3           11.428
3           4           5.696
4           1           7.443
4           2           39.503
4           3           13.129
4           4           15.158
5           1           6.6
5           2           19.921
5           3           26.159
5           4           12.942
6           1           2.543
6           2           39.138
6           3           12.317
6           4           12.29
7           1           7.701
7           2           16.943
7           3           17.632
7           4           14.424
8           1           8.649
8           2           26.313
8           3           9.514
8           4           7.197



sc(j, m) - Setup costs for producing a lot of item j on machine m. The setup costs are period-independent.


1           1           61367.973
1           2           15341.993
1           3           20455.991
1           4           30683.987
2           1           30328.76
2           2           7582.19
2           3           10109.587
2           4           15164.38
3           1           75066.787
3           2           18766.697
3           3           25022.262
3           4           37533.393
4           1           61542.507
4           2           15385.627
4           3           20514.169
4           4           30771.253
5           1           35343.0
5           2           8835.75
5           3           11781.0
5           4           17671.5
6           1           46292.4
6           2           11573.1
6           3           15430.8
6           4           23146.2
7           1           67218.947
7           2           16804.737
7           3           22406.316
7           4           33609.473
8           1           27350.4
8           2           6837.6
8           3           9116.8
8           4           13675.2



bc(m) - Fixed investment cost for machine m.


1           15208.999840455537
2           3918.6467062973816
3           3498.8162132412135
4           3657.574508047322



ca(m, t) - The available capacity of machine m in period t.


1           1           180.73643194444446
1           2           180.73643194444446
1           3           180.73643194444446
1           4           180.73643194444446
1           5           180.73643194444446
1           6           180.73643194444446
2           1           180.73643194444446
2           2           180.73643194444446
2           3           180.73643194444446
2           4           180.73643194444446
2           5           180.73643194444446
2           6           180.73643194444446
3           1           180.73643194444446
3           2           180.73643194444446
3           3           180.73643194444446
3           4           180.73643194444446
3           5           180.73643194444446
3           6           180.73643194444446
4           1           180.73643194444446
4           2           180.73643194444446
4           3           180.73643194444446
4           4           180.73643194444446
4           5           180.73643194444446
4           6           180.73643194444446



em(t) - The limits of carbon emissions in period t.


1           254.91147500000002
2           254.91147500000002
3           254.91147500000002
4           254.91147500000002
5           254.91147500000002
6           254.91147500000002
