Information for the currently-owned machines and the machines that may be purchased: if 1, the machine can be purchased, otherwise currently-owned.


1           1.0
2           0.0
3           0.0
4           0.0



item_machine_arc(j, m) - The relationship arc between item j and machine m, i.e., machine m is capable of producing item j if item_machine_arc(j, m) = 1.


1           1           1.0
1           2           1.0
1           3           0.0
1           4           1.0
2           1           1.0
2           2           0.0
2           3           0.0
2           4           0.0
3           1           1.0
3           2           0.0
3           3           0.0
3           4           1.0
4           1           0.0
4           2           0.0
4           3           0.0
4           4           1.0
5           1           1.0
5           2           0.0
5           3           0.0
5           4           1.0
6           1           0.0
6           2           0.0
6           3           1.0
6           4           0.0
7           1           1.0
7           2           1.0
7           3           1.0
7           4           1.0
8           1           0.0
8           2           1.0
8           3           1.0
8           4           0.0



d(j, t) - Gross demand for item j in period t.


1           1           38
1           2           45
1           3           49
1           4           35
1           5           44
1           6           31
2           1           50
2           2           33
2           3           37
2           4           46
2           5           46
2           6           49
3           1           35
3           2           48
3           3           45
3           4           33
3           5           41
3           6           40
4           1           37
4           2           46
4           3           31
4           4           41
4           5           37
4           6           47
5           1           45
5           2           43
5           3           44
5           4           31
5           5           40
5           6           37
6           1           44
6           2           35
6           3           48
6           4           40
6           5           31
6           6           30
7           1           37
7           2           48
7           3           41
7           4           43
7           5           49
7           6           40
8           1           33
8           2           36
8           3           44
8           4           39
8           5           32
8           6           31



pt(j, m) - Time required to produce one unit of item j on machine m. The production time is period-independent.


1           1           0.657
1           2           0.655
1           3           0.542
1           4           0.88
2           1           1.29
2           2           0.625
2           3           1.064
2           4           1.038
3           1           0.901
3           2           1.265
3           3           1.03
3           4           0.689
4           1           0.967
4           2           0.975
4           3           0.987
4           4           1.096
5           1           0.574
5           2           1.006
5           3           1.189
5           4           0.516
6           1           1.056
6           2           1.102
6           3           1.447
6           4           0.535
7           1           0.511
7           2           0.774
7           3           0.646
7           4           1.232
8           1           1.346
8           2           0.721
8           3           1.332
8           4           0.621



pc(j, m) - Variable costs of producing one unit of item j on machine m. The production cost is period-independent.


1           1           5.069
1           2           1.538
1           3           6.664
1           4           1.432
2           1           4.261
2           2           1.465
2           3           11.678
2           4           1.739
3           1           3.268
3           2           1.65
3           3           10.583
3           4           3.764
4           1           5.631
4           2           1.946
4           3           4.781
4           4           3.796
5           1           4.464
5           2           1.372
5           3           10.661
5           4           3.728
6           1           4.613
6           2           1.981
6           3           5.461
6           4           2.809
7           1           5.804
7           2           1.324
7           3           11.056
7           4           1.591
8           1           2.434
8           2           2.942
8           3           11.603
8           4           2.35



pe(j, m) - Production emission for producing one unit of item j on machine m. The production emission is period-independent.


1           1           0.153
1           2           0.266
1           3           0.108
1           4           0.435
2           1           0.138
2           2           0.248
2           3           0.093
2           4           0.364
3           1           0.48
3           2           0.918
3           3           0.235
3           4           0.285
4           1           0.417
4           2           0.553
4           3           0.221
4           4           0.429
5           1           0.102
5           2           0.588
5           3           0.198
5           4           0.543
6           1           0.366
6           2           0.626
6           3           0.136
6           4           0.353
7           1           0.238
7           2           0.301
7           3           0.076
7           4           0.249
8           1           0.485
8           2           0.384
8           3           0.199
8           4           0.705



hc(j) - Inventory-holding costs for one unit of item j for one period.


1           0.187
2           0.118
3           0.166
4           0.213
5           0.283
6           0.197
7           0.122
8           0.159



st(j, m) - Setup times for producing a lot of item j on machine m. The setup times are period-independent.


1           1           6.961
1           2           5.885
1           3           7.307
1           4           15.505
2           1           16.182
2           2           15.81
2           3           11.789
2           4           15.993
3           1           14.695
3           2           15.461
3           3           19.099
3           4           13.103
4           1           16.143
4           2           6.405
4           3           12.751
4           4           6.499
5           1           16.598
5           2           5.642
5           3           10.191
5           4           11.882
6           1           10.929
6           2           10.909
6           3           17.529
6           4           8.777
7           1           15.586
7           2           9.467
7           3           19.47
7           4           17.711
8           1           5.331
8           2           9.487
8           3           18.638
8           4           13.161



se(j, m) - Setup emission for producing a lot of item j on machine m. The setup emission are period-independent.


1           1           19.182
1           2           39.421
1           3           6.725
1           4           21.804
2           1           5.725
2           2           39.598
2           3           7.515
2           4           11.945
3           1           10.162
3           2           39.254
3           3           8.982
3           4           21.985
4           1           16.029
4           2           33.986
4           3           7.847
4           4           9.933
5           1           18.664
5           2           25.973
5           3           9.83
5           4           20.565
6           1           6.136
6           2           24.36
6           3           9.273
6           4           29.702
7           1           8.348
7           2           25.982
7           3           4.692
7           4           22.719
8           1           7.542
8           2           24.978
8           3           8.238
8           4           28.693



sc(j, m) - Setup costs for producing a lot of item j on machine m. The setup costs are period-independent.


1           1           21118.533
1           2           10559.267
1           3           42237.067
1           4           14079.022
2           1           14372.4
2           2           7186.2
2           3           28744.8
2           4           9581.6
3           1           18746.933
3           2           9373.467
3           3           37493.867
3           4           12497.956
4           1           23756.6
4           2           11878.3
4           3           47513.2
4           4           15837.733
5           1           31696.0
5           2           15848.0
5           3           63392.0
5           4           21130.667
6           1           20960.8
6           2           10480.4
6           3           41921.6
6           4           13973.867
7           1           14688.8
7           2           7344.4
7           3           29377.6
7           4           9792.533
8           1           15953.0
8           2           7976.5
8           3           31906.0
8           4           10635.333



bc(m) - Fixed investment cost for machine m.


1           5049.416303684393
2           245.88350712646644
3           3587.7421736938577
4           2773.8568747152112



ca(m, t) - The available capacity of machine m in period t.


1           1           169.20814814814815
1           2           169.20814814814815
1           3           169.20814814814815
1           4           169.20814814814815
1           5           169.20814814814815
1           6           169.20814814814815
2           1           169.20814814814815
2           2           169.20814814814815
2           3           169.20814814814815
2           4           169.20814814814815
2           5           169.20814814814815
2           6           169.20814814814815
3           1           169.20814814814815
3           2           169.20814814814815
3           3           169.20814814814815
3           4           169.20814814814815
3           5           169.20814814814815
3           6           169.20814814814815
4           1           169.20814814814815
4           2           169.20814814814815
4           3           169.20814814814815
4           4           169.20814814814815
4           5           169.20814814814815
4           6           169.20814814814815



em(t) - The limits of carbon emissions in period t.


1           227.2027663888889
2           227.2027663888889
3           227.2027663888889
4           227.2027663888889
5           227.2027663888889
6           227.2027663888889
