Information for the currently-owned machines and the machines that may be purchased: if 1, the machine can be purchased, otherwise currently-owned.


1           1.0
2           0.0
3           0.0
4           0.0



item_machine_arc(j, m) - The relationship arc between item j and machine m, i.e., machine m is capable of producing item j if item_machine_arc(j, m) = 1.


1           1           1.0
1           2           1.0
1           3           1.0
1           4           1.0
2           1           1.0
2           2           1.0
2           3           1.0
2           4           1.0
3           1           0.0
3           2           1.0
3           3           0.0
3           4           0.0
4           1           1.0
4           2           0.0
4           3           0.0
4           4           0.0
5           1           0.0
5           2           0.0
5           3           1.0
5           4           0.0
6           1           1.0
6           2           0.0
6           3           1.0
6           4           1.0
7           1           1.0
7           2           0.0
7           3           1.0
7           4           0.0
8           1           0.0
8           2           0.0
8           3           1.0
8           4           1.0



d(j, t) - Gross demand for item j in period t.


1           1           30
1           2           43
1           3           50
1           4           36
1           5           38
1           6           35
2           1           32
2           2           48
2           3           45
2           4           36
2           5           47
2           6           50
3           1           33
3           2           43
3           3           38
3           4           43
3           5           48
3           6           45
4           1           36
4           2           31
4           3           39
4           4           38
4           5           46
4           6           34
5           1           38
5           2           43
5           3           48
5           4           33
5           5           30
5           6           41
6           1           31
6           2           35
6           3           38
6           4           49
6           5           33
6           6           36
7           1           39
7           2           44
7           3           39
7           4           41
7           5           44
7           6           38
8           1           42
8           2           42
8           3           36
8           4           43
8           5           37
8           6           40



pt(j, m) - Time required to produce one unit of item j on machine m. The production time is period-independent.


1           1           1.058
1           2           0.842
1           3           0.714
1           4           1.415
2           1           0.748
2           2           1.468
2           3           0.988
2           4           0.929
3           1           1.415
3           2           1.173
3           3           0.733
3           4           0.678
4           1           1.481
4           2           1.052
4           3           1.043
4           4           0.742
5           1           1.464
5           2           0.587
5           3           0.797
5           4           1.365
6           1           0.624
6           2           1.273
6           3           1.146
6           4           1.004
7           1           1.335
7           2           0.759
7           3           0.753
7           4           1.29
8           1           1.283
8           2           0.609
8           3           0.746
8           4           0.639



pc(j, m) - Variable costs of producing one unit of item j on machine m. The production cost is period-independent.


1           1           2.976
1           2           11.968
1           3           5.906
1           4           1.189
2           1           2.4
2           2           5.949
2           3           2.343
2           4           1.037
3           1           1.566
3           2           8.723
3           3           3.589
3           4           2.976
4           1           1.51
4           2           8.618
4           3           3.536
4           4           1.683
5           1           3.104
5           2           6.352
5           3           3.506
5           4           2.054
6           1           2.692
6           2           11.798
6           3           5.075
6           4           2.815
7           1           3.049
7           2           8.962
7           3           4.14
7           4           2.431
8           1           1.903
8           2           10.553
8           3           5.942
8           4           2.706



pe(j, m) - Production emission for producing one unit of item j on machine m. The production emission is period-independent.


1           1           1.699
1           2           1.126
1           3           1.422
1           4           1.959
2           1           3.375
2           2           0.357
2           3           1.576
2           4           4.817
3           1           0.944
3           2           0.916
3           3           1.752
3           4           1.767
4           1           1.362
4           2           0.769
4           3           0.527
4           4           2.865
5           1           1.698
5           2           1.15
5           3           0.727
5           4           3.482
6           1           0.947
6           2           0.392
6           3           0.61
6           4           3.322
7           1           2.69
7           2           0.954
7           3           2.346
7           4           3.627
8           1           2.429
8           2           0.525
8           3           1.019
8           4           1.284



hc(j) - Inventory-holding costs for one unit of item j for one period.


1           0.199
2           0.115
3           0.292
4           0.219
5           0.162
6           0.281
7           0.174
8           0.283



st(j, m) - Setup times for producing a lot of item j on machine m. The setup times are period-independent.


1           1           10.363
1           2           9.77
1           3           14.67
1           4           19.538
2           1           8.973
2           2           17.519
2           3           6.618
2           4           13.928
3           1           19.829
3           2           9.371
3           3           12.719
3           4           5.063
4           1           5.446
4           2           19.31
4           3           5.651
4           4           13.368
5           1           18.748
5           2           16.417
5           3           5.27
5           4           13.992
6           1           7.886
6           2           14.078
6           3           7.678
6           4           18.252
7           1           12.348
7           2           12.14
7           3           6.707
7           4           18.077
8           1           19.896
8           2           13.527
8           3           6.923
8           4           9.271



se(j, m) - Setup emission for producing a lot of item j on machine m. The setup emission are period-independent.


1           1           12.562
1           2           6.755
1           3           13.267
1           4           39.298
2           1           23.222
2           2           4.035
2           3           13.709
2           4           29.002
3           1           20.824
3           2           8.507
3           3           10.928
3           4           12.138
4           1           9.631
4           2           4.654
4           3           7.348
4           4           28.91
5           1           25.464
5           2           2.862
5           3           11.623
5           4           16.088
6           1           20.964
6           2           3.433
6           3           17.085
6           4           19.796
7           1           19.792
7           2           5.718
7           3           13.825
7           4           12.327
8           1           15.579
8           2           6.327
8           3           15.268
8           4           15.901



sc(j, m) - Setup costs for producing a lot of item j on machine m. The setup costs are period-independent.


1           1           14363.378
1           2           43090.133
1           3           21545.067
1           4           10772.533
2           1           9230.667
2           2           27692.0
2           3           13846.0
2           4           6923.0
3           1           22711.111
3           2           68133.333
3           3           34066.667
3           4           17033.333
4           1           15261.867
4           2           45785.6
4           3           22892.8
4           4           11446.4
5           1           11743.2
5           2           35229.6
5           3           17614.8
5           4           8807.4
6           1           19407.733
6           2           58223.2
6           3           29111.6
6           4           14555.8
7           1           13262.667
7           2           39788.0
7           3           19894.0
7           4           9947.0
8           1           21130.667
8           2           63392.0
8           3           31696.0
8           4           15848.0



bc(m) - Fixed investment cost for machine m.


1           2812.6328205243135
2           1890.6900403766501
3           2074.1179923773225
4           1664.978120663202



ca(m, t) - The available capacity of machine m in period t.


1           1           184.90234583333333
1           2           184.90234583333333
1           3           184.90234583333333
1           4           184.90234583333333
1           5           184.90234583333333
1           6           184.90234583333333
2           1           184.90234583333333
2           2           184.90234583333333
2           3           184.90234583333333
2           4           184.90234583333333
2           5           184.90234583333333
2           6           184.90234583333333
3           1           184.90234583333333
3           2           184.90234583333333
3           3           184.90234583333333
3           4           184.90234583333333
3           5           184.90234583333333
3           6           184.90234583333333
4           1           184.90234583333333
4           2           184.90234583333333
4           3           184.90234583333333
4           4           184.90234583333333
4           5           184.90234583333333
4           6           184.90234583333333



em(t) - The limits of carbon emissions in period t.


1           852.5183333333334
2           852.5183333333334
3           852.5183333333334
4           852.5183333333334
5           852.5183333333334
6           852.5183333333334
