Information for the currently-owned machines and the machines that may be purchased: if 1, the machine can be purchased, otherwise currently-owned.


1           0.0
2           1.0
3           0.0
4           0.0



item_machine_arc(j, m) - The relationship arc between item j and machine m, i.e., machine m is capable of producing item j if item_machine_arc(j, m) = 1.


1           1           1.0
1           2           1.0
1           3           1.0
1           4           1.0
2           1           0.0
2           2           0.0
2           3           1.0
2           4           0.0
3           1           0.0
3           2           1.0
3           3           1.0
3           4           0.0
4           1           0.0
4           2           1.0
4           3           1.0
4           4           0.0
5           1           0.0
5           2           0.0
5           3           0.0
5           4           1.0
6           1           1.0
6           2           1.0
6           3           1.0
6           4           1.0
7           1           1.0
7           2           1.0
7           3           0.0
7           4           1.0
8           1           1.0
8           2           1.0
8           3           1.0
8           4           1.0



d(j, t) - Gross demand for item j in period t.


1           1           45
1           2           30
1           3           46
1           4           41
1           5           30
1           6           46
2           1           46
2           2           46
2           3           49
2           4           37
2           5           40
2           6           40
3           1           47
3           2           34
3           3           41
3           4           42
3           5           31
3           6           36
4           1           49
4           2           46
4           3           37
4           4           43
4           5           45
4           6           50
5           1           42
5           2           50
5           3           40
5           4           38
5           5           45
5           6           50
6           1           30
6           2           48
6           3           32
6           4           48
6           5           32
6           6           49
7           1           31
7           2           34
7           3           40
7           4           43
7           5           37
7           6           33
8           1           31
8           2           43
8           3           48
8           4           35
8           5           46
8           6           42



pt(j, m) - Time required to produce one unit of item j on machine m. The production time is period-independent.


1           1           0.751
1           2           1.475
1           3           0.627
1           4           1.496
2           1           1.008
2           2           1.225
2           3           0.517
2           4           1.075
3           1           0.538
3           2           0.798
3           3           1.324
3           4           0.784
4           1           0.729
4           2           0.693
4           3           0.705
4           4           1.148
5           1           1.28
5           2           1.31
5           3           1.379
5           4           1.128
6           1           0.607
6           2           0.996
6           3           1.362
6           4           0.861
7           1           1.297
7           2           1.229
7           3           0.524
7           4           0.879
8           1           1.103
8           2           0.888
8           3           0.624
8           4           0.697



pc(j, m) - Variable costs of producing one unit of item j on machine m. The production cost is period-independent.


1           1           1.321
1           2           3.67
1           3           2.159
1           4           5.947
2           1           2.823
2           2           2.925
2           3           3.657
2           4           4.838
3           1           2.846
3           2           3.571
3           3           3.019
3           4           5.385
4           1           1.689
4           2           5.191
4           3           1.961
4           4           9.745
5           1           1.075
5           2           5.637
5           3           2.607
5           4           6.01
6           1           2.78
6           2           4.894
6           3           1.715
6           4           6.766
7           1           2.005
7           2           4.667
7           3           1.868
7           4           7.508
8           1           2.725
8           2           5.155
8           3           3.623
8           4           11.249



pe(j, m) - Production emission for producing one unit of item j on machine m. The production emission is period-independent.


1           1           0.884
1           2           0.105
1           3           0.531
1           4           0.057
2           1           0.25
2           2           0.231
2           3           0.329
2           4           0.243
3           1           0.956
3           2           0.394
3           3           0.216
3           4           0.097
4           1           0.539
4           2           0.281
4           3           0.351
4           4           0.071
5           1           0.231
5           2           0.295
5           3           0.743
5           4           0.054
6           1           0.94
6           2           0.337
6           3           0.247
6           4           0.151
7           1           0.266
7           2           0.123
7           3           0.566
7           4           0.148
8           1           0.927
8           2           0.261
8           3           0.24
8           4           0.144



hc(j) - Inventory-holding costs for one unit of item j for one period.


1           0.218
2           0.21
3           0.145
4           0.127
5           0.284
6           0.135
7           0.279
8           0.197



st(j, m) - Setup times for producing a lot of item j on machine m. The setup times are period-independent.


1           1           78.408
1           2           96.587
1           3           99.013
1           4           45.443
2           1           71.427
2           2           62.852
2           3           81.128
2           4           57.671
3           1           48.18
3           2           47.716
3           3           43.776
3           4           78.763
4           1           71.849
4           2           56.338
4           3           32.105
4           4           87.621
5           1           46.072
5           2           94.903
5           3           66.449
5           4           78.168
6           1           74.677
6           2           74.397
6           3           82.078
6           4           60.776
7           1           57.946
7           2           62.001
7           3           72.214
7           4           43.238
8           1           83.766
8           2           48.825
8           3           96.921
8           4           99.053



se(j, m) - Setup emission for producing a lot of item j on machine m. The setup emission are period-independent.


1           1           167.182
1           2           68.064
1           3           132.985
1           4           21.629
2           1           112.228
2           2           38.576
2           3           78.473
2           4           28.232
3           1           191.622
3           2           41.165
3           3           104.966
3           4           30.923
4           1           73.785
4           2           29.477
4           3           149.043
4           4           12.658
5           1           175.787
5           2           59.587
5           3           135.396
5           4           27.512
6           1           111.009
6           2           89.581
6           3           94.176
6           4           27.789
7           1           107.559
7           2           69.448
7           3           48.656
7           4           15.775
8           1           179.694
8           2           74.407
8           3           75.994
8           4           24.232



sc(j, m) - Setup costs for producing a lot of item j on machine m. The setup costs are period-independent.


1           1           13316.893
1           2           26633.787
1           3           17755.858
1           4           53267.573
2           1           13906.2
2           2           27812.4
2           3           18541.6
2           4           55624.8
3           1           8597.05
3           2           17194.1
3           3           11462.733
3           4           34388.2
4           1           8801.1
4           2           17602.2
4           3           11734.8
4           4           35204.4
5           1           19316.733
5           2           38633.467
5           3           25755.644
5           4           77266.933
6           1           8281.35
6           2           16562.7
6           3           11041.8
6           4           33125.4
7           1           15610.98
7           2           31221.96
7           3           20814.64
7           4           62443.92
8           1           12388.017
8           2           24776.033
8           3           16517.356
8           4           49552.067



bc(m) - Fixed investment cost for machine m.


1           1992.373979439499
2           1136.7665842105368
3           4929.4276963552375
4           1617.806478442474



ca(m, t) - The available capacity of machine m in period t.


1           1           292.5760016666667
1           2           292.5760016666667
1           3           292.5760016666667
1           4           292.5760016666667
1           5           292.5760016666667
1           6           292.5760016666667
2           1           292.5760016666667
2           2           292.5760016666667
2           3           292.5760016666667
2           4           292.5760016666667
2           5           292.5760016666667
2           6           292.5760016666667
3           1           292.5760016666667
3           2           292.5760016666667
3           3           292.5760016666667
3           4           292.5760016666667
3           5           292.5760016666667
3           6           292.5760016666667
4           1           292.5760016666667
4           2           292.5760016666667
4           3           292.5760016666667
4           4           292.5760016666667
4           5           292.5760016666667
4           6           292.5760016666667



em(t) - The limits of carbon emissions in period t.


1           555.7899083333332
2           555.7899083333332
3           555.7899083333332
4           555.7899083333332
5           555.7899083333332
6           555.7899083333332
