Information for the currently-owned machines and the machines that may be purchased: if 1, the machine can be purchased, otherwise currently-owned.


1           1.0
2           0.0
3           0.0
4           0.0



item_machine_arc(j, m) - The relationship arc between item j and machine m, i.e., machine m is capable of producing item j if item_machine_arc(j, m) = 1.


1           1           1.0
1           2           1.0
1           3           0.0
1           4           1.0
2           1           1.0
2           2           0.0
2           3           1.0
2           4           0.0
3           1           1.0
3           2           1.0
3           3           0.0
3           4           0.0
4           1           1.0
4           2           0.0
4           3           1.0
4           4           0.0
5           1           1.0
5           2           0.0
5           3           0.0
5           4           0.0
6           1           1.0
6           2           1.0
6           3           0.0
6           4           0.0
7           1           0.0
7           2           1.0
7           3           1.0
7           4           0.0
8           1           1.0
8           2           1.0
8           3           1.0
8           4           0.0



d(j, t) - Gross demand for item j in period t.


1           1           33
1           2           40
1           3           40
1           4           34
1           5           49
1           6           43
2           1           49
2           2           49
2           3           46
2           4           37
2           5           35
2           6           32
3           1           41
3           2           31
3           3           36
3           4           45
3           5           40
3           6           48
4           1           43
4           2           45
4           3           48
4           4           43
4           5           36
4           6           42
5           1           33
5           2           30
5           3           34
5           4           38
5           5           50
5           6           39
6           1           42
6           2           38
6           3           32
6           4           40
6           5           36
6           6           31
7           1           37
7           2           41
7           3           50
7           4           50
7           5           40
7           6           35
8           1           41
8           2           48
8           3           31
8           4           46
8           5           40
8           6           33



pt(j, m) - Time required to produce one unit of item j on machine m. The production time is period-independent.


1           1           0.792
1           2           1.027
1           3           0.578
1           4           1.361
2           1           1.152
2           2           1.396
2           3           1.001
2           4           1.435
3           1           0.728
3           2           0.5
3           3           1.389
3           4           0.548
4           1           1.162
4           2           1.162
4           3           1.02
4           4           1.286
5           1           0.964
5           2           0.913
5           3           0.824
5           4           1.012
6           1           0.795
6           2           0.898
6           3           1.397
6           4           0.675
7           1           0.914
7           2           0.517
7           3           1.43
7           4           0.905
8           1           0.957
8           2           0.992
8           3           1.204
8           4           0.553



pc(j, m) - Variable costs of producing one unit of item j on machine m. The production cost is period-independent.


1           1           3.425
1           2           10.646
1           3           1.285
1           4           2.093
2           1           3.628
2           2           6.973
2           3           1.547
2           4           3.262
3           1           3.893
3           2           5.57
3           3           1.03
3           4           5.531
4           1           2.579
4           2           10.635
4           3           1.786
4           4           2.797
5           1           3.156
5           2           7.599
5           3           2.449
5           4           4.755
6           1           2.246
6           2           6.686
6           3           2.986
6           4           2.527
7           1           3.974
7           2           6.092
7           3           2.459
7           4           2.452
8           1           1.55
8           2           6.889
8           3           2.793
8           4           4.943



pe(j, m) - Production emission for producing one unit of item j on machine m. The production emission is period-independent.


1           1           3.099
1           2           1.0
1           3           1.555
1           4           1.395
2           1           1.407
2           2           0.905
2           3           3.532
2           4           1.237
3           1           3.55
3           2           0.421
3           3           3.103
3           4           0.545
4           1           2.724
4           2           1.21
4           3           3.856
4           4           2.202
5           1           2.373
5           2           0.73
5           3           4.644
5           4           1.486
6           1           0.796
6           2           0.462
6           3           4.843
6           4           0.525
7           1           0.776
7           2           0.633
7           3           1.814
7           4           1.813
8           1           2.353
8           2           1.03
8           3           2.136
8           4           2.189



hc(j) - Inventory-holding costs for one unit of item j for one period.


1           0.154
2           0.139
3           0.177
4           0.261
5           0.179
6           0.186
7           0.286
8           0.242



st(j, m) - Setup times for producing a lot of item j on machine m. The setup times are period-independent.


1           1           6.444
1           2           7.37
1           3           11.859
1           4           15.786
2           1           11.924
2           2           15.783
2           3           10.405
2           4           15.094
3           1           5.048
3           2           6.014
3           3           19.948
3           4           7.506
4           1           16.805
4           2           5.722
4           3           15.484
4           4           14.179
5           1           19.342
5           2           14.113
5           3           19.824
5           4           9.875
6           1           17.066
6           2           18.169
6           3           13.554
6           4           16.44
7           1           10.012
7           2           18.933
7           3           18.999
7           4           7.668
8           1           12.613
8           2           18.582
8           3           18.285
8           4           5.923



se(j, m) - Setup emission for producing a lot of item j on machine m. The setup emission are period-independent.


1           1           130.404
1           2           25.59
1           3           69.022
1           4           49.025
2           1           117.445
2           2           18.815
2           3           63.988
2           4           25.013
3           1           38.378
3           2           33.676
3           3           190.366
3           4           65.293
4           1           142.555
4           2           29.598
4           3           193.991
4           4           84.475
5           1           97.004
5           2           28.994
5           3           91.064
5           4           85.732
6           1           76.718
6           2           31.845
6           3           157.699
6           4           83.005
7           1           72.524
7           2           32.977
7           3           85.777
7           4           43.163
8           1           112.285
8           2           46.587
8           3           68.081
8           4           40.931



sc(j, m) - Setup costs for producing a lot of item j on machine m. The setup costs are period-independent.


1           1           11450.756
1           2           34352.267
1           3           8588.067
1           4           17176.133
2           1           10724.622
2           2           32173.867
2           3           8043.467
2           4           16086.933
3           1           13271.067
3           2           39813.2
3           3           9953.3
3           4           19906.6
4           1           20868.4
4           2           62605.2
4           3           15651.3
4           4           31302.6
5           1           12474.311
5           2           37422.933
5           3           9355.733
5           4           18711.467
6           1           12672.8
6           2           38018.4
6           3           9504.6
6           4           19009.2
7           1           22511.378
7           2           67534.133
7           3           16883.533
7           4           33767.067
8           1           17994.044
8           2           53982.133
8           3           13495.533
8           4           26991.067



bc(m) - Fixed investment cost for machine m.


1           3716.0750647814716
2           17475.100015398406
3           3000.2571385013543
4           8739.548388035599



ca(m, t) - The available capacity of machine m in period t.


1           1           187.61079944444444
1           2           187.61079944444444
1           3           187.61079944444444
1           4           187.61079944444444
1           5           187.61079944444444
1           6           187.61079944444444
2           1           187.61079944444444
2           2           187.61079944444444
2           3           187.61079944444444
2           4           187.61079944444444
2           5           187.61079944444444
2           6           187.61079944444444
3           1           187.61079944444444
3           2           187.61079944444444
3           3           187.61079944444444
3           4           187.61079944444444
3           5           187.61079944444444
3           6           187.61079944444444
4           1           187.61079944444444
4           2           187.61079944444444
4           3           187.61079944444444
4           4           187.61079944444444
4           5           187.61079944444444
4           6           187.61079944444444



em(t) - The limits of carbon emissions in period t.


1           1339.7295333333334
2           1339.7295333333334
3           1339.7295333333334
4           1339.7295333333334
5           1339.7295333333334
6           1339.7295333333334
