Information for the currently-owned machines and the machines that may be purchased: if 1, the machine can be purchased, otherwise currently-owned.


1           0.0
2           0.0
3           0.0
4           1.0



item_machine_arc(j, m) - The relationship arc between item j and machine m, i.e., machine m is capable of producing item j if item_machine_arc(j, m) = 1.


1           1           0.0
1           2           1.0
1           3           0.0
1           4           0.0
2           1           1.0
2           2           0.0
2           3           0.0
2           4           0.0
3           1           0.0
3           2           1.0
3           3           1.0
3           4           1.0
4           1           1.0
4           2           0.0
4           3           0.0
4           4           0.0
5           1           1.0
5           2           0.0
5           3           1.0
5           4           0.0
6           1           1.0
6           2           0.0
6           3           1.0
6           4           1.0
7           1           1.0
7           2           1.0
7           3           1.0
7           4           1.0
8           1           1.0
8           2           0.0
8           3           0.0
8           4           0.0



d(j, t) - Gross demand for item j in period t.


1           1           41
1           2           48
1           3           42
1           4           39
1           5           37
1           6           32
2           1           35
2           2           34
2           3           31
2           4           41
2           5           35
2           6           45
3           1           45
3           2           35
3           3           39
3           4           32
3           5           31
3           6           48
4           1           32
4           2           38
4           3           43
4           4           44
4           5           41
4           6           45
5           1           37
5           2           40
5           3           49
5           4           45
5           5           43
5           6           41
6           1           40
6           2           33
6           3           43
6           4           49
6           5           41
6           6           39
7           1           41
7           2           49
7           3           36
7           4           46
7           5           44
7           6           49
8           1           31
8           2           42
8           3           36
8           4           30
8           5           43
8           6           50



pt(j, m) - Time required to produce one unit of item j on machine m. The production time is period-independent.


1           1           1.268
1           2           1.419
1           3           0.548
1           4           0.669
2           1           1.128
2           2           1.457
2           3           0.615
2           4           1.171
3           1           1.303
3           2           1.305
3           3           1.447
3           4           0.537
4           1           1.425
4           2           1.24
4           3           0.642
4           4           0.956
5           1           0.621
5           2           1.177
5           3           1.192
5           4           0.931
6           1           0.684
6           2           1.443
6           3           1.106
6           4           0.514
7           1           1.441
7           2           1.264
7           3           0.555
7           4           1.312
8           1           1.224
8           2           1.114
8           3           0.53
8           4           0.991



pc(j, m) - Variable costs of producing one unit of item j on machine m. The production cost is period-independent.


1           1           2.33
1           2           3.552
1           3           2.44
1           4           6.962
2           1           1.93
2           2           4.581
2           3           1.259
2           4           4.124
3           1           3.171
3           2           2.273
3           3           1.552
3           4           9.562
4           1           2.149
4           2           2.153
4           3           2.361
4           4           9.81
5           1           2.645
5           2           3.688
5           3           2.667
5           4           9.806
6           1           2.346
6           2           3.063
6           3           1.901
6           4           7.433
7           1           3.577
7           2           4.606
7           3           2.17
7           4           4.506
8           1           3.38
8           2           5.887
8           3           1.954
8           4           4.114



pe(j, m) - Production emission for producing one unit of item j on machine m. The production emission is period-independent.


1           1           2.133
1           2           1.151
1           3           2.299
1           4           0.643
2           1           2.96
2           2           1.827
2           3           2.244
2           4           0.591
3           1           1.161
3           2           2.5
3           3           1.69
3           4           1.068
4           1           0.853
4           2           1.494
4           3           2.941
4           4           1.065
5           1           2.848
5           2           2.0
5           3           3.443
5           4           0.631
6           1           3.548
6           2           1.302
6           3           3.624
6           4           0.407
7           1           1.093
7           2           1.405
7           3           3.419
7           4           0.66
8           1           1.157
8           2           1.336
8           3           2.127
8           4           1.209



hc(j) - Inventory-holding costs for one unit of item j for one period.


1           0.12
2           0.106
3           0.28
4           0.202
5           0.146
6           0.296
7           0.193
8           0.241



st(j, m) - Setup times for producing a lot of item j on machine m. The setup times are period-independent.


1           1           15.045
1           2           12.823
1           3           6.371
1           4           11.476
2           1           9.119
2           2           18.465
2           3           9.398
2           4           16.592
3           1           12.712
3           2           17.613
3           3           16.325
3           4           15.179
4           1           19.91
4           2           5.554
4           3           16.584
4           4           6.324
5           1           7.557
5           2           14.179
5           3           10.933
5           4           5.478
6           1           11.432
6           2           11.078
6           3           6.211
6           4           19.365
7           1           12.877
7           2           6.571
7           3           9.786
7           4           14.451
8           1           18.12
8           2           19.299
8           3           10.807
8           4           9.205



se(j, m) - Setup emission for producing a lot of item j on machine m. The setup emission are period-independent.


1           1           8.755
1           2           6.282
1           3           11.204
1           4           9.925
2           1           23.662
2           2           13.127
2           3           21.699
2           4           4.848
3           1           22.963
3           2           12.085
3           3           31.76
3           4           9.444
4           1           24.23
4           2           16.184
4           3           35.922
4           4           6.409
5           1           20.449
5           2           15.895
5           3           10.073
5           4           9.213
6           1           21.103
6           2           18.454
6           3           15.362
6           4           2.97
7           1           28.608
7           2           8.972
7           3           13.508
7           4           2.643
8           1           23.627
8           2           10.858
8           3           24.204
8           4           7.818



sc(j, m) - Setup costs for producing a lot of item j on machine m. The setup costs are period-independent.


1           1           9814.933
1           2           14722.4
1           3           7361.2
1           4           29444.8
2           1           8016.898
2           2           12025.347
2           3           6012.673
2           4           24050.693
3           1           22039.111
3           2           33058.667
3           3           16529.333
3           4           66117.333
4           1           16798.32
4           2           25197.48
4           3           12598.74
4           4           50394.96
5           1           12740.933
5           2           19111.4
5           3           9555.7
5           4           38222.8
6           1           24817.956
6           2           37226.933
6           3           18613.467
6           4           74453.867
7           1           17502.956
7           2           26254.433
7           3           13127.217
7           4           52508.867
8           1           19134.329
8           2           28701.493
8           3           14350.747
8           4           57402.987



bc(m) - Fixed investment cost for machine m.


1           1878.6537904071884
2           7253.595772998474
3           4230.816275756042
4           9143.217848948729



ca(m, t) - The available capacity of machine m in period t.


1           1           215.56414509259264
1           2           215.56414509259264
1           3           215.56414509259264
1           4           215.56414509259264
1           5           215.56414509259264
1           6           215.56414509259264
2           1           215.56414509259264
2           2           215.56414509259264
2           3           215.56414509259264
2           4           215.56414509259264
2           5           215.56414509259264
2           6           215.56414509259264
3           1           215.56414509259264
3           2           215.56414509259264
3           3           215.56414509259264
3           4           215.56414509259264
3           5           215.56414509259264
3           6           215.56414509259264
4           1           215.56414509259264
4           2           215.56414509259264
4           3           215.56414509259264
4           4           215.56414509259264
4           5           215.56414509259264
4           6           215.56414509259264



em(t) - The limits of carbon emissions in period t.


1           951.3126
2           951.3126
3           951.3126
4           951.3126
5           951.3126
6           951.3126
