Information for the currently-owned machines and the machines that may be purchased: if 1, the machine can be purchased, otherwise currently-owned.


1           0.0
2           1.0
3           0.0
4           0.0



item_machine_arc(j, m) - The relationship arc between item j and machine m, i.e., machine m is capable of producing item j if item_machine_arc(j, m) = 1.


1           1           1.0
1           2           0.0
1           3           0.0
1           4           0.0
2           1           0.0
2           2           1.0
2           3           0.0
2           4           0.0
3           1           1.0
3           2           1.0
3           3           0.0
3           4           1.0
4           1           1.0
4           2           1.0
4           3           1.0
4           4           1.0
5           1           1.0
5           2           1.0
5           3           1.0
5           4           1.0
6           1           0.0
6           2           0.0
6           3           1.0
6           4           0.0
7           1           0.0
7           2           0.0
7           3           1.0
7           4           0.0
8           1           1.0
8           2           1.0
8           3           1.0
8           4           1.0



d(j, t) - Gross demand for item j in period t.


1           1           46
1           2           48
1           3           36
1           4           48
1           5           40
1           6           36
2           1           44
2           2           34
2           3           41
2           4           44
2           5           48
2           6           44
3           1           37
3           2           35
3           3           47
3           4           47
3           5           50
3           6           41
4           1           46
4           2           42
4           3           42
4           4           36
4           5           38
4           6           50
5           1           30
5           2           36
5           3           48
5           4           31
5           5           44
5           6           45
6           1           41
6           2           49
6           3           33
6           4           31
6           5           36
6           6           30
7           1           45
7           2           44
7           3           45
7           4           37
7           5           34
7           6           45
8           1           47
8           2           36
8           3           32
8           4           47
8           5           50
8           6           50



pt(j, m) - Time required to produce one unit of item j on machine m. The production time is period-independent.


1           1           0.527
1           2           1.054
1           3           1.296
1           4           1.32
2           1           0.658
2           2           1.072
2           3           0.557
2           4           1.217
3           1           1.317
3           2           0.65
3           3           0.846
3           4           1.004
4           1           0.575
4           2           1.437
4           3           0.836
4           4           0.969
5           1           1.192
5           2           0.881
5           3           1.193
5           4           1.011
6           1           1.129
6           2           1.296
6           3           1.146
6           4           0.876
7           1           0.825
7           2           1.076
7           3           0.877
7           4           0.964
8           1           1.302
8           2           1.298
8           3           0.64
8           4           1.206



pc(j, m) - Variable costs of producing one unit of item j on machine m. The production cost is period-independent.


1           1           4.702
1           2           2.317
1           3           10.18
1           4           2.572
2           1           5.206
2           2           3.519
2           3           11.139
2           4           1.276
3           1           5.925
3           2           2.202
3           3           7.727
3           4           2.832
4           1           2.438
4           2           3.436
4           3           11.326
4           4           1.812
5           1           2.611
5           2           3.991
5           3           8.851
5           4           2.197
6           1           2.002
6           2           2.022
6           3           10.743
6           4           2.68
7           1           4.033
7           2           3.166
7           3           8.911
7           4           1.862
8           1           4.676
8           2           3.265
8           3           8.002
8           4           2.205



pe(j, m) - Production emission for producing one unit of item j on machine m. The production emission is period-independent.


1           1           1.958
1           2           3.203
1           3           1.167
1           4           2.173
2           1           0.563
2           2           3.747
2           3           0.306
2           4           2.367
3           1           0.844
3           2           2.601
3           3           1.128
3           4           2.68
4           1           0.515
4           2           1.932
4           3           1.064
4           4           4.605
5           1           1.778
5           2           2.53
5           3           0.474
5           4           1.54
6           1           1.114
6           2           2.418
6           3           0.704
6           4           2.645
7           1           1.576
7           2           3.329
7           3           0.32
7           4           1.397
8           1           1.587
8           2           2.482
8           3           0.879
8           4           2.14



hc(j) - Inventory-holding costs for one unit of item j for one period.


1           0.133
2           0.102
3           0.125
4           0.142
5           0.135
6           0.168
7           0.287
8           0.216



st(j, m) - Setup times for producing a lot of item j on machine m. The setup times are period-independent.


1           1           19.727
1           2           15.887
1           3           16.35
1           4           17.312
2           1           10.619
2           2           11.854
2           3           7.726
2           4           11.378
3           1           15.558
3           2           17.607
3           3           15.357
3           4           14.238
4           1           17.088
4           2           6.495
4           3           8.263
4           4           12.672
5           1           8.672
5           2           10.924
5           3           14.271
5           4           8.563
6           1           10.638
6           2           9.508
6           3           6.732
6           4           6.463
7           1           12.9
7           2           10.092
7           3           14.841
7           4           16.752
8           1           8.56
8           2           17.332
8           3           10.519
8           4           18.635



se(j, m) - Setup emission for producing a lot of item j on machine m. The setup emission are period-independent.


1           1           16.839
1           2           8.563
1           3           6.578
1           4           28.773
2           1           12.91
2           2           21.256
2           3           4.072
2           4           23.277
3           1           10.902
3           2           26.491
3           3           8.591
3           4           32.187
4           1           7.107
4           2           24.252
4           3           6.66
4           4           38.962
5           1           9.997
5           2           26.891
5           3           4.847
5           4           35.156
6           1           15.502
6           2           18.37
6           3           7.653
6           4           37.092
7           1           9.851
7           2           22.634
7           3           7.692
7           4           33.21
8           1           18.851
8           2           28.124
8           3           9.664
8           4           11.073



sc(j, m) - Setup costs for producing a lot of item j on machine m. The setup costs are period-independent.


1           1           15764.933
1           2           10509.956
1           3           31529.867
1           4           7882.467
2           1           12138.0
2           2           8092.0
2           3           24276.0
2           4           6069.0
3           1           14991.667
3           2           9994.444
3           3           29983.333
3           4           7495.833
4           1           16831.733
4           2           11221.156
4           3           33663.467
4           4           8415.867
5           1           14742.0
5           2           9828.0
5           3           29484.0
5           4           7371.0
6           1           17248.0
6           2           11498.667
6           3           34496.0
6           4           8624.0
7           1           33483.333
7           2           22322.222
7           3           66966.667
7           4           16741.667
8           1           26409.6
8           2           17606.4
8           3           52819.2
8           4           13204.8



bc(m) - Fixed investment cost for machine m.


1           1750.4781085707034
2           2446.468475897684
3           14073.103761248116
4           2390.0053132693088



ca(m, t) - The available capacity of machine m in period t.


1           1           190.81123314814818
1           2           190.81123314814818
1           3           190.81123314814818
1           4           190.81123314814818
1           5           190.81123314814818
1           6           190.81123314814818
2           1           190.81123314814818
2           2           190.81123314814818
2           3           190.81123314814818
2           4           190.81123314814818
2           5           190.81123314814818
2           6           190.81123314814818
3           1           190.81123314814818
3           2           190.81123314814818
3           3           190.81123314814818
3           4           190.81123314814818
3           5           190.81123314814818
3           6           190.81123314814818
4           1           190.81123314814818
4           2           190.81123314814818
4           3           190.81123314814818
4           4           190.81123314814818
4           5           190.81123314814818
4           6           190.81123314814818



em(t) - The limits of carbon emissions in period t.


1           923.5240777777777
2           923.5240777777777
3           923.5240777777777
4           923.5240777777777
5           923.5240777777777
6           923.5240777777777
