Information for the currently-owned machines and the machines that may be purchased: if 1, the machine can be purchased, otherwise currently-owned.


1           0.0
2           0.0
3           1.0
4           0.0



item_machine_arc(j, m) - The relationship arc between item j and machine m, i.e., machine m is capable of producing item j if item_machine_arc(j, m) = 1.


1           1           1.0
1           2           1.0
1           3           1.0
1           4           0.0
2           1           1.0
2           2           1.0
2           3           1.0
2           4           1.0
3           1           0.0
3           2           1.0
3           3           1.0
3           4           0.0
4           1           1.0
4           2           1.0
4           3           1.0
4           4           1.0
5           1           1.0
5           2           1.0
5           3           1.0
5           4           0.0
6           1           0.0
6           2           1.0
6           3           1.0
6           4           0.0
7           1           1.0
7           2           1.0
7           3           0.0
7           4           0.0
8           1           0.0
8           2           0.0
8           3           1.0
8           4           0.0



d(j, t) - Gross demand for item j in period t.


1           1           31
1           2           39
1           3           33
1           4           44
1           5           46
1           6           33
2           1           40
2           2           32
2           3           44
2           4           39
2           5           45
2           6           31
3           1           32
3           2           34
3           3           45
3           4           38
3           5           32
3           6           36
4           1           31
4           2           41
4           3           43
4           4           46
4           5           50
4           6           42
5           1           31
5           2           34
5           3           37
5           4           44
5           5           48
5           6           31
6           1           47
6           2           35
6           3           39
6           4           38
6           5           41
6           6           47
7           1           32
7           2           50
7           3           43
7           4           44
7           5           32
7           6           40
8           1           50
8           2           37
8           3           40
8           4           40
8           5           47
8           6           43



pt(j, m) - Time required to produce one unit of item j on machine m. The production time is period-independent.


1           1           1.492
1           2           1.294
1           3           0.697
1           4           0.847
2           1           0.661
2           2           1.101
2           3           0.98
2           4           1.081
3           1           0.811
3           2           1.132
3           3           1.47
3           4           1.047
4           1           0.873
4           2           1.136
4           3           0.792
4           4           0.83
5           1           0.546
5           2           1.015
5           3           1.207
5           4           0.834
6           1           0.768
6           2           1.39
6           3           0.975
6           4           0.887
7           1           1.142
7           2           1.26
7           3           0.999
7           4           0.732
8           1           1.079
8           2           1.225
8           3           1.277
8           4           0.917



pc(j, m) - Variable costs of producing one unit of item j on machine m. The production cost is period-independent.


1           1           3.369
1           2           4.626
1           3           5.512
1           4           1.236
2           1           1.603
2           2           7.132
2           3           2.881
2           4           1.532
3           1           3.828
3           2           6.095
3           3           4.325
3           4           1.752
4           1           3.368
4           2           7.521
4           3           2.235
4           4           1.106
5           1           1.73
5           2           11.193
5           3           2.345
5           4           2.386
6           1           1.97
6           2           11.926
6           3           4.441
6           4           1.091
7           1           2.487
7           2           11.473
7           3           5.155
7           4           2.312
8           1           3.579
8           2           9.107
8           3           5.709
8           4           1.49



pe(j, m) - Production emission for producing one unit of item j on machine m. The production emission is period-independent.


1           1           0.617
1           2           0.057
1           3           0.281
1           4           0.774
2           1           0.422
2           2           0.145
2           3           0.319
2           4           0.695
3           1           0.299
3           2           0.174
3           3           0.136
3           4           0.972
4           1           0.163
4           2           0.14
4           3           0.211
4           4           0.253
5           1           0.184
5           2           0.176
5           3           0.158
5           4           0.442
6           1           0.363
6           2           0.231
6           3           0.139
6           4           0.272
7           1           0.388
7           2           0.197
7           3           0.294
7           4           0.796
8           1           0.502
8           2           0.207
8           3           0.317
8           4           0.998



hc(j) - Inventory-holding costs for one unit of item j for one period.


1           0.278
2           0.132
3           0.122
4           0.273
5           0.13
6           0.262
7           0.265
8           0.211



st(j, m) - Setup times for producing a lot of item j on machine m. The setup times are period-independent.


1           1           13.113
1           2           5.534
1           3           5.443
1           4           16.805
2           1           10.984
2           2           18.923
2           3           5.536
2           4           10.545
3           1           7.545
3           2           12.845
3           3           19.18
3           4           17.032
4           1           11.914
4           2           10.198
4           3           11.632
4           4           13.986
5           1           18.749
5           2           12.758
5           3           15.968
5           4           15.13
6           1           10.507
6           2           8.295
6           3           8.136
6           4           14.994
7           1           18.344
7           2           9.499
7           3           8.319
7           4           14.272
8           1           16.012
8           2           15.101
8           3           15.966
8           4           19.153



se(j, m) - Setup emission for producing a lot of item j on machine m. The setup emission are period-independent.


1           1           27.236
1           2           8.097
1           3           5.435
1           4           12.971
2           1           14.06
2           2           9.089
2           3           19.485
2           4           18.415
3           1           15.042
3           2           6.846
3           3           8.861
3           4           14.037
4           1           28.874
4           2           6.779
4           3           17.111
4           4           10.67
5           1           16.783
5           2           8.355
5           3           19.18
5           4           13.96
6           1           9.18
6           2           7.303
6           3           18.965
6           4           39.752
7           1           21.061
7           2           9.83
7           3           5.457
7           4           14.975
8           1           7.627
8           2           6.955
8           3           17.261
8           4           35.219



sc(j, m) - Setup costs for producing a lot of item j on machine m. The setup costs are period-independent.


1           1           19546.489
1           2           58639.467
1           3           29319.733
1           4           14659.867
2           1           9486.4
2           2           28459.2
2           3           14229.6
2           4           7114.8
3           1           8236.356
3           2           24709.067
3           3           12354.533
3           4           6177.267
4           1           21488.133
4           2           64464.4
4           3           32232.2
4           4           16116.1
5           1           9100.0
5           2           27300.0
5           3           13650.0
5           4           6825.0
6           1           20133.244
6           2           60399.733
6           3           30199.867
6           4           15099.933
7           1           19869.111
7           2           59607.333
7           3           29803.667
7           4           14901.833
8           1           16870.622
8           2           50611.867
8           3           25305.933
8           4           12652.967



bc(m) - Fixed investment cost for machine m.


1           160.40705640538573
2           7612.081637997472
3           589.7861771889857
4           3162.3250896301306



ca(m, t) - The available capacity of machine m in period t.


1           1           206.75779055555554
1           2           206.75779055555554
1           3           206.75779055555554
1           4           206.75779055555554
1           5           206.75779055555554
1           6           206.75779055555554
2           1           206.75779055555554
2           2           206.75779055555554
2           3           206.75779055555554
2           4           206.75779055555554
2           5           206.75779055555554
2           6           206.75779055555554
3           1           206.75779055555554
3           2           206.75779055555554
3           3           206.75779055555554
3           4           206.75779055555554
3           5           206.75779055555554
3           6           206.75779055555554
4           1           206.75779055555554
4           2           206.75779055555554
4           3           206.75779055555554
4           4           206.75779055555554
4           5           206.75779055555554
4           6           206.75779055555554



em(t) - The limits of carbon emissions in period t.


1           191.6671361111111
2           191.6671361111111
3           191.6671361111111
4           191.6671361111111
5           191.6671361111111
6           191.6671361111111
