Information for the currently-owned machines and the machines that may be purchased: if 1, the machine can be purchased, otherwise currently-owned.


1           1.0
2           0.0
3           0.0
4           0.0



item_machine_arc(j, m) - The relationship arc between item j and machine m, i.e., machine m is capable of producing item j if item_machine_arc(j, m) = 1.


1           1           1.0
1           2           1.0
1           3           0.0
1           4           1.0
2           1           1.0
2           2           0.0
2           3           0.0
2           4           0.0
3           1           1.0
3           2           0.0
3           3           0.0
3           4           0.0
4           1           0.0
4           2           0.0
4           3           0.0
4           4           1.0
5           1           1.0
5           2           0.0
5           3           1.0
5           4           0.0
6           1           0.0
6           2           1.0
6           3           1.0
6           4           1.0
7           1           1.0
7           2           1.0
7           3           1.0
7           4           0.0
8           1           0.0
8           2           1.0
8           3           0.0
8           4           0.0



d(j, t) - Gross demand for item j in period t.


1           1           50
1           2           33
1           3           32
1           4           50
1           5           47
1           6           40
2           1           49
2           2           39
2           3           42
2           4           47
2           5           42
2           6           37
3           1           35
3           2           48
3           3           30
3           4           40
3           5           37
3           6           44
4           1           35
4           2           32
4           3           44
4           4           30
4           5           36
4           6           42
5           1           39
5           2           45
5           3           37
5           4           32
5           5           35
5           6           48
6           1           34
6           2           34
6           3           38
6           4           32
6           5           44
6           6           42
7           1           33
7           2           40
7           3           39
7           4           44
7           5           41
7           6           30
8           1           39
8           2           39
8           3           31
8           4           37
8           5           47
8           6           35



pt(j, m) - Time required to produce one unit of item j on machine m. The production time is period-independent.


1           1           1.189
1           2           1.334
1           3           0.766
1           4           0.515
2           1           1.055
2           2           1.062
2           3           0.957
2           4           1.133
3           1           1.152
3           2           0.806
3           3           0.681
3           4           1.307
4           1           1.059
4           2           1.13
4           3           1.001
4           4           0.937
5           1           0.554
5           2           0.559
5           3           1.384
5           4           0.894
6           1           1.043
6           2           1.154
6           3           1.101
6           4           1.016
7           1           0.957
7           2           1.097
7           3           1.305
7           4           1.101
8           1           1.128
8           2           1.473
8           3           1.331
8           4           0.831



pc(j, m) - Variable costs of producing one unit of item j on machine m. The production cost is period-independent.


1           1           1.212
1           2           2.155
1           3           7.511
1           4           4.917
2           1           1.509
2           2           1.925
2           3           9.407
2           4           3.142
3           1           1.472
3           2           1.486
3           3           5.907
3           4           3.674
4           1           1.982
4           2           1.498
4           3           7.67
4           4           4.796
5           1           2.913
5           2           2.662
5           3           10.085
5           4           5.095
6           1           1.706
6           2           3.328
6           3           6.319
6           4           2.052
7           1           1.357
7           2           2.876
7           3           4.964
7           4           5.906
8           1           1.391
8           2           2.091
8           3           9.103
8           4           4.563



pe(j, m) - Production emission for producing one unit of item j on machine m. The production emission is period-independent.


1           1           0.738
1           2           0.648
1           3           0.108
1           4           0.355
2           1           0.329
2           2           0.628
2           3           0.224
2           4           0.357
3           1           0.656
3           2           0.612
3           3           0.131
3           4           0.268
4           1           0.292
4           2           0.581
4           3           0.054
4           4           0.289
5           1           0.203
5           2           0.174
5           3           0.159
5           4           0.382
6           1           0.235
6           2           0.166
6           3           0.072
6           4           0.146
7           1           0.79
7           2           0.262
7           3           0.068
7           4           0.394
8           1           0.394
8           2           0.49
8           3           0.213
8           4           0.485



hc(j) - Inventory-holding costs for one unit of item j for one period.


1           0.124
2           0.291
3           0.134
4           0.215
5           0.172
6           0.244
7           0.155
8           0.228



st(j, m) - Setup times for producing a lot of item j on machine m. The setup times are period-independent.


1           1           44.872
1           2           30.109
1           3           79.133
1           4           41.635
2           1           86.79
2           2           52.635
2           3           58.541
2           4           74.107
3           1           67.777
3           2           53.056
3           3           79.74
3           4           42.451
4           1           59.223
4           2           25.437
4           3           39.433
4           4           72.024
5           1           58.762
5           2           51.41
5           3           88.084
5           4           41.961
6           1           86.077
6           2           51.79
6           3           75.529
6           4           54.585
7           1           93.203
7           2           31.07
7           3           44.669
7           4           77.24
8           1           42.193
8           2           70.951
8           3           64.591
8           4           99.905



se(j, m) - Setup emission for producing a lot of item j on machine m. The setup emission are period-independent.


1           1           185.303
1           2           79.808
1           3           46.079
1           4           87.126
2           1           98.698
2           2           137.726
2           3           23.969
2           4           29.613
3           1           122.832
3           2           48.582
3           3           13.636
3           4           45.255
4           1           149.901
4           2           143.326
4           3           42.109
4           4           27.912
5           1           97.725
5           2           146.683
5           3           24.701
5           4           93.939
6           1           85.65
6           2           80.471
6           3           49.897
6           4           26.65
7           1           125.767
7           2           39.894
7           3           37.206
7           4           45.908
8           1           190.477
8           2           69.095
8           3           37.842
8           4           76.235



sc(j, m) - Setup costs for producing a lot of item j on machine m. The setup costs are period-independent.


1           1           8020.32
1           2           10693.76
1           3           32081.28
1           4           16040.64
2           1           19120.64
2           2           25494.187
2           3           76482.56
2           4           38241.28
3           1           8048.04
3           2           10730.72
3           3           32192.16
3           4           16096.08
4           1           12085.15
4           2           16113.533
4           3           48340.6
4           4           24170.3
5           1           10418.613
5           2           13891.484
5           3           41674.453
5           4           20837.227
6           1           14028.373
6           2           18704.498
6           3           56113.493
6           4           28056.747
7           1           9030.817
7           2           12041.089
7           3           36123.267
7           4           18061.633
8           1           13342.56
8           2           17790.08
8           3           53370.24
8           4           26685.12



bc(m) - Fixed investment cost for machine m.


1           4916.98644046915
2           3279.323145787194
3           12514.766380461615
4           8827.43779373467



ca(m, t) - The available capacity of machine m in period t.


1           1           311.70686555555557
1           2           311.70686555555557
1           3           311.70686555555557
1           4           311.70686555555557
1           5           311.70686555555557
1           6           311.70686555555557
2           1           311.70686555555557
2           2           311.70686555555557
2           3           311.70686555555557
2           4           311.70686555555557
2           5           311.70686555555557
2           6           311.70686555555557
3           1           311.70686555555557
3           2           311.70686555555557
3           3           311.70686555555557
3           4           311.70686555555557
3           5           311.70686555555557
3           6           311.70686555555557
4           1           311.70686555555557
4           2           311.70686555555557
4           3           311.70686555555557
4           4           311.70686555555557
4           5           311.70686555555557
4           6           311.70686555555557



em(t) - The limits of carbon emissions in period t.


1           598.8475888888888
2           598.8475888888888
3           598.8475888888888
4           598.8475888888888
5           598.8475888888888
6           598.8475888888888
