Information for the currently-owned machines and the machines that may be purchased: if 1, the machine can be purchased, otherwise currently-owned.


1           0.0
2           0.0
3           1.0
4           0.0



item_machine_arc(j, m) - The relationship arc between item j and machine m, i.e., machine m is capable of producing item j if item_machine_arc(j, m) = 1.


1           1           1.0
1           2           1.0
1           3           1.0
1           4           1.0
2           1           1.0
2           2           1.0
2           3           0.0
2           4           1.0
3           1           1.0
3           2           0.0
3           3           0.0
3           4           1.0
4           1           1.0
4           2           1.0
4           3           1.0
4           4           1.0
5           1           0.0
5           2           1.0
5           3           1.0
5           4           1.0
6           1           0.0
6           2           0.0
6           3           0.0
6           4           1.0
7           1           0.0
7           2           0.0
7           3           1.0
7           4           0.0
8           1           0.0
8           2           0.0
8           3           1.0
8           4           0.0



d(j, t) - Gross demand for item j in period t.


1           1           46
1           2           34
1           3           46
1           4           36
1           5           48
1           6           47
2           1           36
2           2           30
2           3           34
2           4           42
2           5           36
2           6           48
3           1           48
3           2           37
3           3           48
3           4           32
3           5           50
3           6           37
4           1           38
4           2           47
4           3           38
4           4           50
4           5           34
4           6           42
5           1           50
5           2           32
5           3           37
5           4           33
5           5           41
5           6           45
6           1           49
6           2           43
6           3           38
6           4           44
6           5           41
6           6           43
7           1           32
7           2           31
7           3           33
7           4           33
7           5           32
7           6           34
8           1           32
8           2           49
8           3           44
8           4           37
8           5           41
8           6           48



pt(j, m) - Time required to produce one unit of item j on machine m. The production time is period-independent.


1           1           1.165
1           2           0.759
1           3           0.88
1           4           0.972
2           1           1.191
2           2           1.253
2           3           0.78
2           4           1.498
3           1           0.727
3           2           0.899
3           3           1.377
3           4           1.115
4           1           1.424
4           2           0.7
4           3           0.626
4           4           1.386
5           1           0.624
5           2           1.208
5           3           0.875
5           4           0.843
6           1           0.806
6           2           0.893
6           3           0.698
6           4           1.384
7           1           0.817
7           2           1.396
7           3           1.258
7           4           1.287
8           1           1.417
8           2           1.3
8           3           0.953
8           4           0.625



pc(j, m) - Variable costs of producing one unit of item j on machine m. The production cost is period-independent.


1           1           2.307
1           2           9.723
1           3           3.917
1           4           5.599
2           1           1.582
2           2           4.187
2           3           2.28
2           4           3.012
3           1           1.43
3           2           7.418
3           3           1.884
3           4           4.824
4           1           2.686
4           2           8.846
4           3           2.079
4           4           5.298
5           1           1.978
5           2           4.434
5           3           3.096
5           4           3.974
6           1           1.888
6           2           4.151
6           3           3.375
6           4           4.369
7           1           2.993
7           2           10.876
7           3           2.388
7           4           4.923
8           1           1.969
8           2           7.32
8           3           2.247
8           4           5.087



pe(j, m) - Production emission for producing one unit of item j on machine m. The production emission is period-independent.


1           1           3.435
1           2           0.736
1           3           1.539
1           4           0.885
2           1           2.277
2           2           0.951
2           3           1.548
2           4           1.532
3           1           2.098
3           2           0.485
3           3           0.86
3           4           2.255
4           1           1.319
4           2           0.598
4           3           2.696
4           4           1.531
5           1           3.477
5           2           0.713
5           3           1.607
5           4           1.48
6           1           1.278
6           2           0.907
6           3           2.361
6           4           2.395
7           1           4.247
7           2           0.408
7           3           2.587
7           4           1.401
8           1           2.049
8           2           0.877
8           3           2.578
8           4           1.114



hc(j) - Inventory-holding costs for one unit of item j for one period.


1           0.261
2           0.172
3           0.148
4           0.256
5           0.215
6           0.179
7           0.109
8           0.293



st(j, m) - Setup times for producing a lot of item j on machine m. The setup times are period-independent.


1           1           16.272
1           2           9.16
1           3           19.638
1           4           13.685
2           1           11.981
2           2           7.61
2           3           16.084
2           4           6.13
3           1           16.848
3           2           7.41
3           3           15.108
3           4           5.817
4           1           10.711
4           2           16.079
4           3           14.315
4           4           19.712
5           1           5.049
5           2           14.731
5           3           11.54
5           4           5.783
6           1           5.249
6           2           5.069
6           3           14.693
6           4           6.854
7           1           18.534
7           2           13.114
7           3           17.542
7           4           7.683
8           1           9.622
8           2           9.264
8           3           10.838
8           4           13.99



se(j, m) - Setup emission for producing a lot of item j on machine m. The setup emission are period-independent.


1           1           10.124
1           2           8.048
1           3           22.519
1           4           15.67
2           1           36.195
2           2           5.151
2           3           29.162
2           4           7.623
3           1           24.698
3           2           3.785
3           3           19.657
3           4           14.278
4           1           32.281
4           2           3.729
4           3           29.401
4           4           6.756
5           1           13.852
5           2           9.081
5           3           29.758
5           4           7.032
6           1           20.167
6           2           5.911
6           3           8.663
6           4           18.364
7           1           12.696
7           2           7.296
7           3           21.772
7           4           6.013
8           1           10.657
8           2           5.592
8           3           9.691
8           4           10.698



sc(j, m) - Setup costs for producing a lot of item j on machine m. The setup costs are period-independent.


1           1           15651.3
1           2           62605.2
1           3           20868.4
1           4           31302.6
2           1           9070.133
2           2           36280.533
2           3           12093.511
2           4           18140.267
3           1           8702.4
3           2           34809.6
3           3           11603.2
3           4           17404.8
4           1           14873.6
4           2           59494.4
4           3           19831.467
4           4           29747.2
5           1           11939.667
5           2           47758.667
5           3           15919.556
5           4           23879.333
6           1           10775.8
6           2           43103.2
6           3           14367.733
6           4           21551.6
7           1           4959.5
7           2           19838.0
7           3           6612.667
7           4           9919.0
8           1           17160.033
8           2           68640.133
8           3           22880.044
8           4           34320.067



bc(m) - Fixed investment cost for machine m.


1           3690.1207337271803
2           12197.026916044431
3           6089.868464483334
4           5372.183201309576



ca(m, t) - The available capacity of machine m in period t.


1           1           185.88872037037038
1           2           185.88872037037038
1           3           185.88872037037038
1           4           185.88872037037038
1           5           185.88872037037038
1           6           185.88872037037038
2           1           185.88872037037038
2           2           185.88872037037038
2           3           185.88872037037038
2           4           185.88872037037038
2           5           185.88872037037038
2           6           185.88872037037038
3           1           185.88872037037038
3           2           185.88872037037038
3           3           185.88872037037038
3           4           185.88872037037038
3           5           185.88872037037038
3           6           185.88872037037038
4           1           185.88872037037038
4           2           185.88872037037038
4           3           185.88872037037038
4           4           185.88872037037038
4           5           185.88872037037038
4           6           185.88872037037038



em(t) - The limits of carbon emissions in period t.


1           976.1168861111108
2           976.1168861111108
3           976.1168861111108
4           976.1168861111108
5           976.1168861111108
6           976.1168861111108
