Information for the currently-owned machines and the machines that may be purchased: if 1, the machine can be purchased, otherwise currently-owned.


1           1.0
2           0.0
3           0.0
4           0.0



item_machine_arc(j, m) - The relationship arc between item j and machine m, i.e., machine m is capable of producing item j if item_machine_arc(j, m) = 1.


1           1           1.0
1           2           1.0
1           3           1.0
1           4           1.0
2           1           1.0
2           2           0.0
2           3           1.0
2           4           1.0
3           1           1.0
3           2           1.0
3           3           1.0
3           4           1.0
4           1           0.0
4           2           1.0
4           3           1.0
4           4           0.0
5           1           0.0
5           2           0.0
5           3           1.0
5           4           0.0
6           1           1.0
6           2           1.0
6           3           1.0
6           4           1.0
7           1           1.0
7           2           0.0
7           3           0.0
7           4           0.0
8           1           1.0
8           2           1.0
8           3           1.0
8           4           1.0



d(j, t) - Gross demand for item j in period t.


1           1           50
1           2           38
1           3           39
1           4           39
1           5           42
1           6           39
2           1           34
2           2           32
2           3           35
2           4           38
2           5           49
2           6           42
3           1           42
3           2           36
3           3           31
3           4           48
3           5           50
3           6           39
4           1           46
4           2           39
4           3           49
4           4           31
4           5           42
4           6           32
5           1           35
5           2           35
5           3           43
5           4           30
5           5           50
5           6           32
6           1           35
6           2           31
6           3           48
6           4           48
6           5           32
6           6           42
7           1           31
7           2           44
7           3           50
7           4           50
7           5           45
7           6           46
8           1           50
8           2           43
8           3           45
8           4           33
8           5           50
8           6           35



pt(j, m) - Time required to produce one unit of item j on machine m. The production time is period-independent.


1           1           1.46
1           2           1.179
1           3           0.7
1           4           0.755
2           1           0.56
2           2           0.811
2           3           0.897
2           4           0.703
3           1           1.024
3           2           0.563
3           3           0.937
3           4           0.851
4           1           1.206
4           2           0.684
4           3           1.438
4           4           0.936
5           1           1.166
5           2           1.06
5           3           1.286
5           4           1.0
6           1           1.312
6           2           1.498
6           3           0.576
6           4           0.684
7           1           0.862
7           2           0.975
7           3           0.88
7           4           0.564
8           1           1.34
8           2           0.548
8           3           1.155
8           4           0.893



pc(j, m) - Variable costs of producing one unit of item j on machine m. The production cost is period-independent.


1           1           2.316
1           2           3.351
1           3           8.034
1           4           1.328
2           1           3.242
2           2           4.402
2           3           11.497
2           4           2.649
3           1           1.443
3           2           5.715
3           3           7.716
3           4           2.375
4           1           3.167
4           2           4.465
4           3           6.481
4           4           1.636
5           1           1.743
5           2           3.865
5           3           8.738
5           4           2.938
6           1           2.999
6           2           4.815
6           3           4.326
6           4           1.256
7           1           3.647
7           2           4.325
7           3           7.196
7           4           2.796
8           1           3.208
8           2           3.214
8           3           9.432
8           4           2.346



pe(j, m) - Production emission for producing one unit of item j on machine m. The production emission is period-independent.


1           1           0.791
1           2           0.586
1           3           0.549
1           4           1.163
2           1           2.186
2           2           1.233
2           3           0.346
2           4           2.785
3           1           3.421
3           2           1.655
3           3           0.553
3           4           4.964
4           1           2.95
4           2           2.499
4           3           0.914
4           4           2.594
5           1           3.332
5           2           2.068
5           3           0.439
5           4           4.08
6           1           3.65
6           2           1.6
6           3           0.383
6           4           3.196
7           1           1.483
7           2           2.223
7           3           1.237
7           4           4.207
8           1           2.106
8           2           0.761
8           3           0.703
8           4           4.363



hc(j) - Inventory-holding costs for one unit of item j for one period.


1           0.154
2           0.276
3           0.21
4           0.272
5           0.273
6           0.124
7           0.137
8           0.202



st(j, m) - Setup times for producing a lot of item j on machine m. The setup times are period-independent.


1           1           11.116
1           2           12.947
1           3           6.755
1           4           16.659
2           1           8.76
2           2           7.749
2           3           12.649
2           4           12.345
3           1           12.792
3           2           11.337
3           3           15.085
3           4           16.165
4           1           19.783
4           2           16.07
4           3           8.467
4           4           18.825
5           1           18.677
5           2           18.013
5           3           12.544
5           4           8.27
6           1           19.919
6           2           16.142
6           3           15.312
6           4           15.251
7           1           18.493
7           2           5.855
7           3           9.142
7           4           5.21
8           1           5.281
8           2           18.265
8           3           5.47
8           4           12.932



se(j, m) - Setup emission for producing a lot of item j on machine m. The setup emission are period-independent.


1           1           21.437
1           2           6.308
1           3           9.234
1           4           29.437
2           1           19.701
2           2           14.141
2           3           2.892
2           4           23.904
3           1           12.125
3           2           10.898
3           3           9.466
3           4           15.462
4           1           14.906
4           2           16.672
4           3           4.137
4           4           28.214
5           1           29.464
5           2           6.609
5           3           7.681
5           4           23.375
6           1           13.743
6           2           18.133
6           3           2.627
6           4           16.645
7           1           8.991
7           2           13.673
7           3           8.496
7           4           23.68
8           1           10.84
8           2           19.991
8           3           4.044
8           4           17.29



sc(j, m) - Setup costs for producing a lot of item j on machine m. The setup costs are period-independent.


1           1           11834.044
1           2           17751.067
1           3           35502.133
1           4           8875.533
2           1           19749.333
2           2           29624.0
2           3           59248.0
2           4           14812.0
3           1           16072.0
3           2           24108.0
3           3           48216.0
3           4           12054.0
4           1           20224.711
4           2           30337.067
4           3           60674.133
4           4           15168.533
5           1           19110.0
5           2           28665.0
5           3           57330.0
5           4           14332.5
6           1           9104.356
6           2           13656.533
6           3           27313.067
6           4           6828.267
7           1           11337.511
7           2           17006.267
7           3           34012.533
7           4           8503.133
8           1           16088.178
8           2           24132.267
8           3           48264.533
8           4           12066.133



bc(m) - Fixed investment cost for machine m.


1           1594.7807484375858
2           5370.720559508365
3           4361.070215117624
4           4631.226372427836



ca(m, t) - The available capacity of machine m in period t.


1           1           172.08049444444447
1           2           172.08049444444447
1           3           172.08049444444447
1           4           172.08049444444447
1           5           172.08049444444447
1           6           172.08049444444447
2           1           172.08049444444447
2           2           172.08049444444447
2           3           172.08049444444447
2           4           172.08049444444447
2           5           172.08049444444447
2           6           172.08049444444447
3           1           172.08049444444447
3           2           172.08049444444447
3           3           172.08049444444447
3           4           172.08049444444447
3           5           172.08049444444447
3           6           172.08049444444447
4           1           172.08049444444447
4           2           172.08049444444447
4           3           172.08049444444447
4           4           172.08049444444447
4           5           172.08049444444447
4           6           172.08049444444447



em(t) - The limits of carbon emissions in period t.


1           890.7790986111111
2           890.7790986111111
3           890.7790986111111
4           890.7790986111111
5           890.7790986111111
6           890.7790986111111
