Information for the currently-owned machines and the machines that may be purchased: if 1, the machine can be purchased, otherwise currently-owned.


1           0.0
2           1.0
3           0.0
4           0.0



item_machine_arc(j, m) - The relationship arc between item j and machine m, i.e., machine m is capable of producing item j if item_machine_arc(j, m) = 1.


1           1           0.0
1           2           0.0
1           3           1.0
1           4           0.0
2           1           0.0
2           2           1.0
2           3           0.0
2           4           0.0
3           1           1.0
3           2           1.0
3           3           1.0
3           4           1.0
4           1           0.0
4           2           1.0
4           3           0.0
4           4           1.0
5           1           0.0
5           2           1.0
5           3           1.0
5           4           0.0
6           1           1.0
6           2           1.0
6           3           1.0
6           4           1.0
7           1           0.0
7           2           1.0
7           3           0.0
7           4           0.0
8           1           0.0
8           2           1.0
8           3           0.0
8           4           0.0



d(j, t) - Gross demand for item j in period t.


1           1           42
1           2           48
1           3           34
1           4           32
1           5           31
1           6           33
2           1           34
2           2           42
2           3           40
2           4           49
2           5           36
2           6           43
3           1           35
3           2           45
3           3           47
3           4           41
3           5           44
3           6           33
4           1           33
4           2           41
4           3           38
4           4           36
4           5           32
4           6           49
5           1           30
5           2           41
5           3           30
5           4           50
5           5           35
5           6           42
6           1           38
6           2           39
6           3           32
6           4           39
6           5           37
6           6           45
7           1           46
7           2           35
7           3           43
7           4           31
7           5           30
7           6           41
8           1           31
8           2           48
8           3           41
8           4           31
8           5           32
8           6           38



pt(j, m) - Time required to produce one unit of item j on machine m. The production time is period-independent.


1           1           1.25
1           2           0.544
1           3           1.428
1           4           1.006
2           1           0.905
2           2           1.347
2           3           0.886
2           4           1.102
3           1           0.608
3           2           0.56
3           3           1.29
3           4           0.863
4           1           0.505
4           2           1.305
4           3           0.95
4           4           0.653
5           1           0.7
5           2           1.36
5           3           1.256
5           4           0.684
6           1           1.381
6           2           1.196
6           3           1.14
6           4           1.305
7           1           0.812
7           2           1.111
7           3           0.662
7           4           1.147
8           1           0.931
8           2           0.978
8           3           0.511
8           4           1.06



pc(j, m) - Variable costs of producing one unit of item j on machine m. The production cost is period-independent.


1           1           1.641
1           2           8.927
1           3           4.033
1           4           1.449
2           1           2.533
2           2           7.372
2           3           4.002
2           4           2.512
3           1           1.171
3           2           8.776
3           3           2.233
3           4           3.827
4           1           2.833
4           2           8.955
4           3           4.656
4           4           1.749
5           1           1.244
5           2           7.712
5           3           3.242
5           4           2.625
6           1           1.008
6           2           7.576
6           3           4.964
6           4           2.919
7           1           2.345
7           2           4.461
7           3           3.584
7           4           3.452
8           1           1.86
8           2           4.842
8           3           3.486
8           4           1.519



pe(j, m) - Production emission for producing one unit of item j on machine m. The production emission is period-independent.


1           1           1.182
1           2           0.344
1           3           0.509
1           4           1.085
2           1           4.159
2           2           0.91
2           3           0.756
2           4           3.404
3           1           3.464
3           2           0.455
3           3           0.761
3           4           3.491
4           1           3.647
4           2           1.122
4           3           0.753
4           4           3.431
5           1           4.525
5           2           1.085
5           3           1.846
5           4           1.091
6           1           1.724
6           2           1.027
6           3           1.645
6           4           2.121
7           1           3.153
7           2           0.445
7           3           2.136
7           4           3.612
8           1           3.921
8           2           1.203
8           3           0.542
8           4           3.021



hc(j) - Inventory-holding costs for one unit of item j for one period.


1           0.201
2           0.241
3           0.218
4           0.112
5           0.144
6           0.251
7           0.176
8           0.116



st(j, m) - Setup times for producing a lot of item j on machine m. The setup times are period-independent.


1           1           9.229
1           2           19.825
1           3           17.334
1           4           17.53
2           1           12.1
2           2           7.541
2           3           19.744
2           4           6.725
3           1           9.797
3           2           8.639
3           3           15.005
3           4           14.095
4           1           5.053
4           2           17.435
4           3           18.676
4           4           11.398
5           1           14.515
5           2           11.496
5           3           18.382
5           4           11.213
6           1           18.059
6           2           16.568
6           3           16.957
6           4           11.556
7           1           11.197
7           2           11.412
7           3           17.953
7           4           9.911
8           1           12.648
8           2           16.883
8           3           16.839
8           4           18.31



se(j, m) - Setup emission for producing a lot of item j on machine m. The setup emission are period-independent.


1           1           31.738
1           2           9.807
1           3           11.106
1           4           11.701
2           1           35.014
2           2           8.999
2           3           11.276
2           4           16.281
3           1           23.045
3           2           2.54
3           3           7.29
3           4           29.323
4           1           39.613
4           2           6.907
4           3           6.133
4           4           9.608
5           1           17.819
5           2           4.717
5           3           19.191
5           4           17.083
6           1           29.448
6           2           7.704
6           3           12.805
6           4           25.289
7           1           20.865
7           2           6.882
7           3           16.124
7           4           17.372
8           1           35.749
8           2           4.907
8           3           15.979
8           4           11.54



sc(j, m) - Setup costs for producing a lot of item j on machine m. The setup costs are period-independent.


1           1           10318.0
1           2           41272.0
1           3           20636.0
1           4           13757.333
2           1           13720.933
2           2           54883.733
2           3           27441.867
2           4           18294.578
3           1           12462.333
3           2           49849.333
3           3           24924.667
3           4           16616.444
4           1           5984.533
4           2           23938.133
4           3           11969.067
4           4           7979.378
5           1           7660.8
5           2           30643.2
5           3           15321.6
5           4           10214.4
6           1           13470.333
6           2           53881.333
6           3           26940.667
6           4           17960.444
7           1           9281.067
7           2           37124.267
7           3           18562.133
7           4           12374.756
8           1           5981.733
8           2           23926.933
8           3           11963.467
8           4           7975.644



bc(m) - Fixed investment cost for machine m.


1           3722.177755552138
2           18309.239024983555
3           3819.321885920264
4           944.9328752956521



ca(m, t) - The available capacity of machine m in period t.


1           1           210.0582886111111
1           2           210.0582886111111
1           3           210.0582886111111
1           4           210.0582886111111
1           5           210.0582886111111
1           6           210.0582886111111
2           1           210.0582886111111
2           2           210.0582886111111
2           3           210.0582886111111
2           4           210.0582886111111
2           5           210.0582886111111
2           6           210.0582886111111
3           1           210.0582886111111
3           2           210.0582886111111
3           3           210.0582886111111
3           4           210.0582886111111
3           5           210.0582886111111
3           6           210.0582886111111
4           1           210.0582886111111
4           2           210.0582886111111
4           3           210.0582886111111
4           4           210.0582886111111
4           5           210.0582886111111
4           6           210.0582886111111



em(t) - The limits of carbon emissions in period t.


1           690.5632708333335
2           690.5632708333335
3           690.5632708333335
4           690.5632708333335
5           690.5632708333335
6           690.5632708333335
