Information for the currently-owned machines and the machines that may be purchased: if 1, the machine can be purchased, otherwise currently-owned.


1           0.0
2           0.0
3           1.0
4           0.0



item_machine_arc(j, m) - The relationship arc between item j and machine m, i.e., machine m is capable of producing item j if item_machine_arc(j, m) = 1.


1           1           0.0
1           2           1.0
1           3           0.0
1           4           1.0
2           1           0.0
2           2           0.0
2           3           0.0
2           4           1.0
3           1           1.0
3           2           0.0
3           3           0.0
3           4           1.0
4           1           1.0
4           2           1.0
4           3           1.0
4           4           1.0
5           1           1.0
5           2           1.0
5           3           0.0
5           4           1.0
6           1           0.0
6           2           0.0
6           3           0.0
6           4           1.0
7           1           1.0
7           2           0.0
7           3           1.0
7           4           1.0
8           1           0.0
8           2           1.0
8           3           0.0
8           4           1.0



d(j, t) - Gross demand for item j in period t.


1           1           50
1           2           45
1           3           37
1           4           38
1           5           33
1           6           39
2           1           46
2           2           30
2           3           31
2           4           32
2           5           50
2           6           46
3           1           38
3           2           41
3           3           34
3           4           49
3           5           41
3           6           49
4           1           44
4           2           34
4           3           41
4           4           40
4           5           31
4           6           43
5           1           35
5           2           41
5           3           47
5           4           33
5           5           35
5           6           38
6           1           38
6           2           32
6           3           45
6           4           37
6           5           45
6           6           50
7           1           30
7           2           31
7           3           42
7           4           33
7           5           34
7           6           33
8           1           42
8           2           49
8           3           31
8           4           44
8           5           45
8           6           38



pt(j, m) - Time required to produce one unit of item j on machine m. The production time is period-independent.


1           1           0.631
1           2           1.384
1           3           0.899
1           4           1.382
2           1           0.62
2           2           1.105
2           3           0.572
2           4           0.996
3           1           1.152
3           2           1.337
3           3           1.426
3           4           1.288
4           1           0.86
4           2           0.586
4           3           0.734
4           4           0.617
5           1           1.297
5           2           0.913
5           3           1.385
5           4           0.552
6           1           0.695
6           2           1.043
6           3           0.518
6           4           1.321
7           1           0.959
7           2           1.108
7           3           0.942
7           4           0.679
8           1           1.09
8           2           1.332
8           3           0.75
8           4           1.075



pc(j, m) - Variable costs of producing one unit of item j on machine m. The production cost is period-independent.


1           1           5.575
1           2           1.924
1           3           1.52
1           4           6.248
2           1           5.185
2           2           2.191
2           3           1.834
2           4           7.286
3           1           5.95
3           2           1.442
3           3           1.766
3           4           5.178
4           1           2.824
4           2           3.217
4           3           2.304
4           4           9.217
5           1           2.41
5           2           3.999
5           3           1.517
5           4           11.448
6           1           4.168
6           2           2.386
6           3           1.535
6           4           8.27
7           1           3.7
7           2           3.266
7           3           1.383
7           4           6.119
8           1           2.237
8           2           1.366
8           3           2.244
8           4           7.131



pe(j, m) - Production emission for producing one unit of item j on machine m. The production emission is period-independent.


1           1           0.652
1           2           3.38
1           3           4.009
1           4           0.558
2           1           1.177
2           2           2.784
2           3           1.376
2           4           0.748
3           1           2.436
3           2           0.85
3           3           1.847
3           4           0.839
4           1           2.397
4           2           3.46
4           3           1.681
4           4           0.323
5           1           2.364
5           2           1.545
5           3           4.144
5           4           1.0
6           1           1.289
6           2           0.865
6           3           4.412
6           4           0.857
7           1           1.615
7           2           2.435
7           3           1.653
7           4           0.306
8           1           1.716
8           2           2.252
8           3           1.213
8           4           0.824



hc(j) - Inventory-holding costs for one unit of item j for one period.


1           0.172
2           0.148
3           0.207
4           0.23
5           0.133
6           0.239
7           0.168
8           0.104



st(j, m) - Setup times for producing a lot of item j on machine m. The setup times are period-independent.


1           1           90.226
1           2           58.675
1           3           94.133
1           4           96.86
2           1           69.31
2           2           50.258
2           3           92.385
2           4           49.481
3           1           36.783
3           2           50.723
3           3           38.492
3           4           26.721
4           1           51.615
4           2           74.943
4           3           68.843
4           4           72.479
5           1           53.585
5           2           98.041
5           3           41.396
5           4           79.84
6           1           86.432
6           2           66.871
6           3           55.429
6           4           80.029
7           1           32.471
7           2           96.161
7           3           88.463
7           4           42.695
8           1           75.845
8           2           71.193
8           3           49.44
8           4           30.955



se(j, m) - Setup emission for producing a lot of item j on machine m. The setup emission are period-independent.


1           1           10.351
1           2           19.068
1           3           21.412
1           4           3.599
2           1           7.715
2           2           27.138
2           3           24.433
2           4           6.119
3           1           8.938
3           2           16.192
3           3           24.885
3           4           7.924
4           1           15.608
4           2           20.801
4           3           30.106
4           4           5.167
5           1           19.346
5           2           22.429
5           3           16.318
5           4           7.016
6           1           6.914
6           2           27.334
6           3           14.018
6           4           6.337
7           1           14.128
7           2           10.976
7           3           38.385
7           4           8.757
8           1           12.548
8           2           21.202
8           3           16.327
8           4           8.189



sc(j, m) - Setup costs for producing a lot of item j on machine m. The setup costs are period-independent.


1           1           21366.987
1           2           14244.658
1           3           10683.493
1           4           42733.973
2           1           17853.733
2           2           11902.489
2           3           8926.867
2           4           35707.467
3           1           26777.52
3           2           17851.68
3           3           13388.76
3           4           53555.04
4           1           27509.533
4           2           18339.689
4           3           13754.767
4           4           55019.067
5           1           15634.593
5           2           10423.062
5           3           7817.297
5           4           31269.187
6           1           30303.607
6           2           20202.404
6           3           15151.803
6           4           60607.213
7           1           17506.72
7           2           11671.147
7           3           8753.36
7           4           35013.44
8           1           13293.28
8           2           8862.187
8           3           6646.64
8           4           26586.56



bc(m) - Fixed investment cost for machine m.


1           4935.977774421473
2           1652.4551777251613
3           2193.365055344945
4           3670.4113551368223



ca(m, t) - The available capacity of machine m in period t.


1           1           273.52872685185184
1           2           273.52872685185184
1           3           273.52872685185184
1           4           273.52872685185184
1           5           273.52872685185184
1           6           273.52872685185184
2           1           273.52872685185184
2           2           273.52872685185184
2           3           273.52872685185184
2           4           273.52872685185184
2           5           273.52872685185184
2           6           273.52872685185184
3           1           273.52872685185184
3           2           273.52872685185184
3           3           273.52872685185184
3           4           273.52872685185184
3           5           273.52872685185184
3           6           273.52872685185184
4           1           273.52872685185184
4           2           273.52872685185184
4           3           273.52872685185184
4           4           273.52872685185184
4           5           273.52872685185184
4           6           273.52872685185184



em(t) - The limits of carbon emissions in period t.


1           779.9082958333335
2           779.9082958333335
3           779.9082958333335
4           779.9082958333335
5           779.9082958333335
6           779.9082958333335
