Information for the currently-owned machines and the machines that may be purchased: if 1, the machine can be purchased, otherwise currently-owned.


1           0.0
2           1.0
3           0.0
4           0.0



item_machine_arc(j, m) - The relationship arc between item j and machine m, i.e., machine m is capable of producing item j if item_machine_arc(j, m) = 1.


1           1           1.0
1           2           1.0
1           3           1.0
1           4           1.0
2           1           1.0
2           2           1.0
2           3           1.0
2           4           1.0
3           1           1.0
3           2           0.0
3           3           1.0
3           4           1.0
4           1           0.0
4           2           1.0
4           3           1.0
4           4           1.0
5           1           0.0
5           2           1.0
5           3           1.0
5           4           1.0
6           1           1.0
6           2           1.0
6           3           0.0
6           4           1.0
7           1           1.0
7           2           0.0
7           3           1.0
7           4           0.0
8           1           1.0
8           2           1.0
8           3           1.0
8           4           1.0



d(j, t) - Gross demand for item j in period t.


1           1           39
1           2           49
1           3           35
1           4           39
1           5           47
1           6           48
2           1           34
2           2           50
2           3           46
2           4           45
2           5           36
2           6           41
3           1           44
3           2           41
3           3           40
3           4           37
3           5           42
3           6           48
4           1           50
4           2           47
4           3           37
4           4           40
4           5           44
4           6           37
5           1           31
5           2           44
5           3           36
5           4           48
5           5           38
5           6           36
6           1           38
6           2           37
6           3           31
6           4           44
6           5           44
6           6           42
7           1           42
7           2           41
7           3           46
7           4           48
7           5           43
7           6           32
8           1           45
8           2           44
8           3           42
8           4           48
8           5           34
8           6           30



pt(j, m) - Time required to produce one unit of item j on machine m. The production time is period-independent.


1           1           0.904
1           2           1.074
1           3           0.773
1           4           0.858
2           1           1.466
2           2           0.681
2           3           1.022
2           4           1.212
3           1           0.797
3           2           1.032
3           3           1.344
3           4           1.162
4           1           1.423
4           2           1.351
4           3           0.631
4           4           1.135
5           1           0.771
5           2           0.819
5           3           0.614
5           4           0.621
6           1           1.043
6           2           1.188
6           3           0.898
6           4           0.745
7           1           1.336
7           2           1.351
7           3           0.929
7           4           1.456
8           1           0.605
8           2           0.913
8           3           1.234
8           4           1.212



pc(j, m) - Variable costs of producing one unit of item j on machine m. The production cost is period-independent.


1           1           4.706
1           2           4.373
1           3           2.316
1           4           2.087
2           1           6.385
2           2           5.555
2           3           1.076
2           4           2.154
3           1           7.828
3           2           3.585
3           3           2.538
3           4           1.843
4           1           10.335
4           2           4.754
4           3           2.302
4           4           2.001
5           1           10.913
5           2           2.296
5           3           1.948
5           4           1.461
6           1           7.618
6           2           3.419
6           3           2.243
6           4           3.968
7           1           7.118
7           2           5.976
7           3           2.827
7           4           1.77
8           1           8.963
8           2           4.285
8           3           1.207
8           4           1.54



pe(j, m) - Production emission for producing one unit of item j on machine m. The production emission is period-independent.


1           1           0.305
1           2           2.123
1           3           4.516
1           4           2.141
2           1           1.104
2           2           1.893
2           3           3.995
2           4           0.793
3           1           0.365
3           2           1.751
3           3           2.581
3           4           1.588
4           1           1.243
4           2           0.763
4           3           1.477
4           4           3.486
5           1           1.183
5           2           2.002
5           3           1.573
5           4           3.42
6           1           0.513
6           2           1.983
6           3           1.266
6           4           1.898
7           1           1.136
7           2           0.704
7           3           3.297
7           4           2.666
8           1           0.494
8           2           0.644
8           3           3.0
8           4           2.158



hc(j) - Inventory-holding costs for one unit of item j for one period.


1           0.202
2           0.296
3           0.161
4           0.206
5           0.285
6           0.201
7           0.299
8           0.144



st(j, m) - Setup times for producing a lot of item j on machine m. The setup times are period-independent.


1           1           46.876
1           2           57.185
1           3           26.822
1           4           46.332
2           1           52.43
2           2           79.89
2           3           91.436
2           4           33.36
3           1           39.733
3           2           80.609
3           3           64.392
3           4           29.61
4           1           65.03
4           2           94.888
4           3           51.505
4           4           90.021
5           1           69.21
5           2           58.493
5           3           29.897
5           4           89.915
6           1           68.373
6           2           68.872
6           3           85.966
6           4           39.322
7           1           91.237
7           2           66.711
7           3           27.35
7           4           75.625
8           1           33.651
8           2           86.351
8           3           79.75
8           4           29.539



se(j, m) - Setup emission for producing a lot of item j on machine m. The setup emission are period-independent.


1           1           18.662
1           2           76.945
1           3           142.361
1           4           40.808
2           1           34.754
2           2           90.799
2           3           150.154
2           4           94.095
3           1           24.284
3           2           56.425
3           3           107.365
3           4           144.994
4           1           30.469
4           2           96.231
4           3           154.179
4           4           148.011
5           1           35.703
5           2           46.398
5           3           147.578
5           4           143.022
6           1           31.036
6           2           26.613
6           3           147.432
6           4           85.472
7           1           17.691
7           2           71.81
7           3           177.546
7           4           124.614
8           1           36.409
8           2           26.906
8           3           193.448
8           4           121.714



sc(j, m) - Setup costs for producing a lot of item j on machine m. The setup costs are period-independent.


1           1           48453.067
1           2           24226.533
1           3           12113.267
1           4           16151.022
2           1           69619.2
2           2           34809.6
2           3           17404.8
2           4           23206.4
3           1           37867.2
3           2           18933.6
3           3           9466.8
3           4           12622.4
4           1           49028.0
4           2           24514.0
4           3           12257.0
4           4           16342.667
5           1           61978.0
5           2           30989.0
5           3           15494.5
5           4           20659.333
6           1           44273.6
6           2           22136.8
6           3           11068.4
6           4           14757.867
7           1           70324.8
7           2           35162.4
7           3           17581.2
7           4           23441.6
8           1           32659.2
8           2           16329.6
8           3           8164.8
8           4           10886.4



bc(m) - Fixed investment cost for machine m.


1           10715.393107597623
2           6331.687016210249
3           1296.0375858196278
4           4255.044019532576



ca(m, t) - The available capacity of machine m in period t.


1           1           288.38541212962963
1           2           288.38541212962963
1           3           288.38541212962963
1           4           288.38541212962963
1           5           288.38541212962963
1           6           288.38541212962963
2           1           288.38541212962963
2           2           288.38541212962963
2           3           288.38541212962963
2           4           288.38541212962963
2           5           288.38541212962963
2           6           288.38541212962963
3           1           288.38541212962963
3           2           288.38541212962963
3           3           288.38541212962963
3           4           288.38541212962963
3           5           288.38541212962963
3           6           288.38541212962963
4           1           288.38541212962963
4           2           288.38541212962963
4           3           288.38541212962963
4           4           288.38541212962963
4           5           288.38541212962963
4           6           288.38541212962963



em(t) - The limits of carbon emissions in period t.


1           1397.6763888888888
2           1397.6763888888888
3           1397.6763888888888
4           1397.6763888888888
5           1397.6763888888888
6           1397.6763888888888
