Information for the currently-owned machines and the machines that may be purchased: if 1, the machine can be purchased, otherwise currently-owned.


1           0.0
2           1.0
3           0.0
4           0.0



item_machine_arc(j, m) - The relationship arc between item j and machine m, i.e., machine m is capable of producing item j if item_machine_arc(j, m) = 1.


1           1           0.0
1           2           1.0
1           3           0.0
1           4           1.0
2           1           1.0
2           2           1.0
2           3           1.0
2           4           1.0
3           1           1.0
3           2           0.0
3           3           0.0
3           4           0.0
4           1           1.0
4           2           1.0
4           3           1.0
4           4           1.0
5           1           1.0
5           2           1.0
5           3           1.0
5           4           0.0
6           1           1.0
6           2           1.0
6           3           0.0
6           4           0.0
7           1           1.0
7           2           0.0
7           3           1.0
7           4           1.0
8           1           1.0
8           2           0.0
8           3           1.0
8           4           1.0



d(j, t) - Gross demand for item j in period t.


1           1           38
1           2           38
1           3           35
1           4           32
1           5           49
1           6           38
2           1           30
2           2           33
2           3           32
2           4           35
2           5           48
2           6           31
3           1           45
3           2           45
3           3           50
3           4           37
3           5           49
3           6           42
4           1           45
4           2           49
4           3           37
4           4           49
4           5           50
4           6           38
5           1           36
5           2           40
5           3           40
5           4           50
5           5           31
5           6           37
6           1           44
6           2           41
6           3           50
6           4           45
6           5           34
6           6           41
7           1           42
7           2           43
7           3           39
7           4           37
7           5           30
7           6           40
8           1           40
8           2           49
8           3           34
8           4           35
8           5           47
8           6           32



pt(j, m) - Time required to produce one unit of item j on machine m. The production time is period-independent.


1           1           1.41
1           2           1.373
1           3           0.638
1           4           1.493
2           1           1.306
2           2           0.576
2           3           0.986
2           4           0.895
3           1           0.91
3           2           0.904
3           3           0.866
3           4           1.227
4           1           0.957
4           2           1.413
4           3           1.168
4           4           0.982
5           1           0.897
5           2           1.476
5           3           1.233
5           4           0.862
6           1           1.016
6           2           0.574
6           3           0.689
6           4           0.58
7           1           1.206
7           2           0.633
7           3           1.143
7           4           1.437
8           1           1.018
8           2           1.1
8           3           0.637
8           4           1.129



pc(j, m) - Variable costs of producing one unit of item j on machine m. The production cost is period-independent.


1           1           2.566
1           2           4.027
1           3           3.802
1           4           1.286
2           1           2.323
2           2           11.694
2           3           2.314
2           4           1.515
3           1           2.351
3           2           10.054
3           3           4.227
3           4           1.975
4           1           1.56
4           2           10.464
4           3           4.406
4           4           1.791
5           1           2.832
5           2           5.805
5           3           5.362
5           4           2.782
6           1           1.365
6           2           6.514
6           3           2.255
6           4           2.699
7           1           3.747
7           2           10.838
7           3           3.94
7           4           1.463
8           1           2.742
8           2           6.385
8           3           5.097
8           4           1.843



pe(j, m) - Production emission for producing one unit of item j on machine m. The production emission is period-independent.


1           1           0.907
1           2           0.457
1           3           0.746
1           4           3.735
2           1           3.177
2           2           0.478
2           3           0.749
2           4           3.193
3           1           1.775
3           2           0.539
3           3           1.481
3           4           2.853
4           1           2.732
4           2           0.748
4           3           2.288
4           4           1.104
5           1           0.862
5           2           0.507
5           3           1.709
5           4           3.471
6           1           2.501
6           2           0.446
6           3           1.905
6           4           4.02
7           1           2.392
7           2           0.332
7           3           2.458
7           4           1.962
8           1           2.582
8           2           0.763
8           3           1.254
8           4           1.546



hc(j) - Inventory-holding costs for one unit of item j for one period.


1           0.227
2           0.214
3           0.104
4           0.212
5           0.102
6           0.267
7           0.247
8           0.213



st(j, m) - Setup times for producing a lot of item j on machine m. The setup times are period-independent.


1           1           70.43
1           2           74.403
1           3           66.263
1           4           36.773
2           1           97.389
2           2           82.061
2           3           31.452
2           4           87.693
3           1           38.589
3           2           36.03
3           3           92.418
3           4           45.107
4           1           47.494
4           2           80.354
4           3           56.987
4           4           64.283
5           1           35.071
5           2           68.64
5           3           80.061
5           4           52.803
6           1           28.254
6           2           36.685
6           3           74.18
6           4           82.221
7           1           72.488
7           2           73.841
7           3           69.881
7           4           44.27
8           1           44.47
8           2           58.463
8           3           40.809
8           4           48.043



se(j, m) - Setup emission for producing a lot of item j on machine m. The setup emission are period-independent.


1           1           39.931
1           2           44.119
1           3           88.63
1           4           110.661
2           1           141.781
2           2           18.12
2           3           71.453
2           4           138.856
3           1           134.577
3           2           47.168
3           3           86.159
3           4           178.003
4           1           66.217
4           2           19.668
4           3           26.633
4           4           157.095
5           1           39.915
5           2           16.188
5           3           69.328
5           4           80.434
6           1           142.819
6           2           44.868
6           3           88.107
6           4           90.224
7           1           121.489
7           2           40.05
7           3           92.172
7           4           160.301
8           1           109.273
8           2           43.661
8           3           32.882
8           4           184.645



sc(j, m) - Setup costs for producing a lot of item j on machine m. The setup costs are period-independent.


1           1           17867.422
1           2           53602.267
1           3           26801.133
1           4           13400.567
2           1           15306.231
2           2           45918.693
2           3           22959.347
2           4           11479.673
3           1           9538.418
3           2           28615.253
3           3           14307.627
3           4           7153.813
4           1           19443.698
4           2           58331.093
4           3           29165.547
4           4           14582.773
5           1           8168.16
5           2           24504.48
5           3           12252.24
5           4           6126.12
6           1           23300.2
6           2           69900.6
6           3           34950.3
6           4           17475.15
7           1           19526.173
7           2           58578.52
7           3           29289.26
7           4           14644.63
8           1           17275.72
8           2           51827.16
8           3           25913.58
8           4           12956.79



bc(m) - Fixed investment cost for machine m.


1           4402.7956541781905
2           5433.787449861161
3           4712.528606344415
4           4263.744924985874



ca(m, t) - The available capacity of machine m in period t.


1           1           287.7092166666667
1           2           287.7092166666667
1           3           287.7092166666667
1           4           287.7092166666667
1           5           287.7092166666667
1           6           287.7092166666667
2           1           287.7092166666667
2           2           287.7092166666667
2           3           287.7092166666667
2           4           287.7092166666667
2           5           287.7092166666667
2           6           287.7092166666667
3           1           287.7092166666667
3           2           287.7092166666667
3           3           287.7092166666667
3           4           287.7092166666667
3           5           287.7092166666667
3           6           287.7092166666667
4           1           287.7092166666667
4           2           287.7092166666667
4           3           287.7092166666667
4           4           287.7092166666667
4           5           287.7092166666667
4           6           287.7092166666667



em(t) - The limits of carbon emissions in period t.


1           1307.639083333333
2           1307.639083333333
3           1307.639083333333
4           1307.639083333333
5           1307.639083333333
6           1307.639083333333
