Information for the currently-owned machines and the machines that may be purchased: if 1, the machine can be purchased, otherwise currently-owned.


1           0.0
2           0.0
3           1.0
4           0.0



item_machine_arc(j, m) - The relationship arc between item j and machine m, i.e., machine m is capable of producing item j if item_machine_arc(j, m) = 1.


1           1           1.0
1           2           0.0
1           3           0.0
1           4           0.0
2           1           0.0
2           2           0.0
2           3           0.0
2           4           1.0
3           1           1.0
3           2           0.0
3           3           1.0
3           4           1.0
4           1           0.0
4           2           0.0
4           3           1.0
4           4           1.0
5           1           0.0
5           2           1.0
5           3           0.0
5           4           1.0
6           1           1.0
6           2           0.0
6           3           0.0
6           4           0.0
7           1           0.0
7           2           0.0
7           3           1.0
7           4           1.0
8           1           1.0
8           2           1.0
8           3           1.0
8           4           0.0



d(j, t) - Gross demand for item j in period t.


1           1           46
1           2           33
1           3           32
1           4           41
1           5           37
1           6           41
2           1           43
2           2           46
2           3           46
2           4           41
2           5           38
2           6           48
3           1           46
3           2           36
3           3           34
3           4           31
3           5           44
3           6           39
4           1           37
4           2           39
4           3           32
4           4           44
4           5           47
4           6           45
5           1           35
5           2           31
5           3           45
5           4           49
5           5           45
5           6           34
6           1           34
6           2           42
6           3           33
6           4           31
6           5           47
6           6           48
7           1           34
7           2           47
7           3           40
7           4           31
7           5           42
7           6           30
8           1           50
8           2           33
8           3           42
8           4           49
8           5           40
8           6           34



pt(j, m) - Time required to produce one unit of item j on machine m. The production time is period-independent.


1           1           0.708
1           2           0.846
1           3           0.675
1           4           0.594
2           1           0.688
2           2           0.798
2           3           1.386
2           4           0.797
3           1           1.311
3           2           1.489
3           3           1.138
3           4           0.757
4           1           0.601
4           2           1.272
4           3           1.293
4           4           1.281
5           1           0.699
5           2           0.669
5           3           1.029
5           4           0.924
6           1           0.987
6           2           0.688
6           3           0.646
6           4           1.15
7           1           1.471
7           2           0.906
7           3           0.89
7           4           1.219
8           1           1.153
8           2           0.61
8           3           0.606
8           4           0.875



pc(j, m) - Variable costs of producing one unit of item j on machine m. The production cost is period-independent.


1           1           3.24
1           2           2.412
1           3           2.268
1           4           4.68
2           1           2.996
2           2           1.37
2           3           5.484
2           4           6.417
3           1           2.975
3           2           1.679
3           3           4.473
3           4           9.184
4           1           2.468
4           2           1.422
4           3           2.303
4           4           7.313
5           1           3.212
5           2           2.654
5           3           3.109
5           4           6.372
6           1           3.566
6           2           1.501
6           3           5.279
6           4           9.333
7           1           1.522
7           2           2.832
7           3           4.55
7           4           6.391
8           1           2.907
8           2           1.678
8           3           2.62
8           4           11.574



pe(j, m) - Production emission for producing one unit of item j on machine m. The production emission is period-independent.


1           1           0.505
1           2           0.947
1           3           0.397
1           4           0.202
2           1           0.501
2           2           0.975
2           3           0.289
2           4           0.218
3           1           0.59
3           2           0.866
3           3           0.224
3           4           0.082
4           1           0.458
4           2           0.527
4           3           0.129
4           4           0.195
5           1           0.729
5           2           0.954
5           3           0.308
5           4           0.143
6           1           0.26
6           2           0.719
6           3           0.112
6           4           0.148
7           1           0.662
7           2           0.499
7           3           0.228
7           4           0.144
8           1           0.593
8           2           0.67
8           3           0.402
8           4           0.094



hc(j) - Inventory-holding costs for one unit of item j for one period.


1           0.103
2           0.203
3           0.252
4           0.247
5           0.117
6           0.171
7           0.123
8           0.279



st(j, m) - Setup times for producing a lot of item j on machine m. The setup times are period-independent.


1           1           36.952
1           2           48.478
1           3           94.217
1           4           90.064
2           1           84.677
2           2           59.902
2           3           67.38
2           4           65.112
3           1           27.375
3           2           43.715
3           3           62.444
3           4           78.016
4           1           86.867
4           2           25.3
4           3           84.568
4           4           89.868
5           1           66.892
5           2           56.613
5           3           93.678
5           4           97.408
6           1           99.785
6           2           32.516
6           3           33.236
6           4           79.235
7           1           93.645
7           2           42.075
7           3           34.252
7           4           68.078
8           1           83.582
8           2           74.293
8           3           28.029
8           4           75.442



se(j, m) - Setup emission for producing a lot of item j on machine m. The setup emission are period-independent.


1           1           18.065
1           2           29.631
1           3           17.362
1           4           8.532
2           1           18.382
2           2           19.029
2           3           16.434
2           4           9.429
3           1           8.242
3           2           15.721
3           3           18.081
3           4           7.018
4           1           25.198
4           2           18.159
4           3           12.155
4           4           4.063
5           1           12.134
5           2           30.931
5           3           15.462
5           4           6.158
6           1           18.735
6           2           18.387
6           3           5.461
6           4           5.354
7           1           11.962
7           2           14.348
7           3           7.319
7           4           4.116
8           1           20.029
8           2           21.11
8           3           7.28
8           4           8.569



sc(j, m) - Setup costs for producing a lot of item j on machine m. The setup costs are period-independent.


1           1           8107.244
1           2           6080.433
1           3           12160.867
1           4           24321.733
2           1           18201.431
2           2           13651.073
2           3           27302.147
2           4           54604.293
3           1           19835.2
3           2           14876.4
3           3           29752.8
3           4           59505.6
4           1           20625.049
4           2           15468.787
4           3           30937.573
4           4           61875.147
5           1           9569.56
5           2           7177.17
5           3           14354.34
5           4           28708.68
6           1           13752.2
6           2           10314.15
6           3           20628.3
6           4           41256.6
7           1           9428.907
7           2           7071.68
7           3           14143.36
7           4           28286.72
8           1           23679.04
8           2           17759.28
8           3           35518.56
8           4           71037.12



bc(m) - Fixed investment cost for machine m.


1           6467.30537818869
2           342.2490160477615
3           5635.633998951374
4           11104.608066325989



ca(m, t) - The available capacity of machine m in period t.


1           1           263.7674407407407
1           2           263.7674407407407
1           3           263.7674407407407
1           4           263.7674407407407
1           5           263.7674407407407
1           6           263.7674407407407
2           1           263.7674407407407
2           2           263.7674407407407
2           3           263.7674407407407
2           4           263.7674407407407
2           5           263.7674407407407
2           6           263.7674407407407
3           1           263.7674407407407
3           2           263.7674407407407
3           3           263.7674407407407
3           4           263.7674407407407
3           5           263.7674407407407
3           6           263.7674407407407
4           1           263.7674407407407
4           2           263.7674407407407
4           3           263.7674407407407
4           4           263.7674407407407
4           5           263.7674407407407
4           6           263.7674407407407



em(t) - The limits of carbon emissions in period t.


1           226.45999444444436
2           226.45999444444436
3           226.45999444444436
4           226.45999444444436
5           226.45999444444436
6           226.45999444444436
