Information for the currently-owned machines and the machines that may be purchased: if 1, the machine can be purchased, otherwise currently-owned.


1           0.0
2           0.0
3           1.0
4           0.0



item_machine_arc(j, m) - The relationship arc between item j and machine m, i.e., machine m is capable of producing item j if item_machine_arc(j, m) = 1.


1           1           0.0
1           2           1.0
1           3           0.0
1           4           1.0
2           1           1.0
2           2           0.0
2           3           1.0
2           4           1.0
3           1           1.0
3           2           1.0
3           3           0.0
3           4           1.0
4           1           1.0
4           2           0.0
4           3           1.0
4           4           0.0
5           1           1.0
5           2           0.0
5           3           0.0
5           4           1.0
6           1           1.0
6           2           1.0
6           3           0.0
6           4           1.0
7           1           1.0
7           2           1.0
7           3           1.0
7           4           1.0
8           1           1.0
8           2           1.0
8           3           1.0
8           4           1.0



d(j, t) - Gross demand for item j in period t.


1           1           48
1           2           50
1           3           46
1           4           32
1           5           30
1           6           31
2           1           42
2           2           41
2           3           32
2           4           42
2           5           30
2           6           42
3           1           45
3           2           45
3           3           30
3           4           42
3           5           45
3           6           40
4           1           37
4           2           40
4           3           44
4           4           45
4           5           36
4           6           42
5           1           31
5           2           40
5           3           36
5           4           46
5           5           39
5           6           49
6           1           34
6           2           44
6           3           31
6           4           44
6           5           31
6           6           44
7           1           39
7           2           32
7           3           47
7           4           48
7           5           44
7           6           31
8           1           31
8           2           39
8           3           42
8           4           44
8           5           39
8           6           32



pt(j, m) - Time required to produce one unit of item j on machine m. The production time is period-independent.


1           1           0.831
1           2           1.101
1           3           0.797
1           4           1.078
2           1           0.889
2           2           0.669
2           3           1.441
2           4           1.343
3           1           0.933
3           2           0.954
3           3           1.134
3           4           1.439
4           1           0.875
4           2           0.937
4           3           0.525
4           4           0.963
5           1           0.991
5           2           0.753
5           3           0.555
5           4           0.938
6           1           1.197
6           2           0.623
6           3           1.283
6           4           1.287
7           1           1.147
7           2           0.708
7           3           0.747
7           4           0.729
8           1           1.343
8           2           1.187
8           3           0.609
8           4           0.638



pc(j, m) - Variable costs of producing one unit of item j on machine m. The production cost is period-independent.


1           1           1.414
1           2           3.549
1           3           5.153
1           4           6.423
2           1           1.072
2           2           1.63
2           3           4.782
2           4           5.188
3           1           1.292
3           2           3.483
3           3           3.099
3           4           7.812
4           1           1.364
4           2           1.906
4           3           3.497
4           4           5.334
5           1           1.439
5           2           1.863
5           3           2.725
5           4           5.17
6           1           1.253
6           2           2.486
6           3           4.58
6           4           9.542
7           1           1.679
7           2           2.653
7           3           5.888
7           4           9.181
8           1           1.022
8           2           1.567
8           3           2.061
8           4           7.128



pe(j, m) - Production emission for producing one unit of item j on machine m. The production emission is period-independent.


1           1           1.454
1           2           1.422
1           3           2.357
1           4           0.28
2           1           1.031
2           2           3.124
2           3           0.537
2           4           0.966
3           1           2.918
3           2           1.678
3           3           0.716
3           4           0.649
4           1           1.425
4           2           1.91
4           3           1.669
4           4           0.585
5           1           4.739
5           2           3.67
5           3           2.062
5           4           1.004
6           1           3.485
6           2           0.937
6           3           0.657
6           4           0.381
7           1           4.227
7           2           3.418
7           3           1.048
7           4           1.029
8           1           3.171
8           2           2.157
8           3           0.994
8           4           0.784



hc(j) - Inventory-holding costs for one unit of item j for one period.


1           0.188
2           0.185
3           0.204
4           0.12
5           0.131
6           0.219
7           0.28
8           0.108



st(j, m) - Setup times for producing a lot of item j on machine m. The setup times are period-independent.


1           1           34.84
1           2           76.797
1           3           48.954
1           4           38.221
2           1           86.347
2           2           83.366
2           3           33.316
2           4           79.469
3           1           40.957
3           2           45.865
3           3           82.096
3           4           68.913
4           1           72.112
4           2           49.873
4           3           51.002
4           4           76.953
5           1           58.386
5           2           57.777
5           3           27.611
5           4           39.469
6           1           64.77
6           2           58.902
6           3           42.457
6           4           79.051
7           1           25.484
7           2           60.327
7           3           30.9
7           4           70.639
8           1           96.011
8           2           90.327
8           3           77.935
8           4           56.408



se(j, m) - Setup emission for producing a lot of item j on machine m. The setup emission are period-independent.


1           1           152.364
1           2           120.991
1           3           84.376
1           4           21.439
2           1           97.733
2           2           69.051
2           3           28.383
2           4           32.141
3           1           141.793
3           2           97.98
3           3           28.508
3           4           26.518
4           1           133.092
4           2           73.541
4           3           50.162
4           4           18.7
5           1           198.6
5           2           55.92
5           3           86.808
5           4           47.256
6           1           56.387
6           2           88.587
6           3           60.916
6           4           24.55
7           1           142.725
7           2           39.545
7           3           94.426
7           4           47.948
8           1           126.574
8           2           92.452
8           3           87.063
8           4           48.984



sc(j, m) - Setup costs for producing a lot of item j on machine m. The setup costs are period-independent.


1           1           10396.4
1           2           13861.867
1           3           20792.8
1           4           41585.6
2           1           9885.167
2           2           13180.222
2           3           19770.333
2           4           39540.667
3           1           11757.2
3           2           15676.267
3           3           23514.4
3           4           47028.8
4           1           6832.0
4           2           9109.333
4           3           13664.0
4           4           27328.0
5           1           7366.567
5           2           9822.089
5           3           14733.133
5           4           29466.267
6           1           11650.8
6           2           15534.4
6           3           23301.6
6           4           46603.2
7           1           15745.333
7           2           20993.778
7           3           31490.667
7           4           62981.333
8           1           5720.4
8           2           7627.2
8           3           11440.8
8           4           22881.6



bc(m) - Fixed investment cost for machine m.


1           1632.0007726303493
2           6270.832777483487
3           8498.065378235875
4           3927.2535743758463



ca(m, t) - The available capacity of machine m in period t.


1           1           257.4002861111111
1           2           257.4002861111111
1           3           257.4002861111111
1           4           257.4002861111111
1           5           257.4002861111111
1           6           257.4002861111111
2           1           257.4002861111111
2           2           257.4002861111111
2           3           257.4002861111111
2           4           257.4002861111111
2           5           257.4002861111111
2           6           257.4002861111111
3           1           257.4002861111111
3           2           257.4002861111111
3           3           257.4002861111111
3           4           257.4002861111111
3           5           257.4002861111111
3           6           257.4002861111111
4           1           257.4002861111111
4           2           257.4002861111111
4           3           257.4002861111111
4           4           257.4002861111111
4           5           257.4002861111111
4           6           257.4002861111111



em(t) - The limits of carbon emissions in period t.


1           1216.0556916666665
2           1216.0556916666665
3           1216.0556916666665
4           1216.0556916666665
5           1216.0556916666665
6           1216.0556916666665
