Information for the currently-owned machines and the machines that may be purchased: if 1, the machine can be purchased, otherwise currently-owned.


1           1.0
2           0.0
3           0.0
4           0.0



item_machine_arc(j, m) - The relationship arc between item j and machine m, i.e., machine m is capable of producing item j if item_machine_arc(j, m) = 1.


1           1           1.0
1           2           1.0
1           3           1.0
1           4           1.0
2           1           0.0
2           2           1.0
2           3           1.0
2           4           1.0
3           1           0.0
3           2           1.0
3           3           0.0
3           4           0.0
4           1           0.0
4           2           1.0
4           3           0.0
4           4           1.0
5           1           0.0
5           2           0.0
5           3           1.0
5           4           0.0
6           1           1.0
6           2           1.0
6           3           1.0
6           4           1.0
7           1           0.0
7           2           0.0
7           3           1.0
7           4           1.0
8           1           1.0
8           2           0.0
8           3           0.0
8           4           0.0



d(j, t) - Gross demand for item j in period t.


1           1           41
1           2           31
1           3           37
1           4           40
1           5           41
1           6           30
2           1           32
2           2           39
2           3           31
2           4           36
2           5           38
2           6           35
3           1           42
3           2           36
3           3           34
3           4           49
3           5           43
3           6           48
4           1           39
4           2           38
4           3           36
4           4           37
4           5           40
4           6           40
5           1           40
5           2           34
5           3           34
5           4           48
5           5           39
5           6           33
6           1           30
6           2           48
6           3           39
6           4           49
6           5           40
6           6           30
7           1           49
7           2           40
7           3           37
7           4           39
7           5           46
7           6           50
8           1           31
8           2           41
8           3           43
8           4           32
8           5           44
8           6           36



pt(j, m) - Time required to produce one unit of item j on machine m. The production time is period-independent.


1           1           1.025
1           2           0.746
1           3           0.705
1           4           0.874
2           1           1.142
2           2           1.075
2           3           0.908
2           4           1.178
3           1           0.96
3           2           1.447
3           3           0.725
3           4           1.469
4           1           1.342
4           2           0.853
4           3           1.235
4           4           0.841
5           1           0.807
5           2           1.213
5           3           1.3
5           4           0.927
6           1           1.175
6           2           0.782
6           3           1.019
6           4           1.185
7           1           1.402
7           2           1.28
7           3           0.553
7           4           0.666
8           1           0.946
8           2           1.133
8           3           1.236
8           4           1.476



pc(j, m) - Variable costs of producing one unit of item j on machine m. The production cost is period-independent.


1           1           2.891
1           2           2.953
1           3           11.819
1           4           2.656
2           1           3.288
2           2           2.065
2           3           7.779
2           4           1.345
3           1           2.911
3           2           4.913
3           3           11.263
3           4           2.007
4           1           3.606
4           2           5.598
4           3           6.155
4           4           1.851
5           1           3.044
5           2           5.995
5           3           9.554
5           4           2.784
6           1           1.469
6           2           5.459
6           3           9.642
6           4           2.467
7           1           3.908
7           2           2.722
7           3           8.112
7           4           1.883
8           1           1.648
8           2           2.014
8           3           6.864
8           4           1.566



pe(j, m) - Production emission for producing one unit of item j on machine m. The production emission is period-independent.


1           1           2.567
1           2           0.727
1           3           0.882
1           4           1.283
2           1           3.462
2           2           0.575
2           3           1.198
2           4           1.616
3           1           3.483
3           2           2.349
3           3           0.877
3           4           3.426
4           1           1.101
4           2           2.212
4           3           0.74
4           4           4.039
5           1           2.624
5           2           1.878
5           3           0.658
5           4           2.409
6           1           2.01
6           2           1.223
6           3           0.343
6           4           4.682
7           1           1.865
7           2           1.544
7           3           0.258
7           4           4.266
8           1           0.962
8           2           1.793
8           3           0.283
8           4           4.803



hc(j) - Inventory-holding costs for one unit of item j for one period.


1           0.183
2           0.144
3           0.262
4           0.191
5           0.155
6           0.236
7           0.137
8           0.226



st(j, m) - Setup times for producing a lot of item j on machine m. The setup times are period-independent.


1           1           85.021
1           2           45.706
1           3           74.897
1           4           33.036
2           1           69.248
2           2           45.135
2           3           35.675
2           4           64.184
3           1           94.942
3           2           68.716
3           3           92.931
3           4           64.143
4           1           34.746
4           2           90.717
4           3           65.015
4           4           36.142
5           1           45.352
5           2           47.399
5           3           99.457
5           4           57.878
6           1           57.748
6           2           85.907
6           3           70.94
6           4           60.586
7           1           72.936
7           2           69.932
7           3           30.595
7           4           73.069
8           1           79.464
8           2           65.591
8           3           42.935
8           4           94.466



se(j, m) - Setup emission for producing a lot of item j on machine m. The setup emission are period-independent.


1           1           23.361
1           2           12.404
1           3           7.689
1           4           13.462
2           1           9.616
2           2           18.833
2           3           8.559
2           4           38.275
3           1           22.713
3           2           6.823
3           3           4.364
3           4           13.764
4           1           23.683
4           2           14.014
4           3           9.372
4           4           12.444
5           1           14.781
5           2           10.467
5           3           4.189
5           4           31.486
6           1           22.374
6           2           12.418
6           3           5.254
6           4           30.987
7           1           10.265
7           2           15.585
7           3           7.318
7           4           38.225
8           1           29.42
8           2           17.11
8           3           4.579
8           4           24.275



sc(j, m) - Setup costs for producing a lot of item j on machine m. The setup costs are period-independent.


1           1           13777.867
1           2           20666.8
1           3           41333.6
1           4           10333.4
2           1           10398.08
2           2           15597.12
2           3           31194.24
2           4           7798.56
3           1           22594.88
3           2           33892.32
3           3           67784.64
3           4           16946.16
4           1           15033.822
4           2           22550.733
4           3           45101.467
4           4           11275.367
5           1           12094.133
5           2           18141.2
5           3           36282.4
5           4           9070.6
6           1           19060.409
6           2           28590.613
6           3           57181.227
6           4           14295.307
7           1           12236.84
7           2           18355.26
7           3           36710.52
7           4           9177.63
8           1           17556.684
8           2           26335.027
8           3           52670.053
8           4           13167.513



bc(m) - Fixed investment cost for machine m.


1           4253.374213305471
2           2949.103741075523
3           9094.900951426001
4           2109.7624892338213



ca(m, t) - The available capacity of machine m in period t.


1           1           299.51446453703704
1           2           299.51446453703704
1           3           299.51446453703704
1           4           299.51446453703704
1           5           299.51446453703704
1           6           299.51446453703704
2           1           299.51446453703704
2           2           299.51446453703704
2           3           299.51446453703704
2           4           299.51446453703704
2           5           299.51446453703704
2           6           299.51446453703704
3           1           299.51446453703704
3           2           299.51446453703704
3           3           299.51446453703704
3           4           299.51446453703704
3           5           299.51446453703704
3           6           299.51446453703704
4           1           299.51446453703704
4           2           299.51446453703704
4           3           299.51446453703704
4           4           299.51446453703704
4           5           299.51446453703704
4           6           299.51446453703704



em(t) - The limits of carbon emissions in period t.


1           860.1473805555555
2           860.1473805555555
3           860.1473805555555
4           860.1473805555555
5           860.1473805555555
6           860.1473805555555
