Information for the currently-owned machines and the machines that may be purchased: if 1, the machine can be purchased, otherwise currently-owned.


1           0.0
2           0.0
3           1.0
4           0.0



item_machine_arc(j, m) - The relationship arc between item j and machine m, i.e., machine m is capable of producing item j if item_machine_arc(j, m) = 1.


1           1           0.0
1           2           0.0
1           3           1.0
1           4           1.0
2           1           1.0
2           2           1.0
2           3           0.0
2           4           1.0
3           1           0.0
3           2           0.0
3           3           1.0
3           4           0.0
4           1           1.0
4           2           1.0
4           3           0.0
4           4           0.0
5           1           0.0
5           2           0.0
5           3           1.0
5           4           1.0
6           1           1.0
6           2           1.0
6           3           1.0
6           4           1.0
7           1           1.0
7           2           1.0
7           3           1.0
7           4           1.0
8           1           0.0
8           2           0.0
8           3           0.0
8           4           1.0



d(j, t) - Gross demand for item j in period t.


1           1           45
1           2           44
1           3           36
1           4           35
1           5           42
1           6           35
2           1           49
2           2           35
2           3           37
2           4           34
2           5           44
2           6           38
3           1           38
3           2           50
3           3           41
3           4           33
3           5           42
3           6           48
4           1           36
4           2           48
4           3           32
4           4           35
4           5           44
4           6           33
5           1           36
5           2           42
5           3           33
5           4           35
5           5           50
5           6           48
6           1           39
6           2           43
6           3           37
6           4           30
6           5           42
6           6           42
7           1           38
7           2           50
7           3           31
7           4           32
7           5           30
7           6           47
8           1           39
8           2           49
8           3           36
8           4           37
8           5           31
8           6           41



pt(j, m) - Time required to produce one unit of item j on machine m. The production time is period-independent.


1           1           0.699
1           2           1.255
1           3           0.987
1           4           0.789
2           1           0.96
2           2           0.697
2           3           0.562
2           4           0.743
3           1           0.519
3           2           1.225
3           3           1.174
3           4           0.851
4           1           1.211
4           2           0.822
4           3           1.248
4           4           0.786
5           1           0.518
5           2           1.089
5           3           1.35
5           4           1.244
6           1           0.936
6           2           1.477
6           3           0.818
6           4           1.406
7           1           0.501
7           2           0.919
7           3           1.208
7           4           1.307
8           1           1.481
8           2           0.568
8           3           0.566
8           4           1.344



pc(j, m) - Variable costs of producing one unit of item j on machine m. The production cost is period-independent.


1           1           1.911
1           2           2.557
1           3           4.759
1           4           5.784
2           1           2.099
2           2           1.788
2           3           2.349
2           4           5.717
3           1           2.513
3           2           2.141
3           3           3.291
3           4           6.434
4           1           3.246
4           2           1.904
4           3           3.007
4           4           7.23
5           1           2.207
5           2           2.502
5           3           4.153
5           4           11.07
6           1           1.949
6           2           1.44
6           3           2.359
6           4           5.943
7           1           1.519
7           2           2.348
7           3           3.661
7           4           7.479
8           1           2.9
8           2           2.635
8           3           5.705
8           4           5.793



pe(j, m) - Production emission for producing one unit of item j on machine m. The production emission is period-independent.


1           1           1.918
1           2           4.792
1           3           1.697
1           4           1.036
2           1           0.896
2           2           2.931
2           3           1.882
2           4           0.786
3           1           3.453
3           2           2.796
3           3           1.862
3           4           1.011
4           1           3.376
4           2           1.533
4           3           1.517
4           4           0.359
5           1           2.57
5           2           3.905
5           3           2.039
5           4           1.062
6           1           3.232
6           2           3.936
6           3           1.048
6           4           0.647
7           1           2.468
7           2           3.504
7           3           1.668
7           4           1.217
8           1           1.333
8           2           3.196
8           3           1.436
8           4           1.21



hc(j) - Inventory-holding costs for one unit of item j for one period.


1           0.246
2           0.162
3           0.13
4           0.18
5           0.228
6           0.132
7           0.223
8           0.131



st(j, m) - Setup times for producing a lot of item j on machine m. The setup times are period-independent.


1           1           42.803
1           2           43.559
1           3           89.509
1           4           56.094
2           1           64.963
2           2           57.772
2           3           84.442
2           4           45.999
3           1           37.247
3           2           54.749
3           3           66.662
3           4           73.523
4           1           73.215
4           2           34.277
4           3           28.117
4           4           43.573
5           1           64.011
5           2           55.421
5           3           83.261
5           4           94.573
6           1           39.993
6           2           34.571
6           3           35.67
6           4           69.69
7           1           51.067
7           2           61.797
7           3           38.211
7           4           66.205
8           1           29.647
8           2           41.392
8           3           31.276
8           4           64.735



se(j, m) - Setup emission for producing a lot of item j on machine m. The setup emission are period-independent.


1           1           130.349
1           2           147.535
1           3           63.547
1           4           25.458
2           1           105.867
2           2           77.654
2           3           46.706
2           4           20.974
3           1           81.1
3           2           142.758
3           3           43.145
3           4           43.567
4           1           81.736
4           2           141.085
4           3           80.054
4           4           39.1
5           1           108.973
5           2           116.886
5           3           59.443
5           4           42.891
6           1           146.067
6           2           114.722
6           3           34.327
6           4           36.575
7           1           73.472
7           2           174.481
7           3           61.024
7           4           26.533
8           1           141.142
8           2           84.161
8           3           42.202
8           4           24.432



sc(j, m) - Setup costs for producing a lot of item j on machine m. The setup costs are period-independent.


1           1           18138.4
1           2           13603.8
1           3           27207.6
1           4           54415.2
2           1           11944.8
2           2           8958.6
2           3           17917.2
2           4           35834.4
3           1           10192.0
3           2           7644.0
3           3           15288.0
3           4           30576.0
4           1           12768.0
4           2           9576.0
4           3           19152.0
4           4           38304.0
5           1           17307.733
5           2           12980.8
5           3           25961.6
5           4           51923.2
6           1           9568.533
6           2           7176.4
6           3           14352.8
6           4           28705.6
7           1           15818.133
7           2           11863.6
7           3           23727.2
7           4           47454.4
8           1           9496.044
8           2           7122.033
8           3           14244.067
8           4           28488.133



bc(m) - Fixed investment cost for machine m.


1           3890.473966012226
2           2358.866168831339
3           9470.341010830314
4           5866.975098457192



ca(m, t) - The available capacity of machine m in period t.


1           1           276.80393611111117
1           2           276.80393611111117
1           3           276.80393611111117
1           4           276.80393611111117
1           5           276.80393611111117
1           6           276.80393611111117
2           1           276.80393611111117
2           2           276.80393611111117
2           3           276.80393611111117
2           4           276.80393611111117
2           5           276.80393611111117
2           6           276.80393611111117
3           1           276.80393611111117
3           2           276.80393611111117
3           3           276.80393611111117
3           4           276.80393611111117
3           5           276.80393611111117
3           6           276.80393611111117
4           1           276.80393611111117
4           2           276.80393611111117
4           3           276.80393611111117
4           4           276.80393611111117
4           5           276.80393611111117
4           6           276.80393611111117



em(t) - The limits of carbon emissions in period t.


1           1264.6929166666669
2           1264.6929166666669
3           1264.6929166666669
4           1264.6929166666669
5           1264.6929166666669
6           1264.6929166666669
