Information for the currently-owned machines and the machines that may be purchased: if 1, the machine can be purchased, otherwise currently-owned.


1           0.0
2           1.0
3           0.0
4           0.0



item_machine_arc(j, m) - The relationship arc between item j and machine m, i.e., machine m is capable of producing item j if item_machine_arc(j, m) = 1.


1           1           1.0
1           2           1.0
1           3           0.0
1           4           0.0
2           1           1.0
2           2           1.0
2           3           1.0
2           4           1.0
3           1           1.0
3           2           0.0
3           3           1.0
3           4           0.0
4           1           0.0
4           2           1.0
4           3           0.0
4           4           1.0
5           1           1.0
5           2           1.0
5           3           1.0
5           4           0.0
6           1           0.0
6           2           0.0
6           3           0.0
6           4           1.0
7           1           0.0
7           2           1.0
7           3           1.0
7           4           1.0
8           1           1.0
8           2           1.0
8           3           1.0
8           4           1.0



d(j, t) - Gross demand for item j in period t.


1           1           45
1           2           37
1           3           40
1           4           37
1           5           38
1           6           46
2           1           46
2           2           37
2           3           38
2           4           30
2           5           40
2           6           44
3           1           45
3           2           49
3           3           35
3           4           48
3           5           49
3           6           34
4           1           35
4           2           32
4           3           34
4           4           32
4           5           42
4           6           49
5           1           32
5           2           41
5           3           47
5           4           35
5           5           39
5           6           33
6           1           41
6           2           30
6           3           35
6           4           50
6           5           37
6           6           34
7           1           33
7           2           36
7           3           46
7           4           35
7           5           44
7           6           48
8           1           50
8           2           32
8           3           36
8           4           36
8           5           43
8           6           45



pt(j, m) - Time required to produce one unit of item j on machine m. The production time is period-independent.


1           1           0.584
1           2           0.792
1           3           1.257
1           4           0.863
2           1           1.147
2           2           1.45
2           3           1.155
2           4           0.56
3           1           0.641
3           2           1.412
3           3           1.168
3           4           0.679
4           1           0.739
4           2           1.037
4           3           1.41
4           4           0.813
5           1           0.902
5           2           1.342
5           3           0.678
5           4           0.838
6           1           0.98
6           2           1.056
6           3           0.796
6           4           0.832
7           1           0.938
7           2           0.639
7           3           0.945
7           4           0.874
8           1           0.858
8           2           1.067
8           3           0.58
8           4           1.289



pc(j, m) - Variable costs of producing one unit of item j on machine m. The production cost is period-independent.


1           1           6.937
1           2           2.02
1           3           3.74
1           4           5.962
2           1           5.009
2           2           2.056
2           3           3.858
2           4           2.116
3           1           6.181
3           2           2.09
3           3           1.684
3           4           4.191
4           1           7.573
4           2           2.382
4           3           2.04
4           4           4.188
5           1           11.921
5           2           2.117
5           3           2.99
5           4           2.332
6           1           8.977
6           2           1.437
6           3           3.499
6           4           3.905
7           1           4.001
7           2           2.837
7           3           1.942
7           4           3.035
8           1           4.291
8           2           1.966
8           3           3.26
8           4           5.374



pe(j, m) - Production emission for producing one unit of item j on machine m. The production emission is period-independent.


1           1           0.208
1           2           0.946
1           3           0.431
1           4           0.417
2           1           0.24
2           2           0.839
2           3           0.438
2           4           0.21
3           1           0.216
3           2           0.684
3           3           0.441
3           4           0.322
4           1           0.144
4           2           0.769
4           3           0.244
4           4           0.33
5           1           0.23
5           2           0.894
5           3           0.663
5           4           0.106
6           1           0.209
6           2           0.895
6           3           0.575
6           4           0.237
7           1           0.057
7           2           0.963
7           3           0.242
7           4           0.189
8           1           0.082
8           2           0.45
8           3           0.559
8           4           0.172



hc(j) - Inventory-holding costs for one unit of item j for one period.


1           0.252
2           0.191
3           0.118
4           0.147
5           0.252
6           0.276
7           0.118
8           0.248



st(j, m) - Setup times for producing a lot of item j on machine m. The setup times are period-independent.


1           1           43.141
1           2           61.035
1           3           53.72
1           4           31.384
2           1           85.786
2           2           30.973
2           3           82.603
2           4           89.909
3           1           43.045
3           2           42.237
3           3           43.214
3           4           88.939
4           1           95.884
4           2           87.644
4           3           38.619
4           4           96.028
5           1           77.069
5           2           82.127
5           3           52.98
5           4           52.898
6           1           82.139
6           2           54.435
6           3           74.895
6           4           48.574
7           1           87.862
7           2           79.168
7           3           38.869
7           4           81.956
8           1           44.868
8           2           46.556
8           3           88.573
8           4           74.944



se(j, m) - Setup emission for producing a lot of item j on machine m. The setup emission are period-independent.


1           1           28.938
1           2           152.485
1           3           79.689
1           4           46.753
2           1           47.64
2           2           121.974
2           3           116.463
2           4           97.987
3           1           25.025
3           2           172.26
3           3           118.301
3           4           78.55
4           1           28.238
4           2           123.052
4           3           49.277
4           4           95.142
5           1           36.554
5           2           54.154
5           3           101.973
5           4           25.422
6           1           37.86
6           2           141.735
6           3           110.129
6           4           52.822
7           1           43.67
7           2           51.296
7           3           130.739
7           4           34.396
8           1           18.793
8           2           154.427
8           3           87.127
8           4           44.769



sc(j, m) - Setup costs for producing a lot of item j on machine m. The setup costs are period-independent.


1           1           57153.6
1           2           14288.4
1           3           19051.2
1           4           28576.8
2           1           41892.667
2           2           10473.167
2           3           13964.222
2           4           20946.333
3           1           28634.667
3           2           7158.667
3           3           9544.889
3           4           14317.333
4           1           30732.8
4           2           7683.2
4           3           10244.267
4           4           15366.4
5           1           53390.4
5           2           13347.6
5           3           17796.8
5           4           26695.2
6           1           58475.2
6           2           14618.8
6           3           19491.733
6           4           29237.6
7           1           26652.267
7           2           6663.067
7           3           8884.089
7           4           13326.133
8           1           56014.933
8           2           14003.733
8           3           18671.644
8           4           28007.467



bc(m) - Fixed investment cost for machine m.


1           8244.61725420248
2           1471.6693269208404
3           1575.7729809405357
4           3110.1048184799874



ca(m, t) - The available capacity of machine m in period t.


1           1           276.1623964814815
1           2           276.1623964814815
1           3           276.1623964814815
1           4           276.1623964814815
1           5           276.1623964814815
1           6           276.1623964814815
2           1           276.1623964814815
2           2           276.1623964814815
2           3           276.1623964814815
2           4           276.1623964814815
2           5           276.1623964814815
2           6           276.1623964814815
3           1           276.1623964814815
3           2           276.1623964814815
3           3           276.1623964814815
3           4           276.1623964814815
3           5           276.1623964814815
3           6           276.1623964814815
4           1           276.1623964814815
4           2           276.1623964814815
4           3           276.1623964814815
4           4           276.1623964814815
4           5           276.1623964814815
4           6           276.1623964814815



em(t) - The limits of carbon emissions in period t.


1           636.282247222222
2           636.282247222222
3           636.282247222222
4           636.282247222222
5           636.282247222222
6           636.282247222222
