Information for the currently-owned machines and the machines that may be purchased: if 1, the machine can be purchased, otherwise currently-owned.


1           0.0
2           0.0
3           1.0
4           0.0



item_machine_arc(j, m) - The relationship arc between item j and machine m, i.e., machine m is capable of producing item j if item_machine_arc(j, m) = 1.


1           1           1.0
1           2           1.0
1           3           1.0
1           4           1.0
2           1           1.0
2           2           1.0
2           3           1.0
2           4           0.0
3           1           0.0
3           2           0.0
3           3           0.0
3           4           1.0
4           1           1.0
4           2           0.0
4           3           1.0
4           4           0.0
5           1           1.0
5           2           1.0
5           3           1.0
5           4           1.0
6           1           0.0
6           2           0.0
6           3           1.0
6           4           0.0
7           1           1.0
7           2           0.0
7           3           1.0
7           4           1.0
8           1           1.0
8           2           0.0
8           3           1.0
8           4           0.0



d(j, t) - Gross demand for item j in period t.


1           1           36
1           2           30
1           3           40
1           4           41
1           5           41
1           6           30
2           1           35
2           2           46
2           3           42
2           4           44
2           5           50
2           6           41
3           1           34
3           2           31
3           3           34
3           4           31
3           5           30
3           6           42
4           1           37
4           2           43
4           3           42
4           4           41
4           5           34
4           6           32
5           1           32
5           2           47
5           3           46
5           4           46
5           5           30
5           6           35
6           1           30
6           2           46
6           3           39
6           4           35
6           5           30
6           6           34
7           1           38
7           2           46
7           3           45
7           4           42
7           5           40
7           6           33
8           1           37
8           2           34
8           3           36
8           4           31
8           5           38
8           6           38



pt(j, m) - Time required to produce one unit of item j on machine m. The production time is period-independent.


1           1           0.92
1           2           1.333
1           3           0.945
1           4           1.295
2           1           1.119
2           2           0.576
2           3           1.027
2           4           1.154
3           1           1.325
3           2           0.912
3           3           0.505
3           4           0.831
4           1           1.267
4           2           0.615
4           3           1.173
4           4           1.363
5           1           1.066
5           2           0.913
5           3           0.983
5           4           1.434
6           1           0.777
6           2           0.955
6           3           0.982
6           4           0.647
7           1           1.225
7           2           0.513
7           3           0.877
7           4           0.924
8           1           1.075
8           2           1.387
8           3           1.143
8           4           1.001



pc(j, m) - Variable costs of producing one unit of item j on machine m. The production cost is period-independent.


1           1           4.122
1           2           10.474
1           3           1.021
1           4           3.968
2           1           5.051
2           2           10.348
2           3           1.998
2           4           3.168
3           1           2.922
3           2           6.97
3           3           1.367
3           4           2.865
4           1           4.24
4           2           4.974
4           3           1.414
4           4           3.234
5           1           4.862
5           2           8.755
5           3           1.853
5           4           1.581
6           1           5.138
6           2           6.729
6           3           2.134
6           4           2.78
7           1           3.984
7           2           8.598
7           3           2.51
7           4           3.864
8           1           3.09
8           2           9.627
8           3           2.603
8           4           1.623



pe(j, m) - Production emission for producing one unit of item j on machine m. The production emission is period-independent.


1           1           0.189
1           2           0.22
1           3           0.345
1           4           0.256
2           1           0.271
2           2           0.174
2           3           0.705
2           4           0.239
3           1           0.405
3           2           0.245
3           3           0.74
3           4           0.203
4           1           0.304
4           2           0.221
4           3           0.893
4           4           0.341
5           1           0.473
5           2           0.128
5           3           0.735
5           4           0.52
6           1           0.187
6           2           0.06
6           3           0.394
6           4           0.714
7           1           0.479
7           2           0.205
7           3           0.21
7           4           0.683
8           1           0.136
8           2           0.16
8           3           0.855
8           4           0.475



hc(j) - Inventory-holding costs for one unit of item j for one period.


1           0.124
2           0.134
3           0.205
4           0.19
5           0.137
6           0.273
7           0.185
8           0.223



st(j, m) - Setup times for producing a lot of item j on machine m. The setup times are period-independent.


1           1           99.56
1           2           40.947
1           3           88.205
1           4           99.299
2           1           60.464
2           2           34.247
2           3           29.379
2           4           33.166
3           1           45.404
3           2           51.558
3           3           98.39
3           4           93.27
4           1           43.159
4           2           63.025
4           3           54.321
4           4           42.342
5           1           28.245
5           2           43.969
5           3           88.256
5           4           33.898
6           1           86.698
6           2           48.873
6           3           63.455
6           4           87.309
7           1           49.899
7           2           72.148
7           3           47.232
7           4           57.453
8           1           62.759
8           2           25.159
8           3           69.643
8           4           62.641



se(j, m) - Setup emission for producing a lot of item j on machine m. The setup emission are period-independent.


1           1           13.601
1           2           4.265
1           3           31.245
1           4           17.532
2           1           18.192
2           2           8.691
2           3           12.96
2           4           16.777
3           1           8.781
3           2           7.432
3           3           15.758
3           4           28.231
4           1           5.892
4           2           5.278
4           3           39.905
4           4           24.295
5           1           14.833
5           2           9.383
5           3           10.457
5           4           28.884
6           1           7.066
6           2           9.875
6           3           34.36
6           4           19.357
7           1           13.777
7           2           7.967
7           3           17.179
7           4           16.063
8           1           10.234
8           2           6.504
8           3           37.137
8           4           26.133



sc(j, m) - Setup costs for producing a lot of item j on machine m. The setup costs are period-independent.


1           1           13876.427
1           2           27752.853
1           3           6938.213
1           4           9250.951
2           1           17746.96
2           2           35493.92
2           3           8873.48
2           4           11831.307
3           1           21257.133
3           2           42514.267
3           3           10628.567
3           4           14171.422
4           1           22335.133
4           2           44670.267
4           3           11167.567
4           4           14890.089
5           1           16597.093
5           2           33194.187
5           3           8298.547
5           4           11064.729
6           1           29989.96
6           2           59979.92
6           3           14994.98
6           4           19993.307
7           1           23171.867
7           2           46343.733
7           3           11585.933
7           4           15447.911
8           1           24497.293
8           2           48994.587
8           3           12248.647
8           4           16331.529



bc(m) - Fixed investment cost for machine m.


1           4079.5613200792423
2           14906.842151890525
3           2609.1344238872316
4           991.4937875639677



ca(m, t) - The available capacity of machine m in period t.


1           1           261.6919990740741
1           2           261.6919990740741
1           3           261.6919990740741
1           4           261.6919990740741
1           5           261.6919990740741
1           6           261.6919990740741
2           1           261.6919990740741
2           2           261.6919990740741
2           3           261.6919990740741
2           4           261.6919990740741
2           5           261.6919990740741
2           6           261.6919990740741
3           1           261.6919990740741
3           2           261.6919990740741
3           3           261.6919990740741
3           4           261.6919990740741
3           5           261.6919990740741
3           6           261.6919990740741
4           1           261.6919990740741
4           2           261.6919990740741
4           3           261.6919990740741
4           4           261.6919990740741
4           5           261.6919990740741
4           6           261.6919990740741



em(t) - The limits of carbon emissions in period t.


1           322.2426472222223
2           322.2426472222223
3           322.2426472222223
4           322.2426472222223
5           322.2426472222223
6           322.2426472222223
