Information for the currently-owned machines and the machines that may be purchased: if 1, the machine can be purchased, otherwise currently-owned.


1           0.0
2           1.0
3           0.0
4           0.0



item_machine_arc(j, m) - The relationship arc between item j and machine m, i.e., machine m is capable of producing item j if item_machine_arc(j, m) = 1.


1           1           1.0
1           2           1.0
1           3           1.0
1           4           0.0
2           1           1.0
2           2           1.0
2           3           1.0
2           4           1.0
3           1           0.0
3           2           1.0
3           3           0.0
3           4           0.0
4           1           1.0
4           2           0.0
4           3           1.0
4           4           0.0
5           1           1.0
5           2           0.0
5           3           0.0
5           4           1.0
6           1           0.0
6           2           0.0
6           3           1.0
6           4           0.0
7           1           1.0
7           2           0.0
7           3           0.0
7           4           1.0
8           1           1.0
8           2           1.0
8           3           0.0
8           4           0.0



d(j, t) - Gross demand for item j in period t.


1           1           44
1           2           33
1           3           35
1           4           30
1           5           35
1           6           30
2           1           31
2           2           34
2           3           32
2           4           44
2           5           40
2           6           46
3           1           47
3           2           39
3           3           40
3           4           39
3           5           31
3           6           46
4           1           42
4           2           36
4           3           44
4           4           44
4           5           50
4           6           33
5           1           35
5           2           39
5           3           35
5           4           39
5           5           43
5           6           50
6           1           50
6           2           44
6           3           31
6           4           40
6           5           32
6           6           32
7           1           49
7           2           41
7           3           48
7           4           42
7           5           38
7           6           40
8           1           44
8           2           47
8           3           50
8           4           50
8           5           32
8           6           37



pt(j, m) - Time required to produce one unit of item j on machine m. The production time is period-independent.


1           1           1.415
1           2           0.809
1           3           1.353
1           4           0.948
2           1           0.849
2           2           1.327
2           3           0.734
2           4           1.477
3           1           1.386
3           2           1.054
3           3           1.183
3           4           1.066
4           1           0.736
4           2           0.788
4           3           0.949
4           4           1.211
5           1           1.131
5           2           0.519
5           3           0.592
5           4           1.146
6           1           1.353
6           2           0.732
6           3           1.328
6           4           0.583
7           1           0.733
7           2           0.582
7           3           0.515
7           4           1.085
8           1           1.18
8           2           1.166
8           3           1.213
8           4           0.729



pc(j, m) - Variable costs of producing one unit of item j on machine m. The production cost is period-independent.


1           1           2.808
1           2           1.228
1           3           6.192
1           4           3.333
2           1           1.724
2           2           1.861
2           3           11.504
2           4           2.98
3           1           3.824
3           2           2.441
3           3           7.392
3           4           3.919
4           1           2.836
4           2           2.312
4           3           7.483
4           4           2.581
5           1           3.311
5           2           1.306
5           3           9.469
5           4           5.571
6           1           2.209
6           2           1.553
6           3           10.37
6           4           2.821
7           1           3.314
7           2           2.07
7           3           7.518
7           4           5.238
8           1           2.37
8           2           2.81
8           3           8.765
8           4           2.24



pe(j, m) - Production emission for producing one unit of item j on machine m. The production emission is period-independent.


1           1           3.366
1           2           1.025
1           3           0.595
1           4           1.505
2           1           2.309
2           2           4.39
2           3           0.458
2           4           0.674
3           1           1.064
3           2           1.739
3           3           0.657
3           4           1.548
4           1           3.741
4           2           1.632
4           3           1.246
4           4           2.215
5           1           1.037
5           2           4.303
5           3           0.951
5           4           2.39
6           1           3.276
6           2           1.087
6           3           0.692
6           4           1.844
7           1           2.753
7           2           3.717
7           3           0.83
7           4           1.43
8           1           2.472
8           2           1.817
8           3           0.274
8           4           2.346



hc(j) - Inventory-holding costs for one unit of item j for one period.


1           0.163
2           0.131
3           0.281
4           0.231
5           0.103
6           0.277
7           0.109
8           0.162



st(j, m) - Setup times for producing a lot of item j on machine m. The setup times are period-independent.


1           1           67.873
1           2           56.414
1           3           75.105
1           4           80.562
2           1           79.229
2           2           37.693
2           3           36.853
2           4           30.022
3           1           35.972
3           2           84.254
3           3           91.841
3           4           45.325
4           1           68.213
4           2           91.614
4           3           43.11
4           4           68.775
5           1           74.903
5           2           33.911
5           3           95.684
5           4           94.061
6           1           95.125
6           2           34.237
6           3           50.578
6           4           26.861
7           1           91.788
7           2           32.369
7           3           93.644
7           4           98.223
8           1           99.266
8           2           33.103
8           3           41.399
8           4           77.105



se(j, m) - Setup emission for producing a lot of item j on machine m. The setup emission are period-independent.


1           1           12.146
1           2           14.166
1           3           5.28
1           4           18.024
2           1           27.151
2           2           29.115
2           3           2.949
2           4           12.584
3           1           24.031
3           2           11.22
3           3           8.439
3           4           11.026
4           1           15.184
4           2           14.246
4           3           9.882
4           4           12.244
5           1           29.462
5           2           35.664
5           3           6.725
5           4           17.199
6           1           26.128
6           2           26.335
6           3           8.278
6           4           19.769
7           1           28.673
7           2           19.397
7           3           2.704
7           4           10.981
8           1           23.121
8           2           15.983
8           3           3.521
8           4           17.53



sc(j, m) - Setup costs for producing a lot of item j on machine m. The setup costs are period-independent.


1           1           11546.92
1           2           8660.19
1           3           34640.76
1           4           17320.38
2           1           10176.662
2           2           7632.497
2           3           30529.987
2           4           15264.993
3           1           23271.796
3           2           17453.847
3           3           69815.387
3           4           34907.693
4           1           19684.28
4           2           14763.21
4           3           59052.84
4           4           29526.42
5           1           8494.982
5           2           6371.237
5           3           25484.947
5           4           12742.473
6           1           21708.182
6           2           16281.137
6           3           65124.547
6           4           32562.273
7           1           9623.973
7           2           7217.98
7           3           28871.92
7           4           14435.96
8           1           14414.4
8           2           10810.8
8           3           43243.2
8           4           21621.6



bc(m) - Fixed investment cost for machine m.


1           1702.2519455934182
2           1875.4698568081385
3           14075.906786219104
4           18.466543326471907



ca(m, t) - The available capacity of machine m in period t.


1           1           318.6392183333333
1           2           318.6392183333333
1           3           318.6392183333333
1           4           318.6392183333333
1           5           318.6392183333333
1           6           318.6392183333333
2           1           318.6392183333333
2           2           318.6392183333333
2           3           318.6392183333333
2           4           318.6392183333333
2           5           318.6392183333333
2           6           318.6392183333333
3           1           318.6392183333333
3           2           318.6392183333333
3           3           318.6392183333333
3           4           318.6392183333333
3           5           318.6392183333333
3           6           318.6392183333333
4           1           318.6392183333333
4           2           318.6392183333333
4           3           318.6392183333333
4           4           318.6392183333333
4           5           318.6392183333333
4           6           318.6392183333333



em(t) - The limits of carbon emissions in period t.


1           992.8954933333334
2           992.8954933333334
3           992.8954933333334
4           992.8954933333334
5           992.8954933333334
6           992.8954933333334
