Information for the currently-owned machines and the machines that may be purchased: if 1, the machine can be purchased, otherwise currently-owned.


1           1.0
2           0.0
3           0.0
4           0.0



item_machine_arc(j, m) - The relationship arc between item j and machine m, i.e., machine m is capable of producing item j if item_machine_arc(j, m) = 1.


1           1           0.0
1           2           0.0
1           3           1.0
1           4           1.0
2           1           1.0
2           2           0.0
2           3           1.0
2           4           0.0
3           1           0.0
3           2           0.0
3           3           1.0
3           4           1.0
4           1           0.0
4           2           1.0
4           3           0.0
4           4           1.0
5           1           1.0
5           2           1.0
5           3           0.0
5           4           1.0
6           1           1.0
6           2           1.0
6           3           1.0
6           4           1.0
7           1           1.0
7           2           0.0
7           3           1.0
7           4           1.0
8           1           0.0
8           2           1.0
8           3           1.0
8           4           0.0



d(j, t) - Gross demand for item j in period t.


1           1           36
1           2           47
1           3           36
1           4           34
1           5           46
1           6           36
2           1           49
2           2           46
2           3           35
2           4           38
2           5           38
2           6           45
3           1           40
3           2           34
3           3           42
3           4           32
3           5           35
3           6           33
4           1           40
4           2           43
4           3           36
4           4           48
4           5           39
4           6           34
5           1           35
5           2           41
5           3           41
5           4           35
5           5           43
5           6           38
6           1           34
6           2           39
6           3           37
6           4           33
6           5           46
6           6           38
7           1           44
7           2           32
7           3           48
7           4           36
7           5           40
7           6           31
8           1           35
8           2           39
8           3           33
8           4           42
8           5           48
8           6           33



pt(j, m) - Time required to produce one unit of item j on machine m. The production time is period-independent.


1           1           0.629
1           2           1.118
1           3           1.095
1           4           1.295
2           1           0.503
2           2           0.807
2           3           1.298
2           4           1.18
3           1           0.873
3           2           1.364
3           3           0.565
3           4           1.198
4           1           1.213
4           2           0.944
4           3           1.092
4           4           1.386
5           1           1.135
5           2           0.732
5           3           1.36
5           4           0.851
6           1           1.025
6           2           0.724
6           3           1.346
6           4           0.74
7           1           1.492
7           2           1.492
7           3           1.392
7           4           0.583
8           1           0.709
8           2           0.944
8           3           0.8
8           4           0.817



pc(j, m) - Variable costs of producing one unit of item j on machine m. The production cost is period-independent.


1           1           9.677
1           2           2.256
1           3           2.522
1           4           1.092
2           1           9.28
2           2           2.271
2           3           4.501
2           4           2.323
3           1           10.073
3           2           2.824
3           3           2.853
3           4           1.874
4           1           4.302
4           2           1.581
4           3           2.443
4           4           1.056
5           1           6.568
5           2           3.5
5           3           3.044
5           4           2.853
6           1           9.077
6           2           1.418
6           3           4.838
6           4           2.0
7           1           10.411
7           2           3.13
7           3           4.955
7           4           1.743
8           1           5.946
8           2           2.664
8           3           3.188
8           4           2.004



pe(j, m) - Production emission for producing one unit of item j on machine m. The production emission is period-independent.


1           1           1.248
1           2           2.95
1           3           1.33
1           4           1.963
2           1           0.473
2           2           2.534
2           3           2.199
2           4           2.654
3           1           0.764
3           2           2.915
3           3           1.172
3           4           3.659
4           1           0.606
4           2           1.524
4           3           2.487
4           4           3.144
5           1           0.458
5           2           1.03
5           3           1.573
5           4           2.211
6           1           1.076
6           2           1.639
6           3           2.46
6           4           4.403
7           1           1.088
7           2           0.97
7           3           1.962
7           4           1.363
8           1           0.561
8           2           2.895
8           3           0.824
8           4           1.433



hc(j) - Inventory-holding costs for one unit of item j for one period.


1           0.131
2           0.22
3           0.238
4           0.155
5           0.199
6           0.267
7           0.232
8           0.239



st(j, m) - Setup times for producing a lot of item j on machine m. The setup times are period-independent.


1           1           35.97
1           2           72.765
1           3           37.768
1           4           39.173
2           1           55.387
2           2           57.021
2           3           79.64
2           4           95.848
3           1           71.279
3           2           71.858
3           3           41.956
3           4           55.973
4           1           65.367
4           2           28.276
4           3           63.209
4           4           49.904
5           1           64.689
5           2           65.278
5           3           91.029
5           4           96.549
6           1           49.877
6           2           70.213
6           3           49.646
6           4           90.468
7           1           75.598
7           2           71.136
7           3           45.629
7           4           31.537
8           1           25.74
8           2           66.106
8           3           92.26
8           4           84.928



se(j, m) - Setup emission for producing a lot of item j on machine m. The setup emission are period-independent.


1           1           5.324
1           2           28.247
1           3           9.633
1           4           14.07
2           1           7.762
2           2           22.904
2           3           6.73
2           4           27.846
3           1           9.126
3           2           16.264
3           3           18.287
3           4           39.369
4           1           8.222
4           2           10.085
4           3           11.333
4           4           36.183
5           1           6.323
5           2           26.4
5           3           11.915
5           4           17.948
6           1           7.213
6           2           22.823
6           3           13.177
6           4           39.272
7           1           5.141
7           2           12.936
7           3           12.577
7           4           29.384
8           1           4.363
8           2           25.074
8           3           14.325
8           4           38.408



sc(j, m) - Setup costs for producing a lot of item j on machine m. The setup costs are period-independent.


1           1           28732.667
1           2           9577.556
1           3           14366.333
1           4           7183.167
2           1           51538.667
2           2           17179.556
2           3           25769.333
2           4           12884.667
3           1           47980.8
3           2           15993.6
3           3           23990.4
3           4           11995.2
4           1           34720.0
4           2           11573.333
4           3           17360.0
4           4           8680.0
5           1           43275.867
5           2           14425.289
5           3           21637.933
5           4           10818.967
6           1           56568.4
6           2           18856.133
6           3           28284.2
6           4           14142.1
7           1           50019.2
7           2           16673.067
7           3           25009.6
7           4           12504.8
8           1           51305.333
8           2           17101.778
8           3           25652.667
8           4           12826.333



bc(m) - Fixed investment cost for machine m.


1           14487.503166906306
2           2208.7935105522693
3           5921.457948586133
4           4836.565427651522



ca(m, t) - The available capacity of machine m in period t.


1           1           279.52756027777775
1           2           279.52756027777775
1           3           279.52756027777775
1           4           279.52756027777775
1           5           279.52756027777775
1           6           279.52756027777775
2           1           279.52756027777775
2           2           279.52756027777775
2           3           279.52756027777775
2           4           279.52756027777775
2           5           279.52756027777775
2           6           279.52756027777775
3           1           279.52756027777775
3           2           279.52756027777775
3           3           279.52756027777775
3           4           279.52756027777775
3           5           279.52756027777775
3           6           279.52756027777775
4           1           279.52756027777775
4           2           279.52756027777775
4           3           279.52756027777775
4           4           279.52756027777775
4           5           279.52756027777775
4           6           279.52756027777775



em(t) - The limits of carbon emissions in period t.


1           984.1656825
2           984.1656825
3           984.1656825
4           984.1656825
5           984.1656825
6           984.1656825
