Information for the currently-owned machines and the machines that may be purchased: if 1, the machine can be purchased, otherwise currently-owned.


1           0.0
2           1.0
3           0.0
4           0.0



item_machine_arc(j, m) - The relationship arc between item j and machine m, i.e., machine m is capable of producing item j if item_machine_arc(j, m) = 1.


1           1           1.0
1           2           0.0
1           3           1.0
1           4           1.0
2           1           1.0
2           2           1.0
2           3           1.0
2           4           1.0
3           1           0.0
3           2           1.0
3           3           1.0
3           4           0.0
4           1           0.0
4           2           1.0
4           3           0.0
4           4           0.0
5           1           1.0
5           2           1.0
5           3           1.0
5           4           1.0
6           1           0.0
6           2           1.0
6           3           0.0
6           4           0.0
7           1           0.0
7           2           0.0
7           3           0.0
7           4           1.0
8           1           1.0
8           2           1.0
8           3           1.0
8           4           1.0



d(j, t) - Gross demand for item j in period t.


1           1           30
1           2           46
1           3           42
1           4           31
1           5           30
1           6           44
2           1           40
2           2           38
2           3           44
2           4           47
2           5           42
2           6           36
3           1           44
3           2           30
3           3           34
3           4           30
3           5           49
3           6           34
4           1           44
4           2           48
4           3           46
4           4           41
4           5           39
4           6           34
5           1           35
5           2           45
5           3           41
5           4           42
5           5           40
5           6           38
6           1           38
6           2           30
6           3           39
6           4           42
6           5           42
6           6           42
7           1           40
7           2           33
7           3           30
7           4           37
7           5           44
7           6           32
8           1           33
8           2           47
8           3           46
8           4           42
8           5           38
8           6           48



pt(j, m) - Time required to produce one unit of item j on machine m. The production time is period-independent.


1           1           1.078
1           2           0.797
1           3           1.296
1           4           0.844
2           1           1.309
2           2           0.766
2           3           0.933
2           4           0.6
3           1           0.506
3           2           0.879
3           3           1.361
3           4           0.502
4           1           1.402
4           2           1.024
4           3           0.803
4           4           1.247
5           1           1.469
5           2           1.327
5           3           1.12
5           4           1.325
6           1           1.074
6           2           1.054
6           3           1.46
6           4           0.949
7           1           0.978
7           2           1.404
7           3           1.333
7           4           1.398
8           1           0.605
8           2           0.884
8           3           0.634
8           4           1.435



pc(j, m) - Variable costs of producing one unit of item j on machine m. The production cost is period-independent.


1           1           7.027
1           2           3.556
1           3           2.729
1           4           2.528
2           1           8.856
2           2           4.265
2           3           1.482
2           4           1.687
3           1           4.794
3           2           4.006
3           3           2.444
3           4           2.543
4           1           5.947
4           2           5.43
4           3           3.72
4           4           1.139
5           1           5.026
5           2           2.048
5           3           2.817
5           4           2.526
6           1           5.097
6           2           2.637
6           3           3.261
6           4           2.953
7           1           8.532
7           2           2.763
7           3           3.724
7           4           2.202
8           1           8.111
8           2           4.797
8           3           2.892
8           4           1.993



pe(j, m) - Production emission for producing one unit of item j on machine m. The production emission is period-independent.


1           1           1.131
1           2           1.38
1           3           1.181
1           4           3.043
2           1           0.278
2           2           2.222
2           3           2.281
2           4           3.611
3           1           0.542
3           2           2.344
3           3           3.051
3           4           1.593
4           1           1.197
4           2           2.007
4           3           2.797
4           4           1.243
5           1           0.819
5           2           2.05
5           3           2.371
5           4           1.718
6           1           0.813
6           2           2.226
6           3           1.739
6           4           2.703
7           1           0.495
7           2           1.16
7           3           3.435
7           4           1.915
8           1           0.64
8           2           2.177
8           3           2.18
8           4           4.806



hc(j) - Inventory-holding costs for one unit of item j for one period.


1           0.104
2           0.138
3           0.146
4           0.288
5           0.204
6           0.22
7           0.164
8           0.133



st(j, m) - Setup times for producing a lot of item j on machine m. The setup times are period-independent.


1           1           33.401
1           2           66.837
1           3           80.351
1           4           31.811
2           1           40.531
2           2           89.709
2           3           97.52
2           4           84.599
3           1           47.99
3           2           54.248
3           3           43.539
3           4           29.801
4           1           58.793
4           2           97.007
4           3           83.36
4           4           38.559
5           1           74.219
5           2           61.147
5           3           43.46
5           4           31.808
6           1           96.726
6           2           89.735
6           3           35.207
6           4           79.736
7           1           89.843
7           2           49.778
7           3           69.159
7           4           83.151
8           1           35.057
8           2           89.747
8           3           50.515
8           4           64.718



se(j, m) - Setup emission for producing a lot of item j on machine m. The setup emission are period-independent.


1           1           26.347
1           2           84.769
1           3           103.435
1           4           80.401
2           1           48.757
2           2           53.393
2           3           108.065
2           4           154.471
3           1           35.932
3           2           79.013
3           3           93.892
3           4           166.559
4           1           15.427
4           2           71.188
4           3           95.513
4           4           106.677
5           1           45.449
5           2           67.439
5           3           124.11
5           4           196.433
6           1           28.425
6           2           76.962
6           3           40.679
6           4           62.724
7           1           49.975
7           2           78.55
7           3           132.035
7           4           147.857
8           1           18.643
8           2           33.327
8           3           102.271
8           4           50.003



sc(j, m) - Setup costs for producing a lot of item j on machine m. The setup costs are period-independent.


1           1           21645.867
1           2           10822.933
1           3           7215.289
1           4           5411.467
2           1           31813.6
2           2           15906.8
2           3           10604.533
2           4           7953.4
3           1           30114.933
3           2           15057.467
3           3           10038.311
3           4           7528.733
4           1           67737.6
4           2           33868.8
4           3           22579.2
4           4           16934.4
5           1           45886.4
5           2           22943.2
5           3           15295.467
5           4           11471.6
6           1           47842.667
6           2           23921.333
6           3           15947.556
6           4           11960.667
7           1           33062.4
7           2           16531.2
7           3           11020.8
7           4           8265.6
8           1           31529.867
8           2           15764.933
8           3           10509.956
8           4           7882.467



bc(m) - Fixed investment cost for machine m.


1           17800.378408938825
2           8336.684052917853
3           538.175100631768
4           3097.089693920437



ca(m, t) - The available capacity of machine m in period t.


1           1           290.19004907407407
1           2           290.19004907407407
1           3           290.19004907407407
1           4           290.19004907407407
1           5           290.19004907407407
1           6           290.19004907407407
2           1           290.19004907407407
2           2           290.19004907407407
2           3           290.19004907407407
2           4           290.19004907407407
2           5           290.19004907407407
2           6           290.19004907407407
3           1           290.19004907407407
3           2           290.19004907407407
3           3           290.19004907407407
3           4           290.19004907407407
3           5           290.19004907407407
3           6           290.19004907407407
4           1           290.19004907407407
4           2           290.19004907407407
4           3           290.19004907407407
4           4           290.19004907407407
4           5           290.19004907407407
4           6           290.19004907407407



em(t) - The limits of carbon emissions in period t.


1           1423.6863083333333
2           1423.6863083333333
3           1423.6863083333333
4           1423.6863083333333
5           1423.6863083333333
6           1423.6863083333333
