Information for the currently-owned machines and the machines that may be purchased: if 1, the machine can be purchased, otherwise currently-owned.


1           0.0
2           0.0
3           0.0
4           1.0



item_machine_arc(j, m) - The relationship arc between item j and machine m, i.e., machine m is capable of producing item j if item_machine_arc(j, m) = 1.


1           1           1.0
1           2           0.0
1           3           0.0
1           4           1.0
2           1           0.0
2           2           0.0
2           3           1.0
2           4           0.0
3           1           0.0
3           2           0.0
3           3           1.0
3           4           0.0
4           1           1.0
4           2           1.0
4           3           1.0
4           4           1.0
5           1           0.0
5           2           1.0
5           3           0.0
5           4           1.0
6           1           0.0
6           2           1.0
6           3           1.0
6           4           0.0
7           1           1.0
7           2           1.0
7           3           0.0
7           4           1.0
8           1           0.0
8           2           1.0
8           3           0.0
8           4           0.0



d(j, t) - Gross demand for item j in period t.


1           1           34
1           2           37
1           3           41
1           4           44
1           5           32
1           6           42
2           1           39
2           2           36
2           3           44
2           4           40
2           5           33
2           6           49
3           1           38
3           2           40
3           3           36
3           4           35
3           5           46
3           6           30
4           1           39
4           2           41
4           3           36
4           4           32
4           5           45
4           6           35
5           1           38
5           2           32
5           3           50
5           4           43
5           5           49
5           6           41
6           1           33
6           2           42
6           3           45
6           4           34
6           5           30
6           6           36
7           1           34
7           2           30
7           3           31
7           4           49
7           5           37
7           6           45
8           1           47
8           2           48
8           3           40
8           4           31
8           5           48
8           6           30



pt(j, m) - Time required to produce one unit of item j on machine m. The production time is period-independent.


1           1           1.431
1           2           0.829
1           3           1.17
1           4           0.808
2           1           0.899
2           2           1.402
2           3           1.399
2           4           0.589
3           1           0.697
3           2           0.598
3           3           1.284
3           4           0.965
4           1           0.883
4           2           1.285
4           3           1.208
4           4           1.114
5           1           0.987
5           2           1.249
5           3           0.677
5           4           0.788
6           1           1.253
6           2           0.898
6           3           0.763
6           4           0.574
7           1           0.537
7           2           1.459
7           3           1.259
7           4           1.323
8           1           0.627
8           2           1.218
8           3           0.656
8           4           0.812



pc(j, m) - Variable costs of producing one unit of item j on machine m. The production cost is period-independent.


1           1           3.679
1           2           10.894
1           3           2.18
1           4           3.598
2           1           2.723
2           2           8.733
2           3           1.485
2           4           2.737
3           1           2.017
3           2           7.491
3           3           1.423
3           4           5.961
4           1           2.019
4           2           8.235
4           3           2.66
4           4           4.089
5           1           2.027
5           2           10.637
5           3           1.121
5           4           4.165
6           1           3.813
6           2           10.244
6           3           1.596
6           4           2.643
7           1           1.827
7           2           4.966
7           3           1.04
7           4           4.881
8           1           3.533
8           2           5.291
8           3           2.156
8           4           2.735



pe(j, m) - Production emission for producing one unit of item j on machine m. The production emission is period-independent.


1           1           0.545
1           2           0.16
1           3           0.272
1           4           0.276
2           1           0.709
2           2           0.121
2           3           0.609
2           4           0.134
3           1           0.576
3           2           0.223
3           3           0.547
3           4           0.371
4           1           0.461
4           2           0.184
4           3           0.561
4           4           0.307
5           1           0.248
5           2           0.16
5           3           0.255
5           4           0.175
6           1           0.323
6           2           0.051
6           3           0.569
6           4           0.47
7           1           0.189
7           2           0.07
7           3           0.889
7           4           0.274
8           1           0.165
8           2           0.119
8           3           0.213
8           4           0.152



hc(j) - Inventory-holding costs for one unit of item j for one period.


1           0.199
2           0.223
3           0.135
4           0.145
5           0.142
6           0.153
7           0.147
8           0.124



st(j, m) - Setup times for producing a lot of item j on machine m. The setup times are period-independent.


1           1           95.887
1           2           43.947
1           3           43.56
1           4           64.292
2           1           29.175
2           2           81.648
2           3           94.756
2           4           25.118
3           1           41.147
3           2           59.312
3           3           52.545
3           4           31.951
4           1           82.736
4           2           40.946
4           3           25.512
4           4           57.531
5           1           61.673
5           2           85.541
5           3           29.417
5           4           97.462
6           1           36.274
6           2           67.031
6           3           36.167
6           4           52.339
7           1           69.776
7           2           76.544
7           3           79.413
7           4           72.815
8           1           44.39
8           2           58.421
8           3           49.315
8           4           63.372



se(j, m) - Setup emission for producing a lot of item j on machine m. The setup emission are period-independent.


1           1           19.085
1           2           6.618
1           3           31.481
1           4           9.266
2           1           17.261
2           2           9.913
2           3           27.304
2           4           12.76
3           1           21.838
3           2           7.713
3           3           16.898
3           4           8.746
4           1           25.787
4           2           3.251
4           3           13.61
4           4           9.876
5           1           7.893
5           2           5.96
5           3           14.153
5           4           12.414
6           1           26.184
6           2           6.467
6           3           23.942
6           4           18.153
7           1           23.479
7           2           9.848
7           3           39.94
7           4           15.601
8           1           21.497
8           2           3.182
8           3           23.118
8           4           13.823



sc(j, m) - Setup costs for producing a lot of item j on machine m. The setup costs are period-independent.


1           1           14239.556
1           2           42718.667
1           3           10679.667
1           4           21359.333
2           1           16720.044
2           2           50160.133
2           3           12540.033
2           4           25080.067
3           1           9450.0
3           2           28350.0
3           3           7087.5
3           4           14175.0
4           1           10285.333
4           2           30856.0
4           3           7714.0
4           4           15428.0
5           1           11176.978
5           2           33530.933
5           3           8382.733
5           4           16765.467
6           1           10472.0
6           2           31416.0
6           3           7854.0
6           4           15708.0
7           1           10335.733
7           2           31007.2
7           3           7751.8
7           4           15503.6
8           1           9412.978
8           2           28238.933
8           3           7059.733
8           4           14119.467



bc(m) - Fixed investment cost for machine m.


1           5828.202859562256
2           338.79593212814865
3           696.7655287131175
4           2576.5869783224816



ca(m, t) - The available capacity of machine m in period t.


1           1           294.6224231481481
1           2           294.6224231481481
1           3           294.6224231481481
1           4           294.6224231481481
1           5           294.6224231481481
1           6           294.6224231481481
2           1           294.6224231481481
2           2           294.6224231481481
2           3           294.6224231481481
2           4           294.6224231481481
2           5           294.6224231481481
2           6           294.6224231481481
3           1           294.6224231481481
3           2           294.6224231481481
3           3           294.6224231481481
3           4           294.6224231481481
3           5           294.6224231481481
3           6           294.6224231481481
4           1           294.6224231481481
4           2           294.6224231481481
4           3           294.6224231481481
4           4           294.6224231481481
4           5           294.6224231481481
4           6           294.6224231481481



em(t) - The limits of carbon emissions in period t.


1           227.83603888888888
2           227.83603888888888
3           227.83603888888888
4           227.83603888888888
5           227.83603888888888
6           227.83603888888888
