Information for the currently-owned machines and the machines that may be purchased: if 1, the machine can be purchased, otherwise currently-owned.


1           0.0
2           1.0
3           0.0
4           0.0



item_machine_arc(j, m) - The relationship arc between item j and machine m, i.e., machine m is capable of producing item j if item_machine_arc(j, m) = 1.


1           1           1.0
1           2           1.0
1           3           1.0
1           4           1.0
2           1           1.0
2           2           1.0
2           3           1.0
2           4           1.0
3           1           0.0
3           2           1.0
3           3           1.0
3           4           1.0
4           1           1.0
4           2           1.0
4           3           1.0
4           4           1.0
5           1           1.0
5           2           1.0
5           3           0.0
5           4           0.0
6           1           0.0
6           2           1.0
6           3           0.0
6           4           0.0
7           1           0.0
7           2           1.0
7           3           1.0
7           4           0.0
8           1           1.0
8           2           1.0
8           3           0.0
8           4           1.0



d(j, t) - Gross demand for item j in period t.


1           1           40
1           2           42
1           3           50
1           4           37
1           5           37
1           6           48
2           1           40
2           2           33
2           3           41
2           4           49
2           5           32
2           6           45
3           1           38
3           2           45
3           3           45
3           4           45
3           5           45
3           6           40
4           1           42
4           2           39
4           3           32
4           4           38
4           5           48
4           6           37
5           1           39
5           2           36
5           3           36
5           4           49
5           5           50
5           6           43
6           1           31
6           2           32
6           3           30
6           4           32
6           5           30
6           6           45
7           1           40
7           2           33
7           3           34
7           4           34
7           5           46
7           6           31
8           1           45
8           2           40
8           3           46
8           4           38
8           5           39
8           6           44



pt(j, m) - Time required to produce one unit of item j on machine m. The production time is period-independent.


1           1           0.883
1           2           0.71
1           3           1.311
1           4           0.721
2           1           1.477
2           2           0.797
2           3           1.366
2           4           1.363
3           1           1.165
3           2           0.58
3           3           0.9
3           4           0.979
4           1           0.567
4           2           0.71
4           3           1.457
4           4           0.834
5           1           0.819
5           2           0.645
5           3           0.639
5           4           0.534
6           1           0.862
6           2           0.948
6           3           0.765
6           4           0.544
7           1           1.446
7           2           1.326
7           3           0.8
7           4           1.387
8           1           0.666
8           2           0.701
8           3           0.876
8           4           1.246



pc(j, m) - Variable costs of producing one unit of item j on machine m. The production cost is period-independent.


1           1           2.534
1           2           5.721
1           3           1.784
1           4           8.75
2           1           3.576
2           2           5.594
2           3           2.839
2           4           4.232
3           1           2.008
3           2           2.304
3           3           1.824
3           4           9.533
4           1           2.479
4           2           5.641
4           3           2.581
4           4           7.924
5           1           3.866
5           2           3.911
5           3           2.209
5           4           8.646
6           1           2.502
6           2           2.622
6           3           1.081
6           4           5.152
7           1           2.234
7           2           4.054
7           3           2.607
7           4           9.311
8           1           3.228
8           2           3.946
8           3           2.815
8           4           6.234



pe(j, m) - Production emission for producing one unit of item j on machine m. The production emission is period-independent.


1           1           2.616
1           2           1.814
1           3           3.828
1           4           0.842
2           1           2.795
2           2           1.15
2           3           1.256
2           4           0.459
3           1           1.862
3           2           1.641
3           3           1.137
3           4           0.486
4           1           3.345
4           2           2.057
4           3           2.401
4           4           0.756
5           1           3.458
5           2           0.949
5           3           1.809
5           4           0.287
6           1           1.454
6           2           0.966
6           3           2.186
6           4           1.198
7           1           1.199
7           2           0.722
7           3           3.248
7           4           0.631
8           1           2.305
8           2           1.71
8           3           3.445
8           4           0.756



hc(j) - Inventory-holding costs for one unit of item j for one period.


1           0.124
2           0.2
3           0.25
4           0.155
5           0.111
6           0.127
7           0.11
8           0.214



st(j, m) - Setup times for producing a lot of item j on machine m. The setup times are period-independent.


1           1           30.163
1           2           27.361
1           3           69.654
1           4           34.081
2           1           47.528
2           2           48.924
2           3           49.419
2           4           73.113
3           1           70.95
3           2           90.337
3           3           86.383
3           4           77.765
4           1           48.911
4           2           86.824
4           3           26.067
4           4           78.508
5           1           84.061
5           2           51.647
5           3           96.391
5           4           43.059
6           1           60.546
6           2           71.825
6           3           44.681
6           4           75.536
7           1           54.596
7           2           99.469
7           3           63.39
7           4           92.918
8           1           81.755
8           2           29.146
8           3           76.799
8           4           43.06



se(j, m) - Setup emission for producing a lot of item j on machine m. The setup emission are period-independent.


1           1           19.614
1           2           19.784
1           3           15.055
1           4           4.371
2           1           18.455
2           2           17.924
2           3           27.173
2           4           6.073
3           1           20.048
3           2           13.12
3           3           25.665
3           4           7.66
4           1           22.161
4           2           7.29
4           3           22.795
4           4           6.557
5           1           28.899
5           2           7.92
5           3           36.179
5           4           9.88
6           1           14.524
6           2           9.286
6           3           29.228
6           4           8.316
7           1           13.788
7           2           5.932
7           3           10.34
7           4           5.049
8           1           24.841
8           2           19.732
8           3           27.565
8           4           8.63



sc(j, m) - Setup costs for producing a lot of item j on machine m. The setup costs are period-independent.


1           1           9798.756
1           2           14698.133
1           3           7349.067
1           4           29396.267
2           1           14933.333
2           2           22400.0
2           3           11200.0
2           4           44800.0
3           1           20066.667
3           2           30100.0
3           3           15050.0
3           4           60200.0
4           1           11380.444
4           2           17070.667
4           3           8535.333
4           4           34141.333
5           1           8736.933
5           2           13105.4
5           3           6552.7
5           4           26210.8
6           1           7902.222
6           2           11853.333
6           3           5926.667
6           4           23706.667
7           1           7460.444
7           2           11190.667
7           3           5595.333
7           4           22381.333
8           1           16777.6
8           2           25166.4
8           3           12583.2
8           4           50332.8



bc(m) - Fixed investment cost for machine m.


1           6356.9260872428695
2           1826.1938394433387
3           4906.296869689642
4           13054.698708612026



ca(m, t) - The available capacity of machine m in period t.


1           1           283.66472749999997
1           2           283.66472749999997
1           3           283.66472749999997
1           4           283.66472749999997
1           5           283.66472749999997
1           6           283.66472749999997
2           1           283.66472749999997
2           2           283.66472749999997
2           3           283.66472749999997
2           4           283.66472749999997
2           5           283.66472749999997
2           6           283.66472749999997
3           1           283.66472749999997
3           2           283.66472749999997
3           3           283.66472749999997
3           4           283.66472749999997
3           5           283.66472749999997
3           6           283.66472749999997
4           1           283.66472749999997
4           2           283.66472749999997
4           3           283.66472749999997
4           4           283.66472749999997
4           5           283.66472749999997
4           6           283.66472749999997



em(t) - The limits of carbon emissions in period t.


1           848.1424
2           848.1424
3           848.1424
4           848.1424
5           848.1424
6           848.1424
