Information for the currently-owned machines and the machines that may be purchased: if 1, the machine can be purchased, otherwise currently-owned.


1           0.0
2           1.0
3           0.0
4           0.0



item_machine_arc(j, m) - The relationship arc between item j and machine m, i.e., machine m is capable of producing item j if item_machine_arc(j, m) = 1.


1           1           0.0
1           2           1.0
1           3           0.0
1           4           1.0
2           1           0.0
2           2           0.0
2           3           0.0
2           4           1.0
3           1           1.0
3           2           1.0
3           3           1.0
3           4           1.0
4           1           0.0
4           2           0.0
4           3           1.0
4           4           1.0
5           1           0.0
5           2           1.0
5           3           1.0
5           4           0.0
6           1           1.0
6           2           1.0
6           3           1.0
6           4           0.0
7           1           1.0
7           2           0.0
7           3           0.0
7           4           0.0
8           1           0.0
8           2           0.0
8           3           1.0
8           4           0.0



d(j, t) - Gross demand for item j in period t.


1           1           42
1           2           41
1           3           41
1           4           35
1           5           50
1           6           33
2           1           35
2           2           38
2           3           48
2           4           42
2           5           33
2           6           50
3           1           45
3           2           30
3           3           34
3           4           44
3           5           38
3           6           36
4           1           46
4           2           41
4           3           40
4           4           49
4           5           38
4           6           39
5           1           36
5           2           45
5           3           35
5           4           46
5           5           33
5           6           38
6           1           48
6           2           47
6           3           45
6           4           37
6           5           43
6           6           32
7           1           44
7           2           33
7           3           50
7           4           43
7           5           48
7           6           34
8           1           50
8           2           48
8           3           34
8           4           42
8           5           31
8           6           39



pt(j, m) - Time required to produce one unit of item j on machine m. The production time is period-independent.


1           1           0.57
1           2           1.17
1           3           1.272
1           4           1.426
2           1           0.69
2           2           0.926
2           3           0.948
2           4           0.846
3           1           0.873
3           2           0.916
3           3           1.133
3           4           0.785
4           1           0.531
4           2           0.679
4           3           0.995
4           4           0.658
5           1           0.678
5           2           1.321
5           3           0.93
5           4           0.588
6           1           1.158
6           2           1.132
6           3           0.889
6           4           0.688
7           1           1.183
7           2           0.531
7           3           0.584
7           4           1.393
8           1           1.314
8           2           0.855
8           3           0.746
8           4           0.875



pc(j, m) - Variable costs of producing one unit of item j on machine m. The production cost is period-independent.


1           1           4.41
1           2           1.641
1           3           8.069
1           4           2.122
2           1           4.821
2           2           1.333
2           3           10.196
2           4           3.047
3           1           3.665
3           2           2.088
3           3           6.658
3           4           2.389
4           1           5.556
4           2           1.401
4           3           4.998
4           4           3.888
5           1           2.475
5           2           2.279
5           3           9.37
5           4           2.098
6           1           4.705
6           2           1.477
6           3           8.638
6           4           2.359
7           1           3.248
7           2           2.791
7           3           5.427
7           4           2.978
8           1           5.908
8           2           2.72
8           3           6.859
8           4           2.453



pe(j, m) - Production emission for producing one unit of item j on machine m. The production emission is period-independent.


1           1           1.064
1           2           1.583
1           3           1.203
1           4           1.154
2           1           2.115
2           2           3.969
2           3           0.516
2           4           2.107
3           1           2.077
3           2           3.682
3           3           1.207
3           4           3.186
4           1           2.182
4           2           3.331
4           3           0.561
4           4           2.781
5           1           2.449
5           2           4.658
5           3           1.157
5           4           3.726
6           1           1.47
6           2           1.767
6           3           0.428
6           4           2.151
7           1           2.242
7           2           2.724
7           3           0.534
7           4           1.058
8           1           2.225
8           2           1.462
8           3           0.546
8           4           2.068



hc(j) - Inventory-holding costs for one unit of item j for one period.


1           0.255
2           0.289
3           0.268
4           0.247
5           0.249
6           0.12
7           0.108
8           0.242



st(j, m) - Setup times for producing a lot of item j on machine m. The setup times are period-independent.


1           1           81.839
1           2           99.379
1           3           78.12
1           4           87.1
2           1           29.282
2           2           64.463
2           3           34.239
2           4           95.854
3           1           52.065
3           2           47.92
3           3           83.801
3           4           48.555
4           1           61.811
4           2           28.136
4           3           47.678
4           4           85.838
5           1           60.546
5           2           80.021
5           3           62.794
5           4           98.476
6           1           64.137
6           2           51.904
6           3           27.063
6           4           53.872
7           1           50.195
7           2           98.217
7           3           42.914
7           4           50.353
8           1           31.881
8           2           44.343
8           3           76.288
8           4           87.524



se(j, m) - Setup emission for producing a lot of item j on machine m. The setup emission are period-independent.


1           1           63.856
1           2           192.901
1           3           47.652
1           4           41.965
2           1           50.595
2           2           93.611
2           3           49.336
2           4           109.822
3           1           77.674
3           2           183.115
3           3           38.74
3           4           128.135
4           1           41.704
4           2           124.123
4           3           17.0
4           4           43.786
5           1           84.185
5           2           199.667
5           3           17.018
5           4           42.019
6           1           88.679
6           2           149.655
6           3           38.343
6           4           57.283
7           1           91.309
7           2           126.722
7           3           20.122
7           4           42.754
8           1           42.412
8           2           190.848
8           3           16.434
8           4           68.748



sc(j, m) - Setup costs for producing a lot of item j on machine m. The setup costs are period-independent.


1           1           28798.0
1           2           14399.0
1           3           57596.0
1           4           19198.667
2           1           33177.2
2           2           16588.6
2           3           66354.4
2           4           22118.133
3           1           28390.133
3           2           14195.067
3           3           56780.267
3           4           18926.756
4           1           29162.467
4           2           14581.233
4           3           58324.933
4           4           19441.644
5           1           27074.6
5           2           13537.3
5           3           54149.2
5           4           18049.733
6           1           14112.0
6           2           7056.0
6           3           28224.0
6           4           9408.0
7           1           12700.8
7           2           6350.4
7           3           25401.6
7           4           8467.2
8           1           27555.733
8           2           13777.867
8           3           55111.467
8           4           18370.489



bc(m) - Fixed investment cost for machine m.


1           758.5642367393541
2           3845.089387037083
3           11916.487344186507
4           49.01932268083664



ca(m, t) - The available capacity of machine m in period t.


1           1           310.5420266666667
1           2           310.5420266666667
1           3           310.5420266666667
1           4           310.5420266666667
1           5           310.5420266666667
1           6           310.5420266666667
2           1           310.5420266666667
2           2           310.5420266666667
2           3           310.5420266666667
2           4           310.5420266666667
2           5           310.5420266666667
2           6           310.5420266666667
3           1           310.5420266666667
3           2           310.5420266666667
3           3           310.5420266666667
3           4           310.5420266666667
3           5           310.5420266666667
3           6           310.5420266666667
4           1           310.5420266666667
4           2           310.5420266666667
4           3           310.5420266666667
4           4           310.5420266666667
4           5           310.5420266666667
4           6           310.5420266666667



em(t) - The limits of carbon emissions in period t.


1           1295.1234333333332
2           1295.1234333333332
3           1295.1234333333332
4           1295.1234333333332
5           1295.1234333333332
6           1295.1234333333332
