Information for the currently-owned machines and the machines that may be purchased: if 1, the machine can be purchased, otherwise currently-owned.


1           0.0
2           0.0
3           0.0
4           1.0



item_machine_arc(j, m) - The relationship arc between item j and machine m, i.e., machine m is capable of producing item j if item_machine_arc(j, m) = 1.


1           1           0.0
1           2           0.0
1           3           1.0
1           4           1.0
2           1           1.0
2           2           1.0
2           3           1.0
2           4           1.0
3           1           1.0
3           2           1.0
3           3           1.0
3           4           1.0
4           1           0.0
4           2           0.0
4           3           1.0
4           4           1.0
5           1           1.0
5           2           1.0
5           3           1.0
5           4           1.0
6           1           0.0
6           2           1.0
6           3           0.0
6           4           1.0
7           1           1.0
7           2           1.0
7           3           0.0
7           4           1.0
8           1           1.0
8           2           1.0
8           3           0.0
8           4           0.0



d(j, t) - Gross demand for item j in period t.


1           1           42
1           2           35
1           3           38
1           4           44
1           5           33
1           6           38
2           1           47
2           2           43
2           3           48
2           4           40
2           5           36
2           6           42
3           1           46
3           2           31
3           3           44
3           4           39
3           5           39
3           6           40
4           1           30
4           2           47
4           3           37
4           4           35
4           5           45
4           6           44
5           1           32
5           2           41
5           3           37
5           4           31
5           5           45
5           6           48
6           1           49
6           2           40
6           3           49
6           4           32
6           5           50
6           6           30
7           1           50
7           2           35
7           3           42
7           4           47
7           5           39
7           6           39
8           1           47
8           2           43
8           3           39
8           4           40
8           5           38
8           6           49



pt(j, m) - Time required to produce one unit of item j on machine m. The production time is period-independent.


1           1           0.832
1           2           1.398
1           3           0.944
1           4           0.654
2           1           0.743
2           2           0.918
2           3           0.9
2           4           1.222
3           1           1.227
3           2           1.144
3           3           1.47
3           4           0.607
4           1           0.503
4           2           0.751
4           3           0.755
4           4           0.567
5           1           1.244
5           2           0.656
5           3           0.756
5           4           0.771
6           1           1.05
6           2           0.639
6           3           0.576
6           4           0.517
7           1           0.718
7           2           0.766
7           3           0.652
7           4           1.403
8           1           0.625
8           2           0.784
8           3           0.772
8           4           1.172



pc(j, m) - Variable costs of producing one unit of item j on machine m. The production cost is period-independent.


1           1           5.8
1           2           2.237
1           3           1.308
1           4           11.254
2           1           3.405
2           2           2.524
2           3           2.167
2           4           8.858
3           1           5.68
3           2           1.898
3           3           2.644
3           4           6.517
4           1           4.083
4           2           2.048
4           3           1.531
4           4           9.464
5           1           5.115
5           2           1.659
5           3           2.437
5           4           8.23
6           1           4.328
6           2           2.957
6           3           2.6
6           4           5.907
7           1           2.247
7           2           2.854
7           3           2.819
7           4           7.238
8           1           2.33
8           2           2.467
8           3           2.672
8           4           4.677



pe(j, m) - Production emission for producing one unit of item j on machine m. The production emission is period-independent.


1           1           1.844
1           2           2.241
1           3           4.751
1           4           1.074
2           1           1.202
2           2           1.34
2           3           4.956
2           4           1.043
3           1           1.506
3           2           1.64
3           3           3.997
3           4           0.697
4           1           0.957
4           2           1.96
4           3           1.575
4           4           0.999
5           1           2.316
5           2           2.494
5           3           1.466
5           4           1.112
6           1           2.207
6           2           1.502
6           3           4.182
6           4           0.352
7           1           1.947
7           2           2.91
7           3           3.368
7           4           0.794
8           1           2.022
8           2           3.702
8           3           2.394
8           4           0.35



hc(j) - Inventory-holding costs for one unit of item j for one period.


1           0.259
2           0.154
3           0.205
4           0.248
5           0.252
6           0.11
7           0.298
8           0.2



st(j, m) - Setup times for producing a lot of item j on machine m. The setup times are period-independent.


1           1           92.43
1           2           25.128
1           3           90.587
1           4           39.72
2           1           89.907
2           2           73.151
2           3           77.96
2           4           69.108
3           1           41.184
3           2           59.035
3           3           80.233
3           4           61.162
4           1           86.836
4           2           93.01
4           3           83.252
4           4           48.49
5           1           60.496
5           2           59.317
5           3           32.515
5           4           75.755
6           1           69.892
6           2           57.275
6           3           80.585
6           4           57.411
7           1           56.189
7           2           90.063
7           3           54.268
7           4           86.996
8           1           90.583
8           2           57.488
8           3           57.008
8           4           92.086



se(j, m) - Setup emission for producing a lot of item j on machine m. The setup emission are period-independent.


1           1           15.46
1           2           13.291
1           3           16.836
1           4           5.496
2           1           12.647
2           2           29.774
2           3           32.762
2           4           8.069
3           1           12.959
3           2           28.837
3           3           20.543
3           4           2.943
4           1           17.041
4           2           17.376
4           3           19.329
4           4           2.509
5           1           17.544
5           2           9.243
5           3           11.088
5           4           9.584
6           1           14.741
6           2           7.842
6           3           20.64
6           4           4.529
7           1           13.522
7           2           9.28
7           3           21.203
7           4           6.003
8           1           15.307
8           2           22.059
8           3           39.553
8           4           4.761



sc(j, m) - Setup costs for producing a lot of item j on machine m. The setup costs are period-independent.


1           1           27799.333
1           2           18532.889
1           3           13899.667
1           4           55598.667
2           1           18397.867
2           2           12265.244
2           3           9198.933
2           4           36795.733
3           1           22864.333
3           2           15242.889
3           3           11432.167
3           4           45728.667
4           1           27544.533
4           2           18363.022
4           3           13772.267
4           4           55089.067
5           1           27518.4
5           2           18345.6
5           3           13759.2
5           4           55036.8
6           1           12833.333
6           2           8555.556
6           3           6416.667
6           4           25666.667
7           1           35044.8
7           2           23363.2
7           3           17522.4
7           4           70089.6
8           1           23893.333
8           2           15928.889
8           3           11946.667
8           4           47786.667



bc(m) - Fixed investment cost for machine m.


1           3200.540642102578
2           678.4297252872735
3           2771.1208258007305
4           1457.3298862079587



ca(m, t) - The available capacity of machine m in period t.


1           1           250.6102472222222
1           2           250.6102472222222
1           3           250.6102472222222
1           4           250.6102472222222
1           5           250.6102472222222
1           6           250.6102472222222
2           1           250.6102472222222
2           2           250.6102472222222
2           3           250.6102472222222
2           4           250.6102472222222
2           5           250.6102472222222
2           6           250.6102472222222
3           1           250.6102472222222
3           2           250.6102472222222
3           3           250.6102472222222
3           4           250.6102472222222
3           5           250.6102472222222
3           6           250.6102472222222
4           1           250.6102472222222
4           2           250.6102472222222
4           3           250.6102472222222
4           4           250.6102472222222
4           5           250.6102472222222
4           6           250.6102472222222



em(t) - The limits of carbon emissions in period t.


1           1072.6637074999999
2           1072.6637074999999
3           1072.6637074999999
4           1072.6637074999999
5           1072.6637074999999
6           1072.6637074999999
