Information for the currently-owned machines and the machines that may be purchased: if 1, the machine can be purchased, otherwise currently-owned.


1           0.0
2           0.0
3           0.0
4           1.0



item_machine_arc(j, m) - The relationship arc between item j and machine m, i.e., machine m is capable of producing item j if item_machine_arc(j, m) = 1.


1           1           1.0
1           2           0.0
1           3           1.0
1           4           1.0
2           1           1.0
2           2           1.0
2           3           1.0
2           4           0.0
3           1           0.0
3           2           1.0
3           3           0.0
3           4           0.0
4           1           1.0
4           2           1.0
4           3           1.0
4           4           1.0
5           1           0.0
5           2           1.0
5           3           0.0
5           4           1.0
6           1           1.0
6           2           1.0
6           3           1.0
6           4           1.0
7           1           1.0
7           2           1.0
7           3           1.0
7           4           1.0
8           1           1.0
8           2           1.0
8           3           0.0
8           4           1.0



d(j, t) - Gross demand for item j in period t.


1           1           42
1           2           45
1           3           31
1           4           37
1           5           33
1           6           49
2           1           43
2           2           42
2           3           38
2           4           30
2           5           44
2           6           44
3           1           36
3           2           42
3           3           39
3           4           31
3           5           44
3           6           42
4           1           43
4           2           35
4           3           47
4           4           31
4           5           47
4           6           31
5           1           32
5           2           42
5           3           37
5           4           31
5           5           35
5           6           45
6           1           50
6           2           35
6           3           32
6           4           37
6           5           46
6           6           47
7           1           39
7           2           39
7           3           42
7           4           43
7           5           49
7           6           31
8           1           36
8           2           35
8           3           31
8           4           41
8           5           39
8           6           32



pt(j, m) - Time required to produce one unit of item j on machine m. The production time is period-independent.


1           1           1.223
1           2           1.38
1           3           1.433
1           4           0.507
2           1           0.688
2           2           1.389
2           3           1.09
2           4           0.792
3           1           1.068
3           2           0.682
3           3           0.573
3           4           0.848
4           1           1.246
4           2           0.515
4           3           0.951
4           4           0.775
5           1           1.173
5           2           1.022
5           3           1.232
5           4           0.897
6           1           0.704
6           2           0.831
6           3           1.385
6           4           1.422
7           1           1.165
7           2           0.584
7           3           0.627
7           4           0.981
8           1           0.527
8           2           0.809
8           3           0.922
8           4           0.575



pc(j, m) - Variable costs of producing one unit of item j on machine m. The production cost is period-independent.


1           1           4.802
1           2           11.004
1           3           2.867
1           4           1.231
2           1           3.511
2           2           4.457
2           3           3.45
2           4           1.897
3           1           5.145
3           2           7.543
3           3           3.751
3           4           2.332
4           1           3.107
4           2           5.594
4           3           2.119
4           4           2.381
5           1           5.149
5           2           5.795
5           3           2.101
5           4           1.664
6           1           3.011
6           2           9.177
6           3           3.293
6           4           1.285
7           1           3.84
7           2           6.531
7           3           3.542
7           4           2.39
8           1           4.188
8           2           4.362
8           3           3.692
8           4           2.807



pe(j, m) - Production emission for producing one unit of item j on machine m. The production emission is period-independent.


1           1           0.239
1           2           0.206
1           3           0.37
1           4           0.251
2           1           0.226
2           2           0.181
2           3           0.506
2           4           0.817
3           1           0.288
3           2           0.08
3           3           0.46
3           4           0.359
4           1           0.318
4           2           0.122
4           3           0.565
4           4           0.279
5           1           0.381
5           2           0.205
5           3           0.462
5           4           0.984
6           1           0.459
6           2           0.169
6           3           0.323
6           4           0.62
7           1           0.468
7           2           0.14
7           3           0.353
7           4           0.869
8           1           0.427
8           2           0.078
8           3           0.669
8           4           0.645



hc(j) - Inventory-holding costs for one unit of item j for one period.


1           0.205
2           0.238
3           0.245
4           0.143
5           0.267
6           0.108
7           0.285
8           0.265



st(j, m) - Setup times for producing a lot of item j on machine m. The setup times are period-independent.


1           1           19.175
1           2           15.119
1           3           9.336
1           4           7.936
2           1           13.058
2           2           11.98
2           3           19.272
2           4           5.833
3           1           17.203
3           2           15.682
3           3           7.413
3           4           13.187
4           1           6.507
4           2           5.171
4           3           5.102
4           4           12.489
5           1           7.533
5           2           7.903
5           3           14.626
5           4           11.339
6           1           13.89
6           2           5.885
6           3           17.228
6           4           16.343
7           1           9.558
7           2           14.497
7           3           15.646
7           4           9.795
8           1           6.745
8           2           14.335
8           3           14.525
8           4           15.2



se(j, m) - Setup emission for producing a lot of item j on machine m. The setup emission are period-independent.


1           1           10.083
1           2           6.711
1           3           20.981
1           4           37.182
2           1           8.446
2           2           2.866
2           3           24.689
2           4           21.068
3           1           17.101
3           2           3.112
3           3           20.617
3           4           22.046
4           1           9.431
4           2           4.59
4           3           15.734
4           4           13.179
5           1           15.817
5           2           3.272
5           3           21.575
5           4           34.494
6           1           6.582
6           2           5.089
6           3           26.75
6           4           29.077
7           1           18.693
7           2           4.073
7           3           27.453
7           4           10.44
8           1           13.401
8           2           7.813
8           3           25.6
8           4           29.862



sc(j, m) - Setup costs for producing a lot of item j on machine m. The setup costs are period-independent.


1           1           22673.0
1           2           45346.0
1           3           15115.333
1           4           11336.5
2           1           26767.067
2           2           53534.133
2           3           17844.711
2           4           13383.533
3           1           26754.0
3           2           53508.0
3           3           17836.0
3           4           13377.0
4           1           15615.6
4           2           31231.2
4           3           10410.4
4           4           7807.8
5           1           27661.2
5           2           55322.4
5           3           18440.8
5           4           13830.6
6           1           12448.8
6           2           24897.6
6           3           8299.2
6           4           6224.4
7           1           32319.0
7           2           64638.0
7           3           21546.0
7           4           16159.5
8           1           26464.667
8           2           52929.333
8           3           17643.111
8           4           13232.333



bc(m) - Fixed investment cost for machine m.


1           839.6207455817517
2           19780.47301479516
3           2672.6181335398664
4           4461.244096029206



ca(m, t) - The available capacity of machine m in period t.


1           1           169.50973925925925
1           2           169.50973925925925
1           3           169.50973925925925
1           4           169.50973925925925
1           5           169.50973925925925
1           6           169.50973925925925
2           1           169.50973925925925
2           2           169.50973925925925
2           3           169.50973925925925
2           4           169.50973925925925
2           5           169.50973925925925
2           6           169.50973925925925
3           1           169.50973925925925
3           2           169.50973925925925
3           3           169.50973925925925
3           4           169.50973925925925
3           5           169.50973925925925
3           6           169.50973925925925
4           1           169.50973925925925
4           2           169.50973925925925
4           3           169.50973925925925
4           4           169.50973925925925
4           5           169.50973925925925
4           6           169.50973925925925



em(t) - The limits of carbon emissions in period t.


1           258.4475911111111
2           258.4475911111111
3           258.4475911111111
4           258.4475911111111
5           258.4475911111111
6           258.4475911111111
