Information for the currently-owned machines and the machines that may be purchased: if 1, the machine can be purchased, otherwise currently-owned.


1           1.0
2           0.0
3           0.0
4           0.0



item_machine_arc(j, m) - The relationship arc between item j and machine m, i.e., machine m is capable of producing item j if item_machine_arc(j, m) = 1.


1           1           0.0
1           2           1.0
1           3           1.0
1           4           1.0
2           1           0.0
2           2           1.0
2           3           1.0
2           4           0.0
3           1           0.0
3           2           1.0
3           3           0.0
3           4           0.0
4           1           0.0
4           2           0.0
4           3           0.0
4           4           1.0
5           1           0.0
5           2           1.0
5           3           0.0
5           4           0.0
6           1           1.0
6           2           1.0
6           3           1.0
6           4           1.0
7           1           1.0
7           2           0.0
7           3           1.0
7           4           1.0
8           1           0.0
8           2           1.0
8           3           1.0
8           4           1.0



d(j, t) - Gross demand for item j in period t.


1           1           45
1           2           42
1           3           32
1           4           44
1           5           44
1           6           45
2           1           43
2           2           31
2           3           39
2           4           49
2           5           46
2           6           35
3           1           33
3           2           50
3           3           36
3           4           32
3           5           30
3           6           43
4           1           40
4           2           44
4           3           44
4           4           32
4           5           40
4           6           35
5           1           43
5           2           38
5           3           32
5           4           46
5           5           32
5           6           33
6           1           49
6           2           38
6           3           46
6           4           41
6           5           47
6           6           35
7           1           48
7           2           37
7           3           38
7           4           33
7           5           33
7           6           50
8           1           48
8           2           39
8           3           37
8           4           47
8           5           43
8           6           34



pt(j, m) - Time required to produce one unit of item j on machine m. The production time is period-independent.


1           1           0.561
1           2           1.256
1           3           0.692
1           4           0.69
2           1           1.496
2           2           1.453
2           3           1.065
2           4           0.586
3           1           1.399
3           2           1.361
3           3           0.578
3           4           0.732
4           1           0.572
4           2           1.316
4           3           1.05
4           4           0.715
5           1           1.276
5           2           0.722
5           3           1.158
5           4           1.282
6           1           0.737
6           2           0.75
6           3           0.651
6           4           1.22
7           1           0.523
7           2           0.852
7           3           0.886
7           4           0.79
8           1           1.163
8           2           1.256
8           3           0.63
8           4           0.556



pc(j, m) - Variable costs of producing one unit of item j on machine m. The production cost is period-independent.


1           1           3.949
1           2           5.759
1           3           1.436
1           4           8.562
2           1           1.916
2           2           3.169
2           3           2.716
2           4           11.364
3           1           2.321
3           2           3.047
3           3           1.976
3           4           11.57
4           1           1.867
4           2           4.295
4           3           2.152
4           4           7.803
5           1           2.35
5           2           5.012
5           3           2.833
5           4           9.572
6           1           3.517
6           2           3.203
6           3           1.33
6           4           8.838
7           1           3.06
7           2           2.284
7           3           2.419
7           4           8.025
8           1           1.673
8           2           4.726
8           3           1.605
8           4           10.75



pe(j, m) - Production emission for producing one unit of item j on machine m. The production emission is period-independent.


1           1           1.258
1           2           1.624
1           3           2.583
1           4           1.071
2           1           3.236
2           2           2.177
2           3           3.293
2           4           0.365
3           1           3.41
3           2           2.153
3           3           3.255
3           4           0.755
4           1           1.644
4           2           2.125
4           3           2.148
4           4           0.528
5           1           1.562
5           2           1.687
5           3           1.879
5           4           0.407
6           1           1.332
6           2           1.276
6           3           1.452
6           4           1.228
7           1           3.464
7           2           1.61
7           3           2.382
7           4           1.059
8           1           3.728
8           2           1.699
8           3           4.032
8           4           0.817



hc(j) - Inventory-holding costs for one unit of item j for one period.


1           0.137
2           0.148
3           0.218
4           0.246
5           0.221
6           0.109
7           0.218
8           0.14



st(j, m) - Setup times for producing a lot of item j on machine m. The setup times are period-independent.


1           1           10.849
1           2           17.408
1           3           7.655
1           4           12.735
2           1           12.955
2           2           14.989
2           3           8.694
2           4           9.407
3           1           7.342
3           2           19.531
3           3           17.783
3           4           14.234
4           1           6.779
4           2           13.488
4           3           8.462
4           4           11.391
5           1           9.771
5           2           15.692
5           3           12.39
5           4           11.033
6           1           8.138
6           2           13.027
6           3           8.219
6           4           5.895
7           1           7.93
7           2           10.127
7           3           8.832
7           4           16.39
8           1           15.604
8           2           5.848
8           3           14.626
8           4           11.042



se(j, m) - Setup emission for producing a lot of item j on machine m. The setup emission are period-independent.


1           1           21.055
1           2           18.942
1           3           10.834
1           4           6.037
2           1           9.205
2           2           16.095
2           3           29.339
2           4           5.041
3           1           11.772
3           2           13.947
3           3           17.057
3           4           9.755
4           1           20.694
4           2           6.901
4           3           19.723
4           4           7.819
5           1           24.633
5           2           12.13
5           3           23.643
5           4           5.481
6           1           24.628
6           2           17.822
6           3           29.57
6           4           2.63
7           1           16.349
7           2           19.45
7           3           19.521
7           4           5.165
8           1           28.336
8           2           14.527
8           3           39.359
8           4           5.668



sc(j, m) - Setup costs for producing a lot of item j on machine m. The setup costs are period-independent.


1           1           11814.88
1           2           17722.32
1           3           8861.16
1           4           35444.64
2           1           12307.68
2           2           18461.52
2           3           9230.76
2           4           36923.04
3           1           16711.396
3           2           25067.093
3           3           12533.547
3           4           50134.187
4           1           19783.867
4           2           29675.8
4           3           14837.9
4           4           59351.6
5           1           16941.369
5           2           25412.053
5           3           12706.027
5           4           50824.107
6           1           9549.369
6           2           14324.053
6           3           7162.027
6           4           28648.107
7           1           17830.462
7           2           26745.693
7           3           13372.847
7           4           53491.387
8           1           11881.956
8           2           17822.933
8           3           8911.467
8           4           35645.867



bc(m) - Fixed investment cost for machine m.


1           3063.12642429906
2           9362.85322747952
3           2387.5068769871377
4           5031.086307528727



ca(m, t) - The available capacity of machine m in period t.


1           1           160.09845833333333
1           2           160.09845833333333
1           3           160.09845833333333
1           4           160.09845833333333
1           5           160.09845833333333
1           6           160.09845833333333
2           1           160.09845833333333
2           2           160.09845833333333
2           3           160.09845833333333
2           4           160.09845833333333
2           5           160.09845833333333
2           6           160.09845833333333
3           1           160.09845833333333
3           2           160.09845833333333
3           3           160.09845833333333
3           4           160.09845833333333
3           5           160.09845833333333
3           6           160.09845833333333
4           1           160.09845833333333
4           2           160.09845833333333
4           3           160.09845833333333
4           4           160.09845833333333
4           5           160.09845833333333
4           6           160.09845833333333



em(t) - The limits of carbon emissions in period t.


1           996.9593394444445
2           996.9593394444445
3           996.9593394444445
4           996.9593394444445
5           996.9593394444445
6           996.9593394444445
