Information for the currently-owned machines and the machines that may be purchased: if 1, the machine can be purchased, otherwise currently-owned.


1           0.0
2           0.0
3           1.0
4           0.0



item_machine_arc(j, m) - The relationship arc between item j and machine m, i.e., machine m is capable of producing item j if item_machine_arc(j, m) = 1.


1           1           1.0
1           2           0.0
1           3           0.0
1           4           0.0
2           1           1.0
2           2           0.0
2           3           1.0
2           4           0.0
3           1           0.0
3           2           1.0
3           3           0.0
3           4           0.0
4           1           0.0
4           2           0.0
4           3           1.0
4           4           1.0
5           1           0.0
5           2           1.0
5           3           0.0
5           4           1.0
6           1           1.0
6           2           1.0
6           3           1.0
6           4           1.0
7           1           1.0
7           2           0.0
7           3           0.0
7           4           0.0
8           1           1.0
8           2           1.0
8           3           1.0
8           4           1.0



d(j, t) - Gross demand for item j in period t.


1           1           47
1           2           42
1           3           45
1           4           39
1           5           35
1           6           33
2           1           42
2           2           41
2           3           45
2           4           31
2           5           31
2           6           36
3           1           40
3           2           49
3           3           41
3           4           50
3           5           40
3           6           30
4           1           31
4           2           42
4           3           30
4           4           32
4           5           44
4           6           40
5           1           34
5           2           35
5           3           48
5           4           49
5           5           50
5           6           43
6           1           43
6           2           31
6           3           46
6           4           30
6           5           35
6           6           36
7           1           30
7           2           42
7           3           37
7           4           50
7           5           33
7           6           47
8           1           42
8           2           49
8           3           31
8           4           36
8           5           39
8           6           48



pt(j, m) - Time required to produce one unit of item j on machine m. The production time is period-independent.


1           1           0.893
1           2           0.537
1           3           0.968
1           4           0.831
2           1           1.047
2           2           1.357
2           3           1.174
2           4           1.369
3           1           0.95
3           2           0.64
3           3           0.89
3           4           1.05
4           1           0.943
4           2           1.004
4           3           1.291
4           4           1.14
5           1           1.416
5           2           1.426
5           3           0.808
5           4           0.77
6           1           1.264
6           2           0.651
6           3           1.334
6           4           1.093
7           1           0.715
7           2           1.17
7           3           1.208
7           4           1.075
8           1           1.408
8           2           1.177
8           3           0.616
8           4           0.797



pc(j, m) - Variable costs of producing one unit of item j on machine m. The production cost is period-independent.


1           1           1.164
1           2           3.448
1           3           4.565
1           4           9.24
2           1           2.442
2           2           2.07
2           3           3.297
2           4           9.89
3           1           2.447
3           2           2.103
3           3           4.698
3           4           8.458
4           1           1.406
4           2           2.673
4           3           3.775
4           4           7.901
5           1           2.089
5           2           2.951
5           3           3.263
5           4           11.405
6           1           2.486
6           2           1.502
6           3           5.076
6           4           5.989
7           1           1.351
7           2           2.894
7           3           4.483
7           4           6.795
8           1           2.86
8           2           1.758
8           3           3.205
8           4           11.923



pe(j, m) - Production emission for producing one unit of item j on machine m. The production emission is period-independent.


1           1           2.054
1           2           2.886
1           3           1.32
1           4           1.02
2           1           1.856
2           2           1.382
2           3           2.156
2           4           0.497
3           1           3.2
3           2           2.627
3           3           1.557
3           4           0.34
4           1           2.551
4           2           2.323
4           3           1.655
4           4           0.824
5           1           2.708
5           2           3.224
5           3           2.126
5           4           0.437
6           1           4.476
6           2           2.439
6           3           2.124
6           4           0.735
7           1           3.236
7           2           2.232
7           3           1.528
7           4           0.74
8           1           4.512
8           2           0.806
8           3           0.724
8           4           0.869



hc(j) - Inventory-holding costs for one unit of item j for one period.


1           0.182
2           0.166
3           0.252
4           0.148
5           0.23
6           0.171
7           0.158
8           0.259



st(j, m) - Setup times for producing a lot of item j on machine m. The setup times are period-independent.


1           1           80.922
1           2           92.597
1           3           54.58
1           4           27.54
2           1           81.252
2           2           50.528
2           3           28.57
2           4           26.778
3           1           40.415
3           2           42.357
3           3           47.688
3           4           67.381
4           1           46.77
4           2           55.768
4           3           42.444
4           4           89.497
5           1           68.054
5           2           76.737
5           3           38.847
5           4           44.903
6           1           81.745
6           2           56.068
6           3           77.751
6           4           95.14
7           1           90.887
7           2           49.598
7           3           59.848
7           4           30.753
8           1           66.184
8           2           83.827
8           3           41.761
8           4           67.569



se(j, m) - Setup emission for producing a lot of item j on machine m. The setup emission are period-independent.


1           1           27.683
1           2           25.354
1           3           5.775
1           4           4.008
2           1           36.05
2           2           8.054
2           3           14.951
2           4           7.212
3           1           30.911
3           2           20.771
3           3           11.97
3           4           7.417
4           1           37.8
4           2           12.578
4           3           5.701
4           4           8.533
5           1           15.818
5           2           10.654
5           3           10.788
5           4           4.085
6           1           19.887
6           2           10.125
6           3           5.049
6           4           6.693
7           1           29.789
7           2           9.182
7           3           8.114
7           4           7.649
8           1           22.497
8           2           25.62
8           3           14.658
8           4           7.091



sc(j, m) - Setup costs for producing a lot of item j on machine m. The setup costs are period-independent.


1           1           10234.467
1           2           13645.956
1           3           20468.933
1           4           40937.867
2           1           8753.733
2           2           11671.644
2           3           17507.467
2           4           35014.933
3           1           14700.0
3           2           19600.0
3           3           29400.0
3           4           58800.0
4           1           7562.8
4           2           10083.733
4           3           15125.6
4           4           30251.2
5           1           13899.667
5           2           18532.889
5           3           27799.333
5           4           55598.667
6           1           8817.9
6           2           11757.2
6           3           17635.8
6           4           35271.6
7           1           8811.133
7           2           11748.178
7           3           17622.267
7           4           35244.533
8           1           14806.167
8           2           19741.556
8           3           29612.333
8           4           59224.667



bc(m) - Fixed investment cost for machine m.


1           1430.42471263786
2           4719.315772530981
3           6170.017499788461
4           17509.161909431215



ca(m, t) - The available capacity of machine m in period t.


1           1           294.95763305555556
1           2           294.95763305555556
1           3           294.95763305555556
1           4           294.95763305555556
1           5           294.95763305555556
1           6           294.95763305555556
2           1           294.95763305555556
2           2           294.95763305555556
2           3           294.95763305555556
2           4           294.95763305555556
2           5           294.95763305555556
2           6           294.95763305555556
3           1           294.95763305555556
3           2           294.95763305555556
3           3           294.95763305555556
3           4           294.95763305555556
3           5           294.95763305555556
3           6           294.95763305555556
4           1           294.95763305555556
4           2           294.95763305555556
4           3           294.95763305555556
4           4           294.95763305555556
4           5           294.95763305555556
4           6           294.95763305555556



em(t) - The limits of carbon emissions in period t.


1           1161.6197541666668
2           1161.6197541666668
3           1161.6197541666668
4           1161.6197541666668
5           1161.6197541666668
6           1161.6197541666668
