Information for the currently-owned machines and the machines that may be purchased: if 1, the machine can be purchased, otherwise currently-owned.


1           0.0
2           0.0
3           1.0
4           0.0



item_machine_arc(j, m) - The relationship arc between item j and machine m, i.e., machine m is capable of producing item j if item_machine_arc(j, m) = 1.


1           1           0.0
1           2           0.0
1           3           1.0
1           4           1.0
2           1           1.0
2           2           1.0
2           3           1.0
2           4           1.0
3           1           0.0
3           2           1.0
3           3           1.0
3           4           0.0
4           1           0.0
4           2           1.0
4           3           1.0
4           4           0.0
5           1           0.0
5           2           1.0
5           3           0.0
5           4           0.0
6           1           1.0
6           2           1.0
6           3           1.0
6           4           1.0
7           1           0.0
7           2           0.0
7           3           0.0
7           4           1.0
8           1           1.0
8           2           0.0
8           3           1.0
8           4           1.0



d(j, t) - Gross demand for item j in period t.


1           1           33
1           2           37
1           3           38
1           4           44
1           5           45
1           6           42
2           1           33
2           2           46
2           3           30
2           4           48
2           5           39
2           6           34
3           1           50
3           2           37
3           3           31
3           4           38
3           5           42
3           6           30
4           1           31
4           2           44
4           3           40
4           4           32
4           5           44
4           6           47
5           1           34
5           2           50
5           3           44
5           4           33
5           5           46
5           6           49
6           1           39
6           2           45
6           3           30
6           4           39
6           5           48
6           6           44
7           1           46
7           2           42
7           3           37
7           4           49
7           5           33
7           6           38
8           1           31
8           2           35
8           3           35
8           4           41
8           5           46
8           6           38



pt(j, m) - Time required to produce one unit of item j on machine m. The production time is period-independent.


1           1           0.704
1           2           0.928
1           3           1.107
1           4           0.756
2           1           1.14
2           2           1.019
2           3           0.703
2           4           1.441
3           1           0.506
3           2           1.219
3           3           1.187
3           4           1.19
4           1           1.447
4           2           1.132
4           3           0.975
4           4           1.111
5           1           1.014
5           2           1.435
5           3           0.538
5           4           1.327
6           1           1.169
6           2           1.232
6           3           1.164
6           4           0.79
7           1           1.196
7           2           0.647
7           3           1.138
7           4           1.236
8           1           0.901
8           2           0.659
8           3           1.494
8           4           0.546



pc(j, m) - Variable costs of producing one unit of item j on machine m. The production cost is period-independent.


1           1           2.038
1           2           3.317
1           3           9.367
1           4           3.945
2           1           2.631
2           2           3.042
2           3           5.911
2           4           4.824
3           1           2.247
3           2           3.856
3           3           5.613
3           4           5.488
4           1           2.459
4           2           3.045
4           3           9.422
4           4           4.158
5           1           1.484
5           2           3.744
5           3           6.179
5           4           2.649
6           1           1.696
6           2           2.979
6           3           8.479
6           4           5.537
7           1           1.857
7           2           2.714
7           3           7.442
7           4           5.327
8           1           2.238
8           2           1.973
8           3           10.316
8           4           4.886



pe(j, m) - Production emission for producing one unit of item j on machine m. The production emission is period-independent.


1           1           4.752
1           2           2.229
1           3           0.265
1           4           1.069
2           1           1.043
2           2           2.781
2           3           1.085
2           4           0.992
3           1           4.142
3           2           3.328
3           3           0.583
3           4           1.77
4           1           4.784
4           2           1.977
4           3           0.8
4           4           0.608
5           1           4.932
5           2           2.075
5           3           0.296
5           4           0.733
6           1           1.114
6           2           0.933
6           3           0.52
6           4           2.265
7           1           2.289
7           2           3.011
7           3           1.014
7           4           1.357
8           1           3.375
8           2           0.992
8           3           1.034
8           4           1.001



hc(j) - Inventory-holding costs for one unit of item j for one period.


1           0.242
2           0.133
3           0.125
4           0.235
5           0.251
6           0.135
7           0.127
8           0.293



st(j, m) - Setup times for producing a lot of item j on machine m. The setup times are period-independent.


1           1           89.254
1           2           85.062
1           3           35.004
1           4           89.518
2           1           79.086
2           2           56.851
2           3           29.398
2           4           98.268
3           1           43.436
3           2           98.084
3           3           94.046
3           4           94.306
4           1           85.794
4           2           83.804
4           3           55.569
4           4           32.693
5           1           52.712
5           2           46.348
5           3           95.166
5           4           73.035
6           1           96.029
6           2           89.332
6           3           37.931
6           4           95.521
7           1           77.704
7           2           45.754
7           3           39.803
7           4           75.221
8           1           35.287
8           2           82.737
8           3           41.772
8           4           56.522



se(j, m) - Setup emission for producing a lot of item j on machine m. The setup emission are period-independent.


1           1           92.787
1           2           92.777
1           3           15.095
1           4           47.171
2           1           121.865
2           2           94.77
2           3           12.755
2           4           30.096
3           1           113.609
3           2           106.535
3           3           12.817
3           4           38.133
4           1           166.572
4           2           104.751
4           3           31.811
4           4           46.024
5           1           57.325
5           2           107.002
5           3           44.503
5           4           96.529
6           1           72.308
6           2           134.731
6           3           14.763
6           4           36.482
7           1           103.756
7           2           106.975
7           3           38.074
7           4           92.589
8           1           131.241
8           2           95.009
8           3           23.666
8           4           85.931



sc(j, m) - Setup costs for producing a lot of item j on machine m. The setup costs are period-independent.


1           1           13495.533
1           2           17994.044
1           3           53982.133
1           4           26991.067
2           1           7137.667
2           2           9516.889
2           3           28550.667
2           4           14275.333
3           1           6650.0
3           2           8866.667
3           3           26600.0
3           4           13300.0
4           1           13050.333
4           2           17400.444
4           3           52201.333
4           4           26100.667
5           1           14993.067
5           2           19990.756
5           3           59972.267
5           4           29986.133
6           1           7717.5
6           2           10290.0
6           3           30870.0
6           4           15435.0
7           1           7260.167
7           2           9680.222
7           3           29040.667
7           4           14520.333
8           1           15450.867
8           2           20601.156
8           3           61803.467
8           4           30901.733



bc(m) - Fixed investment cost for machine m.


1           3969.8635439611953
2           323.4871352284937
3           1278.173681513075
4           3367.945443586813



ca(m, t) - The available capacity of machine m in period t.


1           1           293.4310231481481
1           2           293.4310231481481
1           3           293.4310231481481
1           4           293.4310231481481
1           5           293.4310231481481
1           6           293.4310231481481
2           1           293.4310231481481
2           2           293.4310231481481
2           3           293.4310231481481
2           4           293.4310231481481
2           5           293.4310231481481
2           6           293.4310231481481
3           1           293.4310231481481
3           2           293.4310231481481
3           3           293.4310231481481
3           4           293.4310231481481
3           5           293.4310231481481
3           6           293.4310231481481
4           1           293.4310231481481
4           2           293.4310231481481
4           3           293.4310231481481
4           4           293.4310231481481
4           5           293.4310231481481
4           6           293.4310231481481



em(t) - The limits of carbon emissions in period t.


1           1061.0656777777779
2           1061.0656777777779
3           1061.0656777777779
4           1061.0656777777779
5           1061.0656777777779
6           1061.0656777777779
