Information for the currently-owned machines and the machines that may be purchased: if 1, the machine can be purchased, otherwise currently-owned.


1           0.0
2           1.0
3           0.0
4           0.0



item_machine_arc(j, m) - The relationship arc between item j and machine m, i.e., machine m is capable of producing item j if item_machine_arc(j, m) = 1.


1           1           0.0
1           2           1.0
1           3           0.0
1           4           1.0
2           1           1.0
2           2           1.0
2           3           0.0
2           4           1.0
3           1           1.0
3           2           1.0
3           3           1.0
3           4           1.0
4           1           0.0
4           2           1.0
4           3           0.0
4           4           0.0
5           1           1.0
5           2           0.0
5           3           0.0
5           4           0.0
6           1           1.0
6           2           1.0
6           3           1.0
6           4           1.0
7           1           1.0
7           2           1.0
7           3           0.0
7           4           0.0
8           1           1.0
8           2           1.0
8           3           1.0
8           4           1.0



d(j, t) - Gross demand for item j in period t.


1           1           41
1           2           30
1           3           41
1           4           46
1           5           35
1           6           35
2           1           47
2           2           36
2           3           49
2           4           37
2           5           32
2           6           34
3           1           40
3           2           41
3           3           48
3           4           42
3           5           50
3           6           41
4           1           32
4           2           34
4           3           48
4           4           30
4           5           33
4           6           30
5           1           50
5           2           40
5           3           40
5           4           47
5           5           38
5           6           34
6           1           34
6           2           38
6           3           39
6           4           35
6           5           32
6           6           46
7           1           42
7           2           42
7           3           35
7           4           45
7           5           50
7           6           45
8           1           39
8           2           45
8           3           34
8           4           33
8           5           33
8           6           34



pt(j, m) - Time required to produce one unit of item j on machine m. The production time is period-independent.


1           1           1.06
1           2           0.717
1           3           0.589
1           4           0.813
2           1           0.638
2           2           1.398
2           3           0.905
2           4           0.852
3           1           0.978
3           2           0.718
3           3           0.885
3           4           0.641
4           1           0.719
4           2           1.11
4           3           1.477
4           4           0.544
5           1           0.793
5           2           0.902
5           3           0.74
5           4           0.933
6           1           1.064
6           2           0.709
6           3           1.041
6           4           1.434
7           1           1.439
7           2           0.638
7           3           1.342
7           4           1.344
8           1           1.487
8           2           0.721
8           3           0.554
8           4           1.396



pc(j, m) - Variable costs of producing one unit of item j on machine m. The production cost is period-independent.


1           1           1.366
1           2           4.196
1           3           3.884
1           4           4.072
2           1           1.656
2           2           3.542
2           3           1.509
2           4           9.601
3           1           1.823
3           2           2.319
3           3           1.6
3           4           5.591
4           1           1.115
4           2           3.272
4           3           2.671
4           4           7.086
5           1           2.216
5           2           5.046
5           3           2.679
5           4           5.173
6           1           2.224
6           2           4.573
6           3           2.056
6           4           9.28
7           1           2.542
7           2           4.924
7           3           3.609
7           4           9.157
8           1           2.277
8           2           5.868
8           3           2.542
8           4           5.964



pe(j, m) - Production emission for producing one unit of item j on machine m. The production emission is period-independent.


1           1           1.818
1           2           1.147
1           3           2.369
1           4           0.544
2           1           3.135
2           2           2.235
2           3           3.532
2           4           1.143
3           1           3.335
3           2           1.075
3           3           3.525
3           4           0.268
4           1           2.594
4           2           2.13
4           3           3.515
4           4           0.659
5           1           3.283
5           2           1.364
5           3           1.061
5           4           0.488
6           1           4.16
6           2           2.14
6           3           2.694
6           4           0.324
7           1           3.449
7           2           2.234
7           3           2.674
7           4           0.706
8           1           2.644
8           2           1.567
8           3           3.647
8           4           0.764



hc(j) - Inventory-holding costs for one unit of item j for one period.


1           0.273
2           0.237
3           0.175
4           0.268
5           0.258
6           0.11
7           0.142
8           0.296



st(j, m) - Setup times for producing a lot of item j on machine m. The setup times are period-independent.


1           1           18.797
1           2           16.637
1           3           7.025
1           4           15.481
2           1           12.696
2           2           16.989
2           3           11.422
2           4           18.414
3           1           15.966
3           2           5.817
3           3           13.24
3           4           9.732
4           1           18.494
4           2           5.769
4           3           5.678
4           4           5.922
5           1           13.779
5           2           18.69
5           3           11.628
5           4           19.644
6           1           10.964
6           2           13.648
6           3           10.771
6           4           15.698
7           1           15.924
7           2           11.783
7           3           10.891
7           4           18.201
8           1           17.458
8           2           17.722
8           3           13.065
8           4           5.011



se(j, m) - Setup emission for producing a lot of item j on machine m. The setup emission are period-independent.


1           1           30.398
1           2           17.642
1           3           18.192
1           4           6.423
2           1           12.257
2           2           8.513
2           3           29.113
2           4           9.031
3           1           12.524
3           2           19.649
3           3           29.646
3           4           3.828
4           1           33.037
4           2           15.303
4           3           24.001
4           4           5.501
5           1           25.605
5           2           17.851
5           3           19.883
5           4           9.661
6           1           25.96
6           2           19.217
6           3           21.025
6           4           6.598
7           1           17.528
7           2           11.963
7           3           27.051
7           4           4.849
8           1           29.044
8           2           19.474
8           3           22.122
8           4           4.501



sc(j, m) - Setup costs for producing a lot of item j on machine m. The setup costs are period-independent.


1           1           15975.96
1           2           31951.92
1           3           21301.28
1           4           63903.84
2           1           14295.05
2           2           28590.1
2           3           19060.067
2           4           57180.2
3           1           11768.167
3           2           23536.333
3           3           15690.889
3           4           47072.667
4           1           14238.84
4           2           28477.68
4           3           18985.12
4           4           56955.36
5           1           16488.78
5           2           32977.56
5           3           21985.04
5           4           65955.12
6           1           6324.267
6           2           12648.533
6           3           8432.356
6           4           25297.067
7           1           9439.687
7           2           18879.373
7           3           12586.249
7           4           37758.747
8           1           16562.187
8           2           33124.373
8           3           22082.916
8           4           66248.747



bc(m) - Fixed investment cost for machine m.


1           1967.293514100662
2           3335.6915403128364
3           2745.9792058037838
4           15383.933756607299



ca(m, t) - The available capacity of machine m in period t.


1           1           178.0141325925926
1           2           178.0141325925926
1           3           178.0141325925926
1           4           178.0141325925926
1           5           178.0141325925926
1           6           178.0141325925926
2           1           178.0141325925926
2           2           178.0141325925926
2           3           178.0141325925926
2           4           178.0141325925926
2           5           178.0141325925926
2           6           178.0141325925926
3           1           178.0141325925926
3           2           178.0141325925926
3           3           178.0141325925926
3           4           178.0141325925926
3           5           178.0141325925926
3           6           178.0141325925926
4           1           178.0141325925926
4           2           178.0141325925926
4           3           178.0141325925926
4           4           178.0141325925926
4           5           178.0141325925926
4           6           178.0141325925926



em(t) - The limits of carbon emissions in period t.


1           1185.6300866666666
2           1185.6300866666666
3           1185.6300866666666
4           1185.6300866666666
5           1185.6300866666666
6           1185.6300866666666
