Information for the currently-owned machines and the machines that may be purchased: if 1, the machine can be purchased, otherwise currently-owned.


1           0.0
2           0.0
3           0.0
4           1.0



item_machine_arc(j, m) - The relationship arc between item j and machine m, i.e., machine m is capable of producing item j if item_machine_arc(j, m) = 1.


1           1           1.0
1           2           0.0
1           3           1.0
1           4           1.0
2           1           0.0
2           2           1.0
2           3           1.0
2           4           1.0
3           1           0.0
3           2           0.0
3           3           1.0
3           4           0.0
4           1           1.0
4           2           0.0
4           3           0.0
4           4           0.0
5           1           1.0
5           2           0.0
5           3           1.0
5           4           0.0
6           1           0.0
6           2           1.0
6           3           1.0
6           4           1.0
7           1           1.0
7           2           1.0
7           3           1.0
7           4           1.0
8           1           0.0
8           2           1.0
8           3           0.0
8           4           0.0



d(j, t) - Gross demand for item j in period t.


1           1           32
1           2           31
1           3           47
1           4           49
1           5           50
1           6           48
2           1           31
2           2           37
2           3           34
2           4           39
2           5           47
2           6           44
3           1           47
3           2           45
3           3           30
3           4           41
3           5           44
3           6           42
4           1           40
4           2           36
4           3           33
4           4           50
4           5           42
4           6           35
5           1           41
5           2           49
5           3           36
5           4           39
5           5           44
5           6           32
6           1           41
6           2           48
6           3           48
6           4           35
6           5           35
6           6           43
7           1           42
7           2           30
7           3           46
7           4           50
7           5           32
7           6           44
8           1           43
8           2           47
8           3           36
8           4           36
8           5           39
8           6           42



pt(j, m) - Time required to produce one unit of item j on machine m. The production time is period-independent.


1           1           1.355
1           2           1.468
1           3           0.906
1           4           0.869
2           1           0.562
2           2           0.858
2           3           0.995
2           4           0.521
3           1           1.191
3           2           0.674
3           3           1.49
3           4           0.964
4           1           0.836
4           2           0.552
4           3           0.882
4           4           1.21
5           1           0.949
5           2           1.42
5           3           1.287
5           4           0.625
6           1           1.196
6           2           0.681
6           3           1.047
6           4           0.777
7           1           1.024
7           2           1.492
7           3           1.328
7           4           1.045
8           1           0.674
8           2           1.336
8           3           1.315
8           4           0.637



pc(j, m) - Variable costs of producing one unit of item j on machine m. The production cost is period-independent.


1           1           2.506
1           2           5.111
1           3           1.412
1           4           6.164
2           1           1.017
2           2           5.386
2           3           3.265
2           4           4.917
3           1           2.271
3           2           5.77
3           3           3.572
3           4           5.894
4           1           2.5
4           2           5.03
4           3           2.527
4           4           4.987
5           1           1.562
5           2           2.318
5           3           2.811
5           4           10.093
6           1           2.928
6           2           3.273
6           3           3.69
6           4           8.778
7           1           2.938
7           2           5.94
7           3           2.749
7           4           5.46
8           1           2.458
8           2           5.799
8           3           3.859
8           4           9.894



pe(j, m) - Production emission for producing one unit of item j on machine m. The production emission is period-independent.


1           1           4.351
1           2           0.761
1           3           2.043
1           4           1.039
2           1           4.722
2           2           1.466
2           3           3.206
2           4           0.649
3           1           1.992
3           2           1.151
3           3           3.5
3           4           0.586
4           1           4.874
4           2           2.328
4           3           1.991
4           4           1.158
5           1           4.363
5           2           1.41
5           3           3.345
5           4           0.473
6           1           1.101
6           2           0.785
6           3           2.347
6           4           1.028
7           1           1.086
7           2           2.422
7           3           1.266
7           4           0.689
8           1           3.095
8           2           0.59
8           3           1.406
8           4           1.178



hc(j) - Inventory-holding costs for one unit of item j for one period.


1           0.28
2           0.267
3           0.11
4           0.165
5           0.256
6           0.135
7           0.278
8           0.124



st(j, m) - Setup times for producing a lot of item j on machine m. The setup times are period-independent.


1           1           12.783
1           2           9.204
1           3           19.065
1           4           8.294
2           1           12.891
2           2           10.556
2           3           11.108
2           4           8.672
3           1           5.671
3           2           17.77
3           3           7.302
3           4           15.512
4           1           9.462
4           2           9.669
4           3           10.28
4           4           7.524
5           1           14.172
5           2           7.162
5           3           17.415
5           4           15.429
6           1           5.906
6           2           13.972
6           3           12.933
6           4           15.761
7           1           8.93
7           2           14.586
7           3           14.121
7           4           6.777
8           1           14.18
8           2           12.913
8           3           18.802
8           4           16.291



se(j, m) - Setup emission for producing a lot of item j on machine m. The setup emission are period-independent.


1           1           144.905
1           2           44.564
1           3           57.209
1           4           19.434
2           1           133.943
2           2           74.066
2           3           38.541
2           4           40.547
3           1           169.436
3           2           36.979
3           3           131.944
3           4           18.744
4           1           79.589
4           2           25.556
4           3           133.864
4           4           16.904
5           1           145.217
5           2           56.608
5           3           146.293
5           4           32.43
6           1           59.817
6           2           45.284
6           3           123.691
6           4           26.219
7           1           136.132
7           2           98.663
7           3           109.919
7           4           26.443
8           1           55.977
8           2           88.794
8           3           115.147
8           4           46.368



sc(j, m) - Setup costs for producing a lot of item j on machine m. The setup costs are period-independent.


1           1           18469.733
1           2           36939.467
1           3           24626.311
1           4           73878.933
2           1           15898.96
2           2           31797.92
2           3           21198.613
2           4           63595.84
3           1           7030.1
3           2           14060.2
3           3           9373.467
3           4           28120.4
4           1           9994.6
4           2           19989.2
4           3           13326.133
4           4           39978.4
5           1           15835.307
5           2           31670.613
5           3           21113.742
5           4           63341.227
6           1           8662.5
6           2           17325.0
6           3           11550.0
6           4           34650.0
7           1           17410.213
7           2           34820.427
7           3           23213.618
7           4           69640.853
8           1           7733.88
8           2           15467.76
8           3           10311.84
8           4           30935.52



bc(m) - Fixed investment cost for machine m.


1           4462.078314552217
2           8336.760126670428
3           1544.3326863918894
4           5911.104011749065



ca(m, t) - The available capacity of machine m in period t.


1           1           205.67238999999998
1           2           205.67238999999998
1           3           205.67238999999998
1           4           205.67238999999998
1           5           205.67238999999998
1           6           205.67238999999998
2           1           205.67238999999998
2           2           205.67238999999998
2           3           205.67238999999998
2           4           205.67238999999998
2           5           205.67238999999998
2           6           205.67238999999998
3           1           205.67238999999998
3           2           205.67238999999998
3           3           205.67238999999998
3           4           205.67238999999998
3           5           205.67238999999998
3           6           205.67238999999998
4           1           205.67238999999998
4           2           205.67238999999998
4           3           205.67238999999998
4           4           205.67238999999998
4           5           205.67238999999998
4           6           205.67238999999998



em(t) - The limits of carbon emissions in period t.


1           1635.344297222222
2           1635.344297222222
3           1635.344297222222
4           1635.344297222222
5           1635.344297222222
6           1635.344297222222
