Information for the currently-owned machines and the machines that may be purchased: if 1, the machine can be purchased, otherwise currently-owned.


1           0.0
2           1.0
3           0.0
4           0.0



item_machine_arc(j, m) - The relationship arc between item j and machine m, i.e., machine m is capable of producing item j if item_machine_arc(j, m) = 1.


1           1           0.0
1           2           1.0
1           3           0.0
1           4           1.0
2           1           0.0
2           2           1.0
2           3           1.0
2           4           0.0
3           1           0.0
3           2           1.0
3           3           0.0
3           4           0.0
4           1           1.0
4           2           1.0
4           3           1.0
4           4           1.0
5           1           1.0
5           2           1.0
5           3           1.0
5           4           1.0
6           1           1.0
6           2           1.0
6           3           0.0
6           4           1.0
7           1           0.0
7           2           0.0
7           3           0.0
7           4           1.0
8           1           0.0
8           2           1.0
8           3           0.0
8           4           0.0



d(j, t) - Gross demand for item j in period t.


1           1           41
1           2           39
1           3           37
1           4           44
1           5           38
1           6           37
2           1           33
2           2           45
2           3           30
2           4           39
2           5           36
2           6           37
3           1           32
3           2           40
3           3           39
3           4           42
3           5           36
3           6           46
4           1           34
4           2           49
4           3           47
4           4           31
4           5           48
4           6           32
5           1           48
5           2           39
5           3           37
5           4           38
5           5           34
5           6           44
6           1           37
6           2           37
6           3           37
6           4           33
6           5           48
6           6           44
7           1           38
7           2           35
7           3           37
7           4           47
7           5           38
7           6           42
8           1           43
8           2           38
8           3           50
8           4           34
8           5           33
8           6           31



pt(j, m) - Time required to produce one unit of item j on machine m. The production time is period-independent.


1           1           0.747
1           2           1.28
1           3           1.41
1           4           0.62
2           1           0.752
2           2           1.369
2           3           1.105
2           4           0.591
3           1           0.906
3           2           0.764
3           3           1.267
3           4           1.023
4           1           1.43
4           2           1.498
4           3           0.672
4           4           0.992
5           1           1.066
5           2           1.245
5           3           1.302
5           4           0.784
6           1           1.428
6           2           1.228
6           3           0.556
6           4           1.244
7           1           1.409
7           2           1.109
7           3           0.929
7           4           1.241
8           1           0.514
8           2           1.042
8           3           1.265
8           4           1.421



pc(j, m) - Variable costs of producing one unit of item j on machine m. The production cost is period-independent.


1           1           2.391
1           2           3.562
1           3           7.621
1           4           5.751
2           1           1.636
2           2           1.443
2           3           5.835
2           4           3.35
3           1           1.781
3           2           1.613
3           3           6.35
3           4           5.306
4           1           1.015
4           2           3.421
4           3           5.135
4           4           2.867
5           1           1.162
5           2           1.598
5           3           8.951
5           4           3.602
6           1           1.65
6           2           2.815
6           3           10.655
6           4           4.348
7           1           2.722
7           2           3.454
7           3           4.032
7           4           5.471
8           1           2.959
8           2           3.928
8           3           5.283
8           4           3.167



pe(j, m) - Production emission for producing one unit of item j on machine m. The production emission is period-independent.


1           1           3.954
1           2           1.759
1           3           0.969
1           4           1.031
2           1           3.856
2           2           3.029
2           3           0.785
2           4           0.502
3           1           2.86
3           2           2.43
3           3           0.34
3           4           2.397
4           1           2.769
4           2           1.18
4           3           0.297
4           4           2.274
5           1           1.015
5           2           1.066
5           3           0.429
5           4           0.66
6           1           1.236
6           2           3.26
6           3           0.896
6           4           1.323
7           1           3.329
7           2           3.333
7           3           0.83
7           4           0.723
8           1           3.267
8           2           0.986
8           3           0.877
8           4           1.952



hc(j) - Inventory-holding costs for one unit of item j for one period.


1           0.133
2           0.25
3           0.269
4           0.196
5           0.272
6           0.218
7           0.252
8           0.237



st(j, m) - Setup times for producing a lot of item j on machine m. The setup times are period-independent.


1           1           9.716
1           2           8.526
1           3           12.805
1           4           18.793
2           1           12.58
2           2           11.013
2           3           11.778
2           4           5.277
3           1           11.926
3           2           13.717
3           3           8.584
3           4           8.338
4           1           6.861
4           2           17.518
4           3           19.132
4           4           5.953
5           1           17.707
5           2           16.67
5           3           18.7
5           4           11.303
6           1           14.248
6           2           12.739
6           3           15.166
6           4           19.958
7           1           18.391
7           2           6.166
7           3           15.353
7           4           15.575
8           1           7.154
8           2           8.83
8           3           8.217
8           4           7.711



se(j, m) - Setup emission for producing a lot of item j on machine m. The setup emission are period-independent.


1           1           36.263
1           2           13.358
1           3           3.341
1           4           12.901
2           1           24.386
2           2           23.342
2           3           5.608
2           4           6.501
3           1           12.214
3           2           14.157
3           3           9.283
3           4           10.473
4           1           14.444
4           2           9.654
4           3           7.278
4           4           17.117
5           1           22.223
5           2           26.459
5           3           6.938
5           4           13.384
6           1           11.091
6           2           22.476
6           3           6.101
6           4           19.539
7           1           17.928
7           2           21.838
7           3           4.059
7           4           18.616
8           1           14.776
8           2           28.986
8           3           9.737
8           4           8.5



sc(j, m) - Setup costs for producing a lot of item j on machine m. The setup costs are period-independent.


1           1           8056.253
1           2           10741.671
1           3           32225.013
1           4           16112.507
2           1           14116.667
2           2           18822.222
2           3           56466.667
2           4           28233.333
3           1           16225.183
3           2           21633.578
3           3           64900.733
3           4           32450.367
4           1           12123.907
4           2           16165.209
4           3           48495.627
4           4           24247.813
5           1           16755.2
5           2           22340.267
5           3           67020.8
5           4           33510.4
6           1           13204.987
6           2           17606.649
6           3           52819.947
6           4           26409.973
7           1           15329.16
7           2           20438.88
7           3           61316.64
7           4           30658.32
8           1           13930.07
8           2           18573.427
8           3           55720.28
8           4           27860.14



bc(m) - Fixed investment cost for machine m.


1           2190.2971255308203
2           2261.030566966012
3           9050.14267261864
4           296.06460165157114



ca(m, t) - The available capacity of machine m in period t.


1           1           203.4307488888889
1           2           203.4307488888889
1           3           203.4307488888889
1           4           203.4307488888889
1           5           203.4307488888889
1           6           203.4307488888889
2           1           203.4307488888889
2           2           203.4307488888889
2           3           203.4307488888889
2           4           203.4307488888889
2           5           203.4307488888889
2           6           203.4307488888889
3           1           203.4307488888889
3           2           203.4307488888889
3           3           203.4307488888889
3           4           203.4307488888889
3           5           203.4307488888889
3           6           203.4307488888889
4           1           203.4307488888889
4           2           203.4307488888889
4           3           203.4307488888889
4           4           203.4307488888889
4           5           203.4307488888889
4           6           203.4307488888889



em(t) - The limits of carbon emissions in period t.


1           812.8801663888889
2           812.8801663888889
3           812.8801663888889
4           812.8801663888889
5           812.8801663888889
6           812.8801663888889
