Information for the currently-owned machines and the machines that may be purchased: if 1, the machine can be purchased, otherwise currently-owned.


1           0.0
2           0.0
3           1.0
4           0.0



item_machine_arc(j, m) - The relationship arc between item j and machine m, i.e., machine m is capable of producing item j if item_machine_arc(j, m) = 1.


1           1           0.0
1           2           1.0
1           3           0.0
1           4           0.0
2           1           0.0
2           2           0.0
2           3           1.0
2           4           0.0
3           1           0.0
3           2           1.0
3           3           1.0
3           4           1.0
4           1           1.0
4           2           0.0
4           3           1.0
4           4           1.0
5           1           0.0
5           2           1.0
5           3           1.0
5           4           1.0
6           1           0.0
6           2           1.0
6           3           1.0
6           4           1.0
7           1           0.0
7           2           1.0
7           3           1.0
7           4           1.0
8           1           1.0
8           2           0.0
8           3           0.0
8           4           0.0



d(j, t) - Gross demand for item j in period t.


1           1           40
1           2           50
1           3           34
1           4           49
1           5           37
1           6           35
2           1           42
2           2           39
2           3           49
2           4           30
2           5           38
2           6           31
3           1           31
3           2           42
3           3           46
3           4           39
3           5           35
3           6           39
4           1           30
4           2           43
4           3           37
4           4           44
4           5           50
4           6           48
5           1           34
5           2           42
5           3           42
5           4           44
5           5           37
5           6           46
6           1           39
6           2           32
6           3           34
6           4           44
6           5           37
6           6           48
7           1           48
7           2           35
7           3           30
7           4           37
7           5           43
7           6           31
8           1           49
8           2           46
8           3           36
8           4           45
8           5           47
8           6           42



pt(j, m) - Time required to produce one unit of item j on machine m. The production time is period-independent.


1           1           0.739
1           2           1.398
1           3           1.032
1           4           0.556
2           1           0.674
2           2           1.29
2           3           0.657
2           4           0.577
3           1           1.288
3           2           1.152
3           3           0.565
3           4           1.397
4           1           0.948
4           2           1.377
4           3           1.015
4           4           1.291
5           1           1.078
5           2           1.03
5           3           1.036
5           4           0.927
6           1           1.354
6           2           0.866
6           3           1.105
6           4           1.289
7           1           1.493
7           2           1.373
7           3           1.122
7           4           0.732
8           1           1.264
8           2           0.585
8           3           1.146
8           4           0.673



pc(j, m) - Variable costs of producing one unit of item j on machine m. The production cost is period-independent.


1           1           4.965
1           2           1.346
1           3           1.806
1           4           5.306
2           1           3.196
2           2           2.491
2           3           3.802
2           4           8.158
3           1           4.948
3           2           2.507
3           3           2.286
3           4           8.914
4           1           5.808
4           2           2.962
4           3           1.636
4           4           5.366
5           1           4.246
5           2           2.267
5           3           2.828
5           4           5.195
6           1           4.101
6           2           1.525
6           3           2.121
6           4           4.601
7           1           2.582
7           2           1.438
7           3           2.699
7           4           11.939
8           1           5.172
8           2           2.289
8           3           3.143
8           4           9.127



pe(j, m) - Production emission for producing one unit of item j on machine m. The production emission is period-independent.


1           1           1.219
1           2           4.99
1           3           2.209
1           4           1.089
2           1           1.192
2           2           3.201
2           3           2.396
2           4           1.135
3           1           2.01
3           2           4.526
3           3           1.772
3           4           0.947
4           1           1.321
4           2           3.253
4           3           1.07
4           4           0.552
5           1           1.714
5           2           1.702
5           3           1.855
5           4           0.717
6           1           0.934
6           2           4.529
6           3           0.848
6           4           0.338
7           1           0.516
7           2           3.851
7           3           1.234
7           4           0.262
8           1           0.507
8           2           2.598
8           3           1.122
8           4           1.023



hc(j) - Inventory-holding costs for one unit of item j for one period.


1           0.112
2           0.188
3           0.194
4           0.146
5           0.19
6           0.256
7           0.109
8           0.109



st(j, m) - Setup times for producing a lot of item j on machine m. The setup times are period-independent.


1           1           34.389
1           2           45.562
1           3           71.507
1           4           95.617
2           1           81.207
2           2           62.677
2           3           54.059
2           4           86.573
3           1           43.012
3           2           77.275
3           3           68.603
3           4           35.112
4           1           79.924
4           2           50.083
4           3           80.702
4           4           87.755
5           1           74.408
5           2           78.995
5           3           87.139
5           4           63.134
6           1           67.802
6           2           37.626
6           3           25.398
6           4           25.18
7           1           62.633
7           2           70.151
7           3           92.526
7           4           49.105
8           1           43.518
8           2           54.692
8           3           52.53
8           4           51.421



se(j, m) - Setup emission for producing a lot of item j on machine m. The setup emission are period-independent.


1           1           74.451
1           2           157.528
1           3           112.715
1           4           14.67
2           1           44.373
2           2           99.626
2           3           91.534
2           4           30.506
3           1           55.887
3           2           190.289
3           3           50.823
3           4           21.24
4           1           92.847
4           2           179.515
4           3           132.865
4           4           13.103
5           1           46.091
5           2           193.799
5           3           48.681
5           4           43.748
6           1           64.195
6           2           92.117
6           3           106.069
6           4           49.937
7           1           30.199
7           2           136.618
7           3           46.355
7           4           42.409
8           1           40.564
8           2           105.783
8           3           138.441
8           4           46.358



sc(j, m) - Setup costs for producing a lot of item j on machine m. The setup costs are period-independent.


1           1           12805.333
1           2           6402.667
1           3           8536.889
1           4           25610.667
2           1           20090.933
2           2           10045.467
2           3           13393.956
2           4           40181.867
3           1           21003.733
3           2           10501.867
3           3           14002.489
3           4           42007.467
4           1           17169.6
4           2           8584.8
4           3           11446.4
4           4           34339.2
5           1           21723.333
5           2           10861.667
5           3           14482.222
5           4           43446.667
6           1           27955.2
6           2           13977.6
6           3           18636.8
6           4           55910.4
7           1           11394.133
7           2           5697.067
7           3           7596.089
7           4           22788.267
8           1           13479.667
8           2           6739.833
8           3           8986.444
8           4           26959.333



bc(m) - Fixed investment cost for machine m.


1           9344.407512076334
2           2805.577400234725
3           1908.9333501862407
4           10895.115625316364



ca(m, t) - The available capacity of machine m in period t.


1           1           296.8584992592593
1           2           296.8584992592593
1           3           296.8584992592593
1           4           296.8584992592593
1           5           296.8584992592593
1           6           296.8584992592593
2           1           296.8584992592593
2           2           296.8584992592593
2           3           296.8584992592593
2           4           296.8584992592593
2           5           296.8584992592593
2           6           296.8584992592593
3           1           296.8584992592593
3           2           296.8584992592593
3           3           296.8584992592593
3           4           296.8584992592593
3           5           296.8584992592593
3           6           296.8584992592593
4           1           296.8584992592593
4           2           296.8584992592593
4           3           296.8584992592593
4           4           296.8584992592593
4           5           296.8584992592593
4           6           296.8584992592593



em(t) - The limits of carbon emissions in period t.


1           1549.4748499999998
2           1549.4748499999998
3           1549.4748499999998
4           1549.4748499999998
5           1549.4748499999998
6           1549.4748499999998
