Information for the currently-owned machines and the machines that may be purchased: if 1, the machine can be purchased, otherwise currently-owned.


1           0.0
2           1.0
3           0.0
4           0.0



item_machine_arc(j, m) - The relationship arc between item j and machine m, i.e., machine m is capable of producing item j if item_machine_arc(j, m) = 1.


1           1           1.0
1           2           1.0
1           3           1.0
1           4           0.0
2           1           1.0
2           2           1.0
2           3           1.0
2           4           1.0
3           1           1.0
3           2           1.0
3           3           0.0
3           4           1.0
4           1           0.0
4           2           0.0
4           3           1.0
4           4           1.0
5           1           1.0
5           2           0.0
5           3           0.0
5           4           1.0
6           1           1.0
6           2           0.0
6           3           1.0
6           4           1.0
7           1           0.0
7           2           0.0
7           3           1.0
7           4           0.0
8           1           0.0
8           2           0.0
8           3           0.0
8           4           1.0



d(j, t) - Gross demand for item j in period t.


1           1           34
1           2           37
1           3           41
1           4           35
1           5           33
1           6           41
2           1           49
2           2           48
2           3           50
2           4           32
2           5           33
2           6           49
3           1           42
3           2           35
3           3           31
3           4           32
3           5           39
3           6           39
4           1           34
4           2           44
4           3           33
4           4           43
4           5           32
4           6           45
5           1           48
5           2           32
5           3           34
5           4           37
5           5           38
5           6           32
6           1           45
6           2           32
6           3           48
6           4           43
6           5           43
6           6           44
7           1           44
7           2           37
7           3           39
7           4           50
7           5           31
7           6           35
8           1           36
8           2           40
8           3           35
8           4           47
8           5           34
8           6           38



pt(j, m) - Time required to produce one unit of item j on machine m. The production time is period-independent.


1           1           1.384
1           2           0.785
1           3           1.195
1           4           0.744
2           1           0.599
2           2           1.489
2           3           0.783
2           4           1.303
3           1           1.08
3           2           0.745
3           3           1.254
3           4           0.56
4           1           1.362
4           2           1.208
4           3           1.093
4           4           1.289
5           1           0.652
5           2           1.247
5           3           1.04
5           4           1.132
6           1           0.781
6           2           0.649
6           3           1.31
6           4           0.704
7           1           1.078
7           2           0.547
7           3           0.772
7           4           0.539
8           1           0.682
8           2           1.142
8           3           0.761
8           4           0.543



pc(j, m) - Variable costs of producing one unit of item j on machine m. The production cost is period-independent.


1           1           2.375
1           2           2.58
1           3           4.663
1           4           3.423
2           1           2.654
2           2           1.376
2           3           11.261
2           4           4.791
3           1           1.492
3           2           1.649
3           3           4.238
3           4           4.697
4           1           1.391
4           2           1.468
4           3           4.02
4           4           2.336
5           1           2.223
5           2           1.282
5           3           8.589
5           4           2.123
6           1           3.736
6           2           2.877
6           3           10.282
6           4           2.238
7           1           2.306
7           2           2.556
7           3           10.095
7           4           3.825
8           1           2.273
8           2           1.372
8           3           9.164
8           4           5.321



pe(j, m) - Production emission for producing one unit of item j on machine m. The production emission is period-independent.


1           1           2.36
1           2           2.935
1           3           0.34
1           4           1.057
2           1           1.334
2           2           2.475
2           3           0.719
2           4           1.654
3           1           3.546
3           2           2.218
3           3           1.131
3           4           0.696
4           1           2.321
4           2           1.359
4           3           1.05
4           4           1.542
5           1           3.597
5           2           2.932
5           3           0.528
5           4           2.386
6           1           1.228
6           2           3.342
6           3           0.746
6           4           1.696
7           1           1.294
7           2           1.589
7           3           0.86
7           4           1.456
8           1           3.254
8           2           2.218
8           3           1.176
8           4           1.559



hc(j) - Inventory-holding costs for one unit of item j for one period.


1           0.14
2           0.181
3           0.128
4           0.117
5           0.298
6           0.147
7           0.255
8           0.273



st(j, m) - Setup times for producing a lot of item j on machine m. The setup times are period-independent.


1           1           51.409
1           2           89.376
1           3           58.662
1           4           58.621
2           1           27.729
2           2           30.106
2           3           37.036
2           4           77.162
3           1           87.835
3           2           77.124
3           3           69.726
3           4           81.936
4           1           97.273
4           2           30.587
4           3           88.944
4           4           86.972
5           1           58.901
5           2           75.956
5           3           83.73
5           4           67.958
6           1           95.647
6           2           52.935
6           3           67.204
6           4           74.676
7           1           99.83
7           2           90.495
7           3           98.239
7           4           68.082
8           1           49.109
8           2           94.672
8           3           95.559
8           4           66.238



se(j, m) - Setup emission for producing a lot of item j on machine m. The setup emission are period-independent.


1           1           62.679
1           2           53.335
1           3           44.434
1           4           81.896
2           1           145.97
2           2           154.213
2           3           34.042
2           4           92.39
3           1           136.315
3           2           76.791
3           3           13.051
3           4           86.965
4           1           143.397
4           2           134.786
4           3           26.735
4           4           46.901
5           1           48.47
5           2           114.837
5           3           48.168
5           4           72.792
6           1           96.468
6           2           78.784
6           3           47.059
6           4           62.612
7           1           145.866
7           2           160.407
7           3           40.918
7           4           43.542
8           1           73.12
8           2           187.512
8           3           26.564
8           4           56.562



sc(j, m) - Setup costs for producing a lot of item j on machine m. The setup costs are period-independent.


1           1           9625.778
1           2           7219.333
1           3           28877.333
1           4           14438.667
2           1           14697.2
2           2           11022.9
2           3           44091.6
2           4           22045.8
3           1           8681.244
3           2           6510.933
3           3           26043.733
3           4           13021.867
4           1           8408.4
4           2           6306.3
4           3           25225.2
4           4           12612.6
5           1           20489.156
5           2           15366.867
5           3           61467.467
5           4           30733.733
6           1           11662.0
6           2           8746.5
6           3           34986.0
6           4           17493.0
7           1           18722.667
7           2           14042.0
7           3           56168.0
7           4           28084.0
8           1           19534.667
8           2           14651.0
8           3           58604.0
8           4           29302.0



bc(m) - Fixed investment cost for machine m.


1           1812.3110431914797
2           2288.001717268491
3           3306.079420206294
4           197.3257660376826



ca(m, t) - The available capacity of machine m in period t.


1           1           296.95267453703707
1           2           296.95267453703707
1           3           296.95267453703707
1           4           296.95267453703707
1           5           296.95267453703707
1           6           296.95267453703707
2           1           296.95267453703707
2           2           296.95267453703707
2           3           296.95267453703707
2           4           296.95267453703707
2           5           296.95267453703707
2           6           296.95267453703707
3           1           296.95267453703707
3           2           296.95267453703707
3           3           296.95267453703707
3           4           296.95267453703707
3           5           296.95267453703707
3           6           296.95267453703707
4           1           296.95267453703707
4           2           296.95267453703707
4           3           296.95267453703707
4           4           296.95267453703707
4           5           296.95267453703707
4           6           296.95267453703707



em(t) - The limits of carbon emissions in period t.


1           1095.1027694444444
2           1095.1027694444444
3           1095.1027694444444
4           1095.1027694444444
5           1095.1027694444444
6           1095.1027694444444
