Information for the currently-owned machines and the machines that may be purchased: if 1, the machine can be purchased, otherwise currently-owned.


1           0.0
2           1.0
3           0.0
4           0.0



item_machine_arc(j, m) - The relationship arc between item j and machine m, i.e., machine m is capable of producing item j if item_machine_arc(j, m) = 1.


1           1           0.0
1           2           1.0
1           3           1.0
1           4           1.0
2           1           0.0
2           2           1.0
2           3           1.0
2           4           1.0
3           1           1.0
3           2           1.0
3           3           1.0
3           4           1.0
4           1           0.0
4           2           0.0
4           3           0.0
4           4           1.0
5           1           1.0
5           2           0.0
5           3           1.0
5           4           1.0
6           1           0.0
6           2           1.0
6           3           1.0
6           4           0.0
7           1           1.0
7           2           1.0
7           3           1.0
7           4           1.0
8           1           0.0
8           2           0.0
8           3           1.0
8           4           1.0



d(j, t) - Gross demand for item j in period t.


1           1           48
1           2           31
1           3           36
1           4           40
1           5           40
1           6           43
2           1           42
2           2           42
2           3           41
2           4           36
2           5           31
2           6           30
3           1           46
3           2           33
3           3           33
3           4           33
3           5           48
3           6           49
4           1           39
4           2           30
4           3           38
4           4           48
4           5           37
4           6           30
5           1           47
5           2           36
5           3           42
5           4           41
5           5           49
5           6           48
6           1           44
6           2           41
6           3           49
6           4           31
6           5           32
6           6           47
7           1           49
7           2           50
7           3           31
7           4           43
7           5           38
7           6           47
8           1           47
8           2           44
8           3           41
8           4           45
8           5           31
8           6           35



pt(j, m) - Time required to produce one unit of item j on machine m. The production time is period-independent.


1           1           0.562
1           2           0.838
1           3           1.045
1           4           1.357
2           1           0.56
2           2           1.408
2           3           1.342
2           4           1.393
3           1           1.383
3           2           1.262
3           3           1.158
3           4           1.394
4           1           1.196
4           2           1.102
4           3           0.609
4           4           0.779
5           1           0.726
5           2           1.247
5           3           1.275
5           4           1.044
6           1           1.217
6           2           1.136
6           3           0.687
6           4           0.726
7           1           0.855
7           2           0.725
7           3           1.224
7           4           1.487
8           1           0.861
8           2           0.509
8           3           0.55
8           4           0.739



pc(j, m) - Variable costs of producing one unit of item j on machine m. The production cost is period-independent.


1           1           4.571
1           2           2.027
1           3           1.749
1           4           8.911
2           1           3.762
2           2           2.256
2           3           1.659
2           4           5.903
3           1           3.11
3           2           2.219
3           3           2.688
3           4           10.641
4           1           3.448
4           2           3.804
4           3           1.486
4           4           9.348
5           1           2.577
5           2           2.016
5           3           1.944
5           4           6.244
6           1           5.882
6           2           3.44
6           3           2.826
6           4           11.921
7           1           3.492
7           2           2.236
7           3           2.316
7           4           8.128
8           1           3.168
8           2           2.794
8           3           2.065
8           4           11.791



pe(j, m) - Production emission for producing one unit of item j on machine m. The production emission is period-independent.


1           1           0.153
1           2           0.437
1           3           0.722
1           4           0.233
2           1           0.401
2           2           0.294
2           3           0.647
2           4           0.243
3           1           0.13
3           2           0.555
3           3           0.255
3           4           0.204
4           1           0.498
4           2           0.239
4           3           0.941
4           4           0.075
5           1           0.408
5           2           0.307
5           3           0.905
5           4           0.071
6           1           0.273
6           2           0.488
6           3           0.315
6           4           0.154
7           1           0.276
7           2           0.179
7           3           0.431
7           4           0.172
8           1           0.146
8           2           0.279
8           3           0.84
8           4           0.235



hc(j) - Inventory-holding costs for one unit of item j for one period.


1           0.205
2           0.19
3           0.147
4           0.121
5           0.137
6           0.208
7           0.2
8           0.116



st(j, m) - Setup times for producing a lot of item j on machine m. The setup times are period-independent.


1           1           10.327
1           2           9.184
1           3           5.935
1           4           18.134
2           1           6.393
2           2           6.403
2           3           10.848
2           4           10.824
3           1           17.63
3           2           6.991
3           3           18.075
3           4           9.539
4           1           9.975
4           2           16.362
4           3           17.577
4           4           17.798
5           1           9.312
5           2           14.989
5           3           19.938
5           4           14.866
6           1           11.628
6           2           11.498
6           3           7.573
6           4           17.258
7           1           6.1
7           2           7.755
7           3           16.233
7           4           10.53
8           1           12.383
8           2           14.686
8           3           17.517
8           4           9.311



se(j, m) - Setup emission for producing a lot of item j on machine m. The setup emission are period-independent.


1           1           7.558
1           2           28.748
1           3           20.71
1           4           8.065
2           1           8.937
2           2           10.765
2           3           30.569
2           4           6.915
3           1           15.084
3           2           14.573
3           3           24.412
3           4           8.935
4           1           18.795
4           2           25.16
4           3           33.519
4           4           2.872
5           1           16.178
5           2           19.808
5           3           10.122
5           4           4.945
6           1           7.137
6           2           26.017
6           3           30.309
6           4           3.956
7           1           11.579
7           2           28.948
7           3           11.546
7           4           2.607
8           1           18.884
8           2           18.39
8           3           30.175
8           4           8.131



sc(j, m) - Setup costs for producing a lot of item j on machine m. The setup costs are period-independent.


1           1           22768.667
1           2           15179.111
1           3           11384.333
1           4           45537.333
2           1           19684.0
2           2           13122.667
2           3           9842.0
2           4           39368.0
3           1           16601.2
3           2           11067.467
3           3           8300.6
3           4           33202.4
4           1           12535.6
4           2           8357.067
4           3           6267.8
4           4           25071.2
5           1           16814.467
5           2           11209.644
5           3           8407.233
5           4           33628.933
6           1           23684.267
6           2           15789.511
6           3           11842.133
6           4           47368.533
7           1           24080.0
7           2           16053.333
7           3           12040.0
7           4           48160.0
8           1           13154.4
8           2           8769.6
8           3           6577.2
8           4           26308.8



bc(m) - Fixed investment cost for machine m.


1           2390.4168030268047
2           4385.201179024772
3           2246.985862052196
4           17091.957738741912



ca(m, t) - The available capacity of machine m in period t.


1           1           176.63634722222224
1           2           176.63634722222224
1           3           176.63634722222224
1           4           176.63634722222224
1           5           176.63634722222224
1           6           176.63634722222224
2           1           176.63634722222224
2           2           176.63634722222224
2           3           176.63634722222224
2           4           176.63634722222224
2           5           176.63634722222224
2           6           176.63634722222224
3           1           176.63634722222224
3           2           176.63634722222224
3           3           176.63634722222224
3           4           176.63634722222224
3           5           176.63634722222224
3           6           176.63634722222224
4           1           176.63634722222224
4           2           176.63634722222224
4           3           176.63634722222224
4           4           176.63634722222224
4           5           176.63634722222224
4           6           176.63634722222224



em(t) - The limits of carbon emissions in period t.


1           276.66206944444446
2           276.66206944444446
3           276.66206944444446
4           276.66206944444446
5           276.66206944444446
6           276.66206944444446
