Information for the currently-owned machines and the machines that may be purchased: if 1, the machine can be purchased, otherwise currently-owned.


1           0.0
2           1.0
3           0.0
4           0.0



item_machine_arc(j, m) - The relationship arc between item j and machine m, i.e., machine m is capable of producing item j if item_machine_arc(j, m) = 1.


1           1           0.0
1           2           1.0
1           3           1.0
1           4           0.0
2           1           0.0
2           2           0.0
2           3           1.0
2           4           0.0
3           1           0.0
3           2           0.0
3           3           1.0
3           4           0.0
4           1           1.0
4           2           1.0
4           3           0.0
4           4           1.0
5           1           1.0
5           2           0.0
5           3           0.0
5           4           0.0
6           1           0.0
6           2           1.0
6           3           0.0
6           4           1.0
7           1           1.0
7           2           0.0
7           3           1.0
7           4           1.0
8           1           0.0
8           2           0.0
8           3           1.0
8           4           1.0



d(j, t) - Gross demand for item j in period t.


1           1           41
1           2           49
1           3           48
1           4           40
1           5           42
1           6           42
2           1           33
2           2           44
2           3           48
2           4           50
2           5           36
2           6           45
3           1           43
3           2           34
3           3           32
3           4           44
3           5           45
3           6           42
4           1           32
4           2           42
4           3           32
4           4           39
4           5           41
4           6           43
5           1           44
5           2           45
5           3           47
5           4           37
5           5           40
5           6           47
6           1           44
6           2           46
6           3           49
6           4           35
6           5           48
6           6           35
7           1           36
7           2           46
7           3           35
7           4           45
7           5           34
7           6           37
8           1           44
8           2           46
8           3           41
8           4           39
8           5           35
8           6           45



pt(j, m) - Time required to produce one unit of item j on machine m. The production time is period-independent.


1           1           0.868
1           2           1.459
1           3           0.622
1           4           1.167
2           1           1.434
2           2           1.176
2           3           1.413
2           4           0.87
3           1           1.481
3           2           0.504
3           3           0.9
3           4           0.927
4           1           0.761
4           2           0.535
4           3           0.593
4           4           0.755
5           1           0.676
5           2           1.432
5           3           0.632
5           4           1.441
6           1           1.21
6           2           0.992
6           3           0.972
6           4           1.445
7           1           1.1
7           2           1.25
7           3           1.049
7           4           0.515
8           1           0.675
8           2           0.569
8           3           1.065
8           4           0.84



pc(j, m) - Variable costs of producing one unit of item j on machine m. The production cost is period-independent.


1           1           2.335
1           2           9.754
1           3           2.725
1           4           2.145
2           1           5.851
2           2           7.781
2           3           2.611
2           4           3.787
3           1           4.431
3           2           6.842
3           3           1.16
3           4           2.767
4           1           2.652
4           2           11.805
4           3           1.103
4           4           3.943
5           1           2.563
5           2           4.236
5           3           2.002
5           4           3.366
6           1           2.846
6           2           6.413
6           3           2.435
6           4           2.048
7           1           2.751
7           2           6.791
7           3           1.013
7           4           1.813
8           1           4.563
8           2           6.391
8           3           2.681
8           4           2.967



pe(j, m) - Production emission for producing one unit of item j on machine m. The production emission is period-independent.


1           1           2.497
1           2           1.239
1           3           3.738
1           4           3.289
2           1           0.82
2           2           0.43
2           3           4.176
2           4           2.541
3           1           1.843
3           2           0.503
3           3           2.729
3           4           0.791
4           1           1.618
4           2           0.304
4           3           3.282
4           4           2.19
5           1           1.337
5           2           1.109
5           3           4.775
5           4           1.314
6           1           0.727
6           2           0.292
6           3           4.257
6           4           1.097
7           1           1.35
7           2           0.44
7           3           4.649
7           4           3.057
8           1           0.854
8           2           0.625
8           3           3.077
8           4           3.288



hc(j) - Inventory-holding costs for one unit of item j for one period.


1           0.244
2           0.141
3           0.203
4           0.285
5           0.213
6           0.179
7           0.285
8           0.224



st(j, m) - Setup times for producing a lot of item j on machine m. The setup times are period-independent.


1           1           46.286
1           2           64.432
1           3           59.8
1           4           94.129
2           1           96.193
2           2           81.835
2           3           26.255
2           4           25.417
3           1           37.178
3           2           47.276
3           3           36.949
3           4           67.88
4           1           70.317
4           2           58.601
4           3           69.516
4           4           57.526
5           1           95.467
5           2           43.214
5           3           29.482
5           4           32.234
6           1           38.765
6           2           81.447
6           3           82.01
6           4           81.607
7           1           85.809
7           2           34.44
7           3           91.084
7           4           97.433
8           1           58.962
8           2           44.477
8           3           30.033
8           4           88.755



se(j, m) - Setup emission for producing a lot of item j on machine m. The setup emission are period-independent.


1           1           32.218
1           2           31.304
1           3           172.633
1           4           142.325
2           1           25.366
2           2           18.666
2           3           179.539
2           4           79.343
3           1           80.586
3           2           41.373
3           3           101.291
3           4           43.078
4           1           84.922
4           2           29.496
4           3           68.063
4           4           73.786
5           1           73.988
5           2           33.36
5           3           119.735
5           4           120.062
6           1           45.123
6           2           38.138
6           3           132.811
6           4           64.572
7           1           39.557
7           2           37.256
7           3           106.224
7           4           140.393
8           1           80.752
8           2           15.915
8           3           75.193
8           4           92.702



sc(j, m) - Setup costs for producing a lot of item j on machine m. The setup costs are period-independent.


1           1           32816.373
1           2           65632.747
1           3           16408.187
1           4           21877.582
2           1           18529.28
2           2           37058.56
2           3           9264.64
2           4           12352.853
3           1           25009.6
3           2           50019.2
3           3           12504.8
3           4           16673.067
4           1           33502.7
4           2           67005.4
4           3           16751.35
4           4           22335.133
5           1           28428.4
5           2           56856.8
5           3           14214.2
5           4           18952.267
6           1           23614.873
6           2           47229.747
6           3           11807.437
6           4           15743.249
7           1           34087.9
7           2           68175.8
7           3           17043.95
7           4           22725.267
8           1           28746.667
8           2           57493.333
8           3           14373.333
8           4           19164.444



bc(m) - Fixed investment cost for machine m.


1           2693.8803114351595
2           16412.705692176565
3           2686.212667996222
4           2751.448648201338



ca(m, t) - The available capacity of machine m in period t.


1           1           271.1905907407408
1           2           271.1905907407408
1           3           271.1905907407408
1           4           271.1905907407408
1           5           271.1905907407408
1           6           271.1905907407408
2           1           271.1905907407408
2           2           271.1905907407408
2           3           271.1905907407408
2           4           271.1905907407408
2           5           271.1905907407408
2           6           271.1905907407408
3           1           271.1905907407408
3           2           271.1905907407408
3           3           271.1905907407408
3           4           271.1905907407408
3           5           271.1905907407408
3           6           271.1905907407408
4           1           271.1905907407408
4           2           271.1905907407408
4           3           271.1905907407408
4           4           271.1905907407408
4           5           271.1905907407408
4           6           271.1905907407408



em(t) - The limits of carbon emissions in period t.


1           1625.30935
2           1625.30935
3           1625.30935
4           1625.30935
5           1625.30935
6           1625.30935
