Information for the currently-owned machines and the machines that may be purchased: if 1, the machine can be purchased, otherwise currently-owned.


1           1.0
2           0.0
3           0.0
4           0.0



item_machine_arc(j, m) - The relationship arc between item j and machine m, i.e., machine m is capable of producing item j if item_machine_arc(j, m) = 1.


1           1           1.0
1           2           1.0
1           3           0.0
1           4           1.0
2           1           1.0
2           2           1.0
2           3           1.0
2           4           0.0
3           1           0.0
3           2           0.0
3           3           0.0
3           4           1.0
4           1           1.0
4           2           1.0
4           3           1.0
4           4           0.0
5           1           0.0
5           2           1.0
5           3           1.0
5           4           0.0
6           1           0.0
6           2           0.0
6           3           1.0
6           4           1.0
7           1           0.0
7           2           0.0
7           3           1.0
7           4           0.0
8           1           1.0
8           2           0.0
8           3           0.0
8           4           0.0



d(j, t) - Gross demand for item j in period t.


1           1           34
1           2           50
1           3           32
1           4           30
1           5           35
1           6           39
2           1           36
2           2           36
2           3           46
2           4           31
2           5           45
2           6           48
3           1           44
3           2           42
3           3           48
3           4           41
3           5           41
3           6           45
4           1           30
4           2           35
4           3           48
4           4           31
4           5           39
4           6           38
5           1           48
5           2           36
5           3           41
5           4           35
5           5           44
5           6           36
6           1           42
6           2           44
6           3           31
6           4           47
6           5           31
6           6           38
7           1           47
7           2           46
7           3           38
7           4           43
7           5           48
7           6           50
8           1           34
8           2           43
8           3           31
8           4           43
8           5           33
8           6           48



pt(j, m) - Time required to produce one unit of item j on machine m. The production time is period-independent.


1           1           1.3
1           2           1.302
1           3           1.167
1           4           0.574
2           1           1.134
2           2           1.337
2           3           1.268
2           4           1.287
3           1           1.086
3           2           0.843
3           3           1.106
3           4           1.087
4           1           0.957
4           2           1.157
4           3           0.897
4           4           1.179
5           1           0.538
5           2           1.296
5           3           1.234
5           4           1.325
6           1           1.405
6           2           1.426
6           3           0.524
6           4           0.649
7           1           1.476
7           2           1.166
7           3           0.687
7           4           1.16
8           1           0.936
8           2           0.629
8           3           0.554
8           4           0.931



pc(j, m) - Variable costs of producing one unit of item j on machine m. The production cost is period-independent.


1           1           4.801
1           2           8.832
1           3           3.175
1           4           1.516
2           1           5.314
2           2           10.309
2           3           1.699
2           4           2.233
3           1           4.932
3           2           10.057
3           3           1.703
3           4           2.575
4           1           4.915
4           2           6.356
4           3           2.042
4           4           2.971
5           1           4.12
5           2           9.885
5           3           2.193
5           4           1.949
6           1           2.55
6           2           4.572
6           3           3.773
6           4           1.159
7           1           4.152
7           2           8.076
7           3           3.201
7           4           2.557
8           1           3.629
8           2           11.388
8           3           1.908
8           4           1.42



pe(j, m) - Production emission for producing one unit of item j on machine m. The production emission is period-independent.


1           1           1.544
1           2           1.145
1           3           0.763
1           4           4.726
2           1           0.563
2           2           0.437
2           3           3.49
2           4           4.386
3           1           0.759
3           2           0.607
3           3           3.456
3           4           2.207
4           1           2.034
4           2           1.181
4           3           3.239
4           4           3.097
5           1           1.782
5           2           0.971
5           3           2.843
5           4           4.401
6           1           1.981
6           2           0.543
6           3           0.889
6           4           1.092
7           1           1.57
7           2           0.391
7           3           1.392
7           4           2.003
8           1           0.702
8           2           1.093
8           3           2.74
8           4           1.135



hc(j) - Inventory-holding costs for one unit of item j for one period.


1           0.135
2           0.167
3           0.289
4           0.298
5           0.29
6           0.234
7           0.276
8           0.278



st(j, m) - Setup times for producing a lot of item j on machine m. The setup times are period-independent.


1           1           14.199
1           2           9.64
1           3           7.435
1           4           11.02
2           1           8.068
2           2           6.754
2           3           16.102
2           4           12.6
3           1           12.883
3           2           5.397
3           3           19.179
3           4           13.214
4           1           6.696
4           2           16.707
4           3           6.566
4           4           11.361
5           1           5.734
5           2           5.401
5           3           8.282
5           4           14.271
6           1           19.557
6           2           9.746
6           3           12.463
6           4           6.118
7           1           16.963
7           2           6.578
7           3           6.7
7           4           5.329
8           1           13.616
8           2           16.137
8           3           15.136
8           4           19.102



se(j, m) - Setup emission for producing a lot of item j on machine m. The setup emission are period-independent.


1           1           14.233
1           2           6.085
1           3           11.638
1           4           35.127
2           1           13.289
2           2           6.158
2           3           25.581
2           4           35.06
3           1           13.73
3           2           4.275
3           3           24.866
3           4           15.713
4           1           10.034
4           2           3.012
4           3           17.648
4           4           15.626
5           1           6.379
5           2           2.714
5           3           9.488
5           4           32.921
6           1           14.048
6           2           5.063
6           3           13.626
6           4           13.222
7           1           6.971
7           2           4.358
7           3           19.91
7           4           18.546
8           1           14.697
8           2           7.036
8           3           26.154
8           4           37.433



sc(j, m) - Setup costs for producing a lot of item j on machine m. The setup costs are period-independent.


1           1           13860.0
1           2           27720.0
1           3           9240.0
1           4           6930.0
2           1           18859.867
2           2           37719.733
2           3           12573.244
2           4           9429.933
3           1           35200.2
3           2           70400.4
3           3           23466.8
3           4           17600.1
4           1           30733.733
4           2           61467.467
4           3           20489.156
4           4           15366.867
5           1           32480.0
5           2           64960.0
5           3           21653.333
5           4           16240.0
6           1           25443.6
6           2           50887.2
6           3           16962.4
6           4           12721.8
7           1           35033.6
7           2           70067.2
7           3           23355.733
7           4           17516.8
8           1           30098.133
8           2           60196.267
8           3           20065.422
8           4           15049.067



bc(m) - Fixed investment cost for machine m.


1           1797.033081688969
2           9013.471509145276
3           5855.0282051955965
4           1955.241316112768



ca(m, t) - The available capacity of machine m in period t.


1           1           182.15164203703708
1           2           182.15164203703708
1           3           182.15164203703708
1           4           182.15164203703708
1           5           182.15164203703708
1           6           182.15164203703708
2           1           182.15164203703708
2           2           182.15164203703708
2           3           182.15164203703708
2           4           182.15164203703708
2           5           182.15164203703708
2           6           182.15164203703708
3           1           182.15164203703708
3           2           182.15164203703708
3           3           182.15164203703708
3           4           182.15164203703708
3           5           182.15164203703708
3           6           182.15164203703708
4           1           182.15164203703708
4           2           182.15164203703708
4           3           182.15164203703708
4           4           182.15164203703708
4           5           182.15164203703708
4           6           182.15164203703708



em(t) - The limits of carbon emissions in period t.


1           823.220572222222
2           823.220572222222
3           823.220572222222
4           823.220572222222
5           823.220572222222
6           823.220572222222
