Information for the currently-owned machines and the machines that may be purchased: if 1, the machine can be purchased, otherwise currently-owned.


1           0.0
2           0.0
3           1.0
4           0.0



item_machine_arc(j, m) - The relationship arc between item j and machine m, i.e., machine m is capable of producing item j if item_machine_arc(j, m) = 1.


1           1           0.0
1           2           1.0
1           3           0.0
1           4           0.0
2           1           0.0
2           2           0.0
2           3           1.0
2           4           0.0
3           1           1.0
3           2           1.0
3           3           1.0
3           4           1.0
4           1           1.0
4           2           0.0
4           3           0.0
4           4           0.0
5           1           0.0
5           2           1.0
5           3           1.0
5           4           1.0
6           1           0.0
6           2           0.0
6           3           1.0
6           4           0.0
7           1           1.0
7           2           1.0
7           3           1.0
7           4           1.0
8           1           1.0
8           2           0.0
8           3           0.0
8           4           0.0



d(j, t) - Gross demand for item j in period t.


1           1           33
1           2           44
1           3           44
1           4           33
1           5           44
1           6           48
2           1           37
2           2           44
2           3           41
2           4           47
2           5           39
2           6           39
3           1           42
3           2           39
3           3           36
3           4           48
3           5           36
3           6           40
4           1           31
4           2           30
4           3           47
4           4           39
4           5           37
4           6           35
5           1           48
5           2           46
5           3           36
5           4           41
5           5           32
5           6           48
6           1           33
6           2           40
6           3           33
6           4           37
6           5           49
6           6           36
7           1           45
7           2           42
7           3           39
7           4           42
7           5           36
7           6           38
8           1           32
8           2           50
8           3           30
8           4           42
8           5           49
8           6           31



pt(j, m) - Time required to produce one unit of item j on machine m. The production time is period-independent.


1           1           0.515
1           2           1.257
1           3           1.318
1           4           1.089
2           1           0.858
2           2           1.222
2           3           1.482
2           4           1.227
3           1           1.002
3           2           1.03
3           3           0.592
3           4           1.112
4           1           1.19
4           2           1.034
4           3           1.439
4           4           0.829
5           1           0.968
5           2           0.66
5           3           0.703
5           4           0.974
6           1           1.411
6           2           1.012
6           3           0.614
6           4           0.766
7           1           1.045
7           2           1.356
7           3           0.678
7           4           0.812
8           1           0.742
8           2           0.704
8           3           1.006
8           4           1.041



pc(j, m) - Variable costs of producing one unit of item j on machine m. The production cost is period-independent.


1           1           5.389
1           2           2.389
1           3           3.922
1           4           2.806
2           1           4.778
2           2           2.456
2           3           5.452
2           4           3.507
3           1           5.597
3           2           1.318
3           3           3.979
3           4           2.795
4           1           5.532
4           2           1.122
4           3           5.898
4           4           3.374
5           1           8.235
5           2           2.259
5           3           2.584
5           4           3.043
6           1           4.025
6           2           1.081
6           3           2.643
6           4           2.057
7           1           6.066
7           2           1.941
7           3           2.698
7           4           3.051
8           1           9.256
8           2           1.213
8           3           4.343
8           4           2.053



pe(j, m) - Production emission for producing one unit of item j on machine m. The production emission is period-independent.


1           1           0.126
1           2           0.582
1           3           0.342
1           4           0.42
2           1           0.184
2           2           0.202
2           3           0.392
2           4           0.637
3           1           0.17
3           2           0.527
3           3           0.378
3           4           0.24
4           1           0.162
4           2           0.494
4           3           0.496
4           4           0.458
5           1           0.099
5           2           0.982
5           3           0.216
5           4           0.199
6           1           0.068
6           2           0.853
6           3           0.105
6           4           0.459
7           1           0.194
7           2           0.759
7           3           0.214
7           4           0.523
8           1           0.117
8           2           0.422
8           3           0.257
8           4           0.474



hc(j) - Inventory-holding costs for one unit of item j for one period.


1           0.174
2           0.236
3           0.102
4           0.242
5           0.244
6           0.238
7           0.199
8           0.166



st(j, m) - Setup times for producing a lot of item j on machine m. The setup times are period-independent.


1           1           19.697
1           2           13.437
1           3           9.045
1           4           18.884
2           1           12.096
2           2           15.252
2           3           12.431
2           4           14.346
3           1           18.71
3           2           16.082
3           3           9.629
3           4           9.482
4           1           15.001
4           2           6.33
4           3           17.165
4           4           10.131
5           1           16.497
5           2           18.012
5           3           14.431
5           4           13.641
6           1           17.466
6           2           9.092
6           3           5.427
6           4           5.972
7           1           17.986
7           2           15.094
7           3           18.552
7           4           9.564
8           1           8.779
8           2           9.967
8           3           13.578
8           4           7.756



se(j, m) - Setup emission for producing a lot of item j on machine m. The setup emission are period-independent.


1           1           4.54
1           2           10.185
1           3           5.149
1           4           15.124
2           1           5.756
2           2           37.323
2           3           8.45
2           4           9.524
3           1           4.02
3           2           32.256
3           3           19.715
3           4           25.441
4           1           7.999
4           2           31.975
4           3           15.904
4           4           19.401
5           1           3.125
5           2           18.038
5           3           17.931
5           4           7.594
6           1           5.203
6           2           17.403
6           3           8.913
6           4           25.312
7           1           8.805
7           2           21.071
7           3           10.236
7           4           15.114
8           1           5.531
8           2           12.935
8           3           19.26
8           4           10.776



sc(j, m) - Setup costs for producing a lot of item j on machine m. The setup costs are period-independent.


1           1           39950.4
1           2           9987.6
1           3           19975.2
1           4           13316.8
2           1           54405.867
2           2           13601.467
2           3           27202.933
2           4           18135.289
3           1           22943.2
3           2           5735.8
3           3           11471.6
3           4           7647.733
4           1           49464.8
4           2           12366.2
4           3           24732.4
4           4           16488.267
5           1           57161.067
5           2           14290.267
5           3           28580.533
5           4           19053.689
6           1           50646.4
6           2           12661.6
6           3           25323.2
6           4           16882.133
7           1           44947.467
7           2           11236.867
7           3           22473.733
7           4           14982.489
8           1           36254.4
8           2           9063.6
8           3           18127.2
8           4           12084.8



bc(m) - Fixed investment cost for machine m.


1           11278.711344575824
2           1040.6938541272687
3           3153.6837251757643
4           1816.8541776193083



ca(m, t) - The available capacity of machine m in period t.


1           1           171.35749166666665
1           2           171.35749166666665
1           3           171.35749166666665
1           4           171.35749166666665
1           5           171.35749166666665
1           6           171.35749166666665
2           1           171.35749166666665
2           2           171.35749166666665
2           3           171.35749166666665
2           4           171.35749166666665
2           5           171.35749166666665
2           6           171.35749166666665
3           1           171.35749166666665
3           2           171.35749166666665
3           3           171.35749166666665
3           4           171.35749166666665
3           5           171.35749166666665
3           6           171.35749166666665
4           1           171.35749166666665
4           2           171.35749166666665
4           3           171.35749166666665
4           4           171.35749166666665
4           5           171.35749166666665
4           6           171.35749166666665



em(t) - The limits of carbon emissions in period t.


1           208.70233611111107
2           208.70233611111107
3           208.70233611111107
4           208.70233611111107
5           208.70233611111107
6           208.70233611111107
