Information for the currently-owned machines and the machines that may be purchased: if 1, the machine can be purchased, otherwise currently-owned.


1           0.0
2           1.0
3           0.0
4           0.0



item_machine_arc(j, m) - The relationship arc between item j and machine m, i.e., machine m is capable of producing item j if item_machine_arc(j, m) = 1.


1           1           1.0
1           2           1.0
1           3           1.0
1           4           1.0
2           1           0.0
2           2           1.0
2           3           0.0
2           4           1.0
3           1           1.0
3           2           1.0
3           3           0.0
3           4           1.0
4           1           0.0
4           2           0.0
4           3           1.0
4           4           0.0
5           1           1.0
5           2           1.0
5           3           1.0
5           4           0.0
6           1           1.0
6           2           0.0
6           3           0.0
6           4           0.0
7           1           1.0
7           2           1.0
7           3           1.0
7           4           1.0
8           1           1.0
8           2           0.0
8           3           1.0
8           4           0.0



d(j, t) - Gross demand for item j in period t.


1           1           34
1           2           31
1           3           44
1           4           33
1           5           42
1           6           39
2           1           32
2           2           33
2           3           34
2           4           40
2           5           31
2           6           46
3           1           43
3           2           47
3           3           36
3           4           35
3           5           49
3           6           38
4           1           48
4           2           40
4           3           39
4           4           43
4           5           30
4           6           40
5           1           43
5           2           47
5           3           44
5           4           39
5           5           30
5           6           50
6           1           46
6           2           46
6           3           44
6           4           38
6           5           31
6           6           30
7           1           47
7           2           34
7           3           35
7           4           49
7           5           47
7           6           39
8           1           44
8           2           45
8           3           32
8           4           41
8           5           39
8           6           38



pt(j, m) - Time required to produce one unit of item j on machine m. The production time is period-independent.


1           1           1.272
1           2           0.589
1           3           0.844
1           4           1.366
2           1           1.123
2           2           1.117
2           3           1.044
2           4           0.648
3           1           1.354
3           2           1.212
3           3           0.678
3           4           0.775
4           1           1.057
4           2           0.599
4           3           0.509
4           4           1.187
5           1           0.728
5           2           1.056
5           3           0.554
5           4           1.46
6           1           0.679
6           2           0.64
6           3           0.717
6           4           0.947
7           1           0.89
7           2           0.661
7           3           1.233
7           4           1.144
8           1           0.719
8           2           1.13
8           3           1.41
8           4           0.595



pc(j, m) - Variable costs of producing one unit of item j on machine m. The production cost is period-independent.


1           1           2.463
1           2           6.926
1           3           2.859
1           4           2.635
2           1           2.314
2           2           11.16
2           3           3.038
2           4           4.523
3           1           2.538
3           2           4.519
3           3           3.867
3           4           3.947
4           1           1.732
4           2           9.328
4           3           1.826
4           4           2.429
5           1           2.78
5           2           8.28
5           3           1.938
5           4           3.107
6           1           2.608
6           2           8.48
6           3           2.156
6           4           5.237
7           1           2.503
7           2           9.54
7           3           1.719
7           4           5.664
8           1           1.585
8           2           4.574
8           3           3.435
8           4           5.866



pe(j, m) - Production emission for producing one unit of item j on machine m. The production emission is period-independent.


1           1           0.777
1           2           0.238
1           3           0.173
1           4           0.222
2           1           0.451
2           2           0.216
2           3           0.721
2           4           0.138
3           1           0.375
3           2           0.05
3           3           0.349
3           4           0.146
4           1           0.275
4           2           0.177
4           3           0.634
4           4           0.249
5           1           0.963
5           2           0.22
5           3           0.403
5           4           0.265
6           1           0.558
6           2           0.115
6           3           0.551
6           4           0.461
7           1           0.805
7           2           0.201
7           3           0.52
7           4           0.448
8           1           0.597
8           2           0.16
8           3           0.195
8           4           0.249



hc(j) - Inventory-holding costs for one unit of item j for one period.


1           0.153
2           0.191
3           0.133
4           0.226
5           0.239
6           0.13
7           0.119
8           0.169



st(j, m) - Setup times for producing a lot of item j on machine m. The setup times are period-independent.


1           1           85.881
1           2           76.263
1           3           35.168
1           4           44.631
2           1           39.98
2           2           46.457
2           3           71.229
2           4           81.836
3           1           77.781
3           2           56.277
3           3           63.726
3           4           72.207
4           1           78.511
4           2           27.759
4           3           82.326
4           4           84.577
5           1           31.53
5           2           41.164
5           3           30.747
5           4           54.42
6           1           39.862
6           2           87.301
6           3           55.083
6           4           80.311
7           1           29.164
7           2           49.559
7           3           44.244
7           4           93.69
8           1           72.139
8           2           95.252
8           3           79.178
8           4           65.607



se(j, m) - Setup emission for producing a lot of item j on machine m. The setup emission are period-independent.


1           1           30.534
1           2           5.704
1           3           15.403
1           4           15.468
2           1           29.792
2           2           9.184
2           3           13.204
2           4           17.049
3           1           26.819
3           2           7.057
3           3           15.71
3           4           14.209
4           1           10.473
4           2           3.26
4           3           11.061
4           4           18.223
5           1           15.931
5           2           5.326
5           3           22.041
5           4           12.009
6           1           15.155
6           2           9.898
6           3           29.793
6           4           12.331
7           1           11.088
7           2           2.705
7           3           23.02
7           4           13.668
8           1           25.977
8           2           9.747
8           3           9.229
8           4           7.881



sc(j, m) - Setup costs for producing a lot of item j on machine m. The setup costs are period-independent.


1           1           7961.1
1           2           31844.4
1           3           10614.8
1           4           15922.2
2           1           9626.4
2           2           38505.6
2           3           12835.2
2           4           19252.8
3           1           7696.267
3           2           30785.067
3           3           10261.689
3           4           15392.533
4           1           12656.0
4           2           50624.0
4           3           16874.667
4           4           25312.0
5           1           14108.967
5           2           56435.867
5           3           18811.956
5           4           28217.933
6           1           7128.333
6           2           28513.333
6           3           9504.444
6           4           14256.667
7           1           6969.433
7           2           27877.733
7           3           9292.578
7           4           13938.867
8           1           9424.567
8           2           37698.267
8           3           12566.089
8           4           18849.133



bc(m) - Fixed investment cost for machine m.


1           2581.4129384899793
2           16852.220958574966
3           5737.070246195942
4           8793.918728115943



ca(m, t) - The available capacity of machine m in period t.


1           1           242.1374990740741
1           2           242.1374990740741
1           3           242.1374990740741
1           4           242.1374990740741
1           5           242.1374990740741
1           6           242.1374990740741
2           1           242.1374990740741
2           2           242.1374990740741
2           3           242.1374990740741
2           4           242.1374990740741
2           5           242.1374990740741
2           6           242.1374990740741
3           1           242.1374990740741
3           2           242.1374990740741
3           3           242.1374990740741
3           4           242.1374990740741
3           5           242.1374990740741
3           6           242.1374990740741
4           1           242.1374990740741
4           2           242.1374990740741
4           3           242.1374990740741
4           4           242.1374990740741
4           5           242.1374990740741
4           6           242.1374990740741



em(t) - The limits of carbon emissions in period t.


1           268.3285111111111
2           268.3285111111111
3           268.3285111111111
4           268.3285111111111
5           268.3285111111111
6           268.3285111111111
