Information for the currently-owned machines and the machines that may be purchased: if 1, the machine can be purchased, otherwise currently-owned.


1           0.0
2           0.0
3           0.0
4           1.0



item_machine_arc(j, m) - The relationship arc between item j and machine m, i.e., machine m is capable of producing item j if item_machine_arc(j, m) = 1.


1           1           1.0
1           2           1.0
1           3           1.0
1           4           1.0
2           1           1.0
2           2           1.0
2           3           1.0
2           4           1.0
3           1           1.0
3           2           1.0
3           3           0.0
3           4           0.0
4           1           0.0
4           2           0.0
4           3           1.0
4           4           0.0
5           1           0.0
5           2           1.0
5           3           0.0
5           4           0.0
6           1           0.0
6           2           1.0
6           3           0.0
6           4           0.0
7           1           0.0
7           2           1.0
7           3           1.0
7           4           1.0
8           1           0.0
8           2           0.0
8           3           0.0
8           4           1.0



d(j, t) - Gross demand for item j in period t.


1           1           30
1           2           37
1           3           34
1           4           43
1           5           45
1           6           48
2           1           48
2           2           31
2           3           46
2           4           32
2           5           31
2           6           45
3           1           31
3           2           42
3           3           43
3           4           31
3           5           39
3           6           42
4           1           38
4           2           38
4           3           41
4           4           32
4           5           42
4           6           33
5           1           35
5           2           39
5           3           45
5           4           37
5           5           46
5           6           41
6           1           43
6           2           40
6           3           41
6           4           42
6           5           43
6           6           34
7           1           42
7           2           38
7           3           37
7           4           41
7           5           48
7           6           48
8           1           36
8           2           37
8           3           37
8           4           36
8           5           30
8           6           32



pt(j, m) - Time required to produce one unit of item j on machine m. The production time is period-independent.


1           1           1.456
1           2           1.002
1           3           0.938
1           4           0.695
2           1           0.88
2           2           1.431
2           3           1.207
2           4           0.939
3           1           0.936
3           2           1.049
3           3           0.882
3           4           1.242
4           1           1.28
4           2           1.346
4           3           0.59
4           4           1.396
5           1           0.994
5           2           1.027
5           3           1.053
5           4           0.944
6           1           1.427
6           2           1.314
6           3           0.887
6           4           0.883
7           1           0.803
7           2           0.714
7           3           1.375
7           4           1.236
8           1           0.74
8           2           0.645
8           3           1.37
8           4           0.964



pc(j, m) - Variable costs of producing one unit of item j on machine m. The production cost is period-independent.


1           1           2.237
1           2           4.541
1           3           9.184
1           4           1.317
2           1           1.986
2           2           2.19
2           3           4.126
2           4           1.483
3           1           3.936
3           2           3.015
3           3           7.914
3           4           1.967
4           1           3.986
4           2           2.962
4           3           8.569
4           4           2.713
5           1           3.891
5           2           4.293
5           3           5.205
5           4           1.878
6           1           2.237
6           2           2.688
6           3           8.618
6           4           1.606
7           1           3.433
7           2           5.067
7           3           9.851
7           4           2.433
8           1           1.732
8           2           2.095
8           3           8.504
8           4           1.605



pe(j, m) - Production emission for producing one unit of item j on machine m. The production emission is period-independent.


1           1           0.693
1           2           0.33
1           3           0.16
1           4           0.694
2           1           0.662
2           2           0.455
2           3           0.224
2           4           0.421
3           1           0.295
3           2           0.414
3           3           0.076
3           4           0.748
4           1           0.677
4           2           0.234
4           3           0.067
4           4           0.513
5           1           0.364
5           2           0.276
5           3           0.246
5           4           0.841
6           1           0.539
6           2           0.355
6           3           0.109
6           4           0.453
7           1           0.189
7           2           0.289
7           3           0.16
7           4           0.241
8           1           0.302
8           2           0.491
8           3           0.122
8           4           0.274



hc(j) - Inventory-holding costs for one unit of item j for one period.


1           0.295
2           0.299
3           0.169
4           0.204
5           0.164
6           0.1
7           0.106
8           0.174



st(j, m) - Setup times for producing a lot of item j on machine m. The setup times are period-independent.


1           1           54.168
1           2           71.74
1           3           30.665
1           4           38.975
2           1           55.299
2           2           31.713
2           3           71.063
2           4           48.757
3           1           87.68
3           2           93.383
3           3           73.57
3           4           65.212
4           1           86.103
4           2           50.127
4           3           77.54
4           4           75.121
5           1           27.248
5           2           68.227
5           3           74.299
5           4           40.14
6           1           50.098
6           2           85.992
6           3           87.639
6           4           38.465
7           1           76.931
7           2           80.034
7           3           46.953
7           4           60.252
8           1           52.155
8           2           88.113
8           3           75.755
8           4           94.618



se(j, m) - Setup emission for producing a lot of item j on machine m. The setup emission are period-independent.


1           1           99.915
1           2           78.997
1           3           24.152
1           4           137.451
2           1           136.983
2           2           47.228
2           3           41.611
2           4           112.535
3           1           64.723
3           2           42.497
3           3           27.127
3           4           155.6
4           1           148.933
4           2           82.678
4           3           18.347
4           4           145.629
5           1           125.965
5           2           34.184
5           3           33.369
5           4           146.039
6           1           64.499
6           2           96.576
6           3           19.539
6           4           55.57
7           1           146.589
7           2           89.018
7           3           27.128
7           4           155.079
8           1           49.798
8           2           60.13
8           3           37.293
8           4           126.055



sc(j, m) - Setup costs for producing a lot of item j on machine m. The setup costs are period-independent.


1           1           21751.333
1           2           32627.0
1           3           65254.0
1           4           16313.5
2           1           21674.178
2           2           32511.267
2           3           65022.533
2           4           16255.633
3           1           11987.733
3           2           17981.6
3           3           35963.2
3           4           8990.8
4           1           14216.533
4           2           21324.8
4           3           42649.6
4           4           10662.4
5           1           12398.4
5           2           18597.6
5           3           37195.2
5           4           9298.8
6           1           7560.0
6           2           11340.0
6           3           22680.0
6           4           5670.0
7           1           8376.356
7           2           12564.533
7           3           25129.067
7           4           6282.267
8           1           11259.733
8           2           16889.6
8           3           33779.2
8           4           8444.8



bc(m) - Fixed investment cost for machine m.


1           4571.389103125947
2           2298.5685681243494
3           11251.637902541916
4           4451.432320430538



ca(m, t) - The available capacity of machine m in period t.


1           1           283.97469074074075
1           2           283.97469074074075
1           3           283.97469074074075
1           4           283.97469074074075
1           5           283.97469074074075
1           6           283.97469074074075
2           1           283.97469074074075
2           2           283.97469074074075
2           3           283.97469074074075
2           4           283.97469074074075
2           5           283.97469074074075
2           6           283.97469074074075
3           1           283.97469074074075
3           2           283.97469074074075
3           3           283.97469074074075
3           4           283.97469074074075
3           5           283.97469074074075
3           6           283.97469074074075
4           1           283.97469074074075
4           2           283.97469074074075
4           3           283.97469074074075
4           4           283.97469074074075
4           5           283.97469074074075
4           6           283.97469074074075



em(t) - The limits of carbon emissions in period t.


1           601.9148391666666
2           601.9148391666666
3           601.9148391666666
4           601.9148391666666
5           601.9148391666666
6           601.9148391666666
