Information for the currently-owned machines and the machines that may be purchased: if 1, the machine can be purchased, otherwise currently-owned.


1           1.0
2           0.0
3           0.0
4           0.0



item_machine_arc(j, m) - The relationship arc between item j and machine m, i.e., machine m is capable of producing item j if item_machine_arc(j, m) = 1.


1           1           0.0
1           2           1.0
1           3           1.0
1           4           0.0
2           1           1.0
2           2           1.0
2           3           1.0
2           4           1.0
3           1           0.0
3           2           0.0
3           3           0.0
3           4           1.0
4           1           1.0
4           2           0.0
4           3           1.0
4           4           1.0
5           1           0.0
5           2           1.0
5           3           1.0
5           4           1.0
6           1           0.0
6           2           1.0
6           3           0.0
6           4           0.0
7           1           1.0
7           2           1.0
7           3           0.0
7           4           0.0
8           1           1.0
8           2           0.0
8           3           0.0
8           4           0.0



d(j, t) - Gross demand for item j in period t.


1           1           47
1           2           38
1           3           37
1           4           35
1           5           32
1           6           49
2           1           48
2           2           40
2           3           39
2           4           47
2           5           48
2           6           47
3           1           39
3           2           47
3           3           43
3           4           39
3           5           40
3           6           41
4           1           39
4           2           33
4           3           44
4           4           32
4           5           39
4           6           32
5           1           43
5           2           44
5           3           33
5           4           45
5           5           43
5           6           39
6           1           48
6           2           30
6           3           43
6           4           37
6           5           32
6           6           42
7           1           36
7           2           41
7           3           31
7           4           45
7           5           44
7           6           36
8           1           35
8           2           32
8           3           46
8           4           31
8           5           39
8           6           49



pt(j, m) - Time required to produce one unit of item j on machine m. The production time is period-independent.


1           1           1.105
1           2           1.41
1           3           0.746
1           4           1.184
2           1           1.471
2           2           0.86
2           3           0.96
2           4           0.591
3           1           0.577
3           2           1.292
3           3           1.051
3           4           1.264
4           1           1.07
4           2           0.819
4           3           1.319
4           4           1.046
5           1           1.081
5           2           1.296
5           3           1.349
5           4           1.46
6           1           1.233
6           2           0.991
6           3           0.915
6           4           1.252
7           1           0.806
7           2           0.672
7           3           1.342
7           4           0.671
8           1           0.678
8           2           0.688
8           3           0.653
8           4           0.804



pc(j, m) - Variable costs of producing one unit of item j on machine m. The production cost is period-independent.


1           1           1.068
1           2           4.443
1           3           2.711
1           4           3.058
2           1           1.327
2           2           9.828
2           3           4.737
2           4           1.999
3           1           2.932
3           2           4.254
3           3           4.683
3           4           1.699
4           1           1.214
4           2           8.626
4           3           2.009
4           4           1.532
5           1           1.506
5           2           5.694
5           3           3.058
5           4           2.436
6           1           2.502
6           2           7.991
6           3           3.883
6           4           2.389
7           1           2.094
7           2           11.848
7           3           3.879
7           4           2.577
8           1           2.951
8           2           11.172
8           3           5.621
8           4           2.228



pe(j, m) - Production emission for producing one unit of item j on machine m. The production emission is period-independent.


1           1           4.29
1           2           1.113
1           3           1.091
1           4           3.209
2           1           3.051
2           2           0.334
2           3           1.163
2           4           3.122
3           1           1.436
3           2           0.92
3           3           1.817
3           4           3.507
4           1           2.317
4           2           0.48
4           3           1.44
4           4           2.867
5           1           4.715
5           2           0.939
5           3           2.1
5           4           1.295
6           1           3.786
6           2           0.625
6           3           0.825
6           4           2.182
7           1           1.29
7           2           0.282
7           3           1.698
7           4           1.04
8           1           4.739
8           2           0.346
8           3           1.85
8           4           2.681



hc(j) - Inventory-holding costs for one unit of item j for one period.


1           0.106
2           0.166
3           0.221
4           0.152
5           0.213
6           0.294
7           0.145
8           0.11



st(j, m) - Setup times for producing a lot of item j on machine m. The setup times are period-independent.


1           1           63.833
1           2           42.709
1           3           35.875
1           4           47.909
2           1           98.439
2           2           71.27
2           3           53.851
2           4           78.316
3           1           57.985
3           2           60.636
3           3           73.188
3           4           87.471
4           1           54.819
4           2           88.213
4           3           69.637
4           4           33.689
5           1           39.113
5           2           97.807
5           3           31.35
5           4           30.863
6           1           95.274
6           2           42.666
6           3           90.318
6           4           99.133
7           1           99.678
7           2           37.141
7           3           26.503
7           4           34.979
8           1           94.346
8           2           46.961
8           3           25.142
8           4           84.302



se(j, m) - Setup emission for producing a lot of item j on machine m. The setup emission are period-independent.


1           1           35.524
1           2           4.875
1           3           13.804
1           4           8.908
2           1           25.318
2           2           8.292
2           3           7.096
2           4           15.407
3           1           23.831
3           2           7.924
3           3           17.311
3           4           16.22
4           1           30.846
4           2           2.83
4           3           5.865
4           4           7.875
5           1           17.843
5           2           2.526
5           3           18.004
5           4           10.219
6           1           30.203
6           2           2.825
6           3           14.072
6           4           25.065
7           1           32.026
7           2           3.603
7           3           14.572
7           4           20.249
8           1           37.631
8           2           8.027
8           3           7.548
8           4           9.762



sc(j, m) - Setup costs for producing a lot of item j on machine m. The setup costs are period-independent.


1           1           5886.533
1           2           23546.133
1           3           11773.067
1           4           7848.711
2           1           10419.267
2           2           41677.067
2           3           20838.533
2           4           13892.356
3           1           12840.1
3           2           51360.4
3           3           25680.2
3           4           17120.133
4           1           7767.2
4           2           31068.8
4           3           15534.4
4           4           10356.267
5           1           12275.9
5           2           49103.6
5           3           24551.8
5           4           16367.867
6           1           15915.2
6           2           63660.8
6           3           31830.4
6           4           21220.267
7           1           7883.167
7           2           31532.667
7           3           15766.333
7           4           10510.889
8           1           5954.667
8           2           23818.667
8           3           11909.333
8           4           7939.556



bc(m) - Fixed investment cost for machine m.


1           3072.281590385769
2           13004.336922333765
3           8639.603326690458
4           6602.918207155981



ca(m, t) - The available capacity of machine m in period t.


1           1           273.9036481481481
1           2           273.9036481481481
1           3           273.9036481481481
1           4           273.9036481481481
1           5           273.9036481481481
1           6           273.9036481481481
2           1           273.9036481481481
2           2           273.9036481481481
2           3           273.9036481481481
2           4           273.9036481481481
2           5           273.9036481481481
2           6           273.9036481481481
3           1           273.9036481481481
3           2           273.9036481481481
3           3           273.9036481481481
3           4           273.9036481481481
3           5           273.9036481481481
3           6           273.9036481481481
4           1           273.9036481481481
4           2           273.9036481481481
4           3           273.9036481481481
4           4           273.9036481481481
4           5           273.9036481481481
4           6           273.9036481481481



em(t) - The limits of carbon emissions in period t.


1           1100.6397752777777
2           1100.6397752777777
3           1100.6397752777777
4           1100.6397752777777
5           1100.6397752777777
6           1100.6397752777777
