Information for the currently-owned machines and the machines that may be purchased: if 1, the machine can be purchased, otherwise currently-owned.


1           0.0
2           0.0
3           1.0
4           0.0



item_machine_arc(j, m) - The relationship arc between item j and machine m, i.e., machine m is capable of producing item j if item_machine_arc(j, m) = 1.


1           1           0.0
1           2           1.0
1           3           1.0
1           4           1.0
2           1           1.0
2           2           0.0
2           3           1.0
2           4           0.0
3           1           1.0
3           2           0.0
3           3           1.0
3           4           0.0
4           1           1.0
4           2           1.0
4           3           0.0
4           4           1.0
5           1           0.0
5           2           1.0
5           3           0.0
5           4           0.0
6           1           0.0
6           2           1.0
6           3           0.0
6           4           1.0
7           1           0.0
7           2           0.0
7           3           1.0
7           4           0.0
8           1           1.0
8           2           0.0
8           3           1.0
8           4           0.0



d(j, t) - Gross demand for item j in period t.


1           1           44
1           2           34
1           3           43
1           4           37
1           5           41
1           6           45
2           1           31
2           2           48
2           3           36
2           4           43
2           5           45
2           6           32
3           1           32
3           2           31
3           3           38
3           4           38
3           5           37
3           6           45
4           1           32
4           2           48
4           3           34
4           4           31
4           5           33
4           6           46
5           1           37
5           2           50
5           3           48
5           4           48
5           5           42
5           6           31
6           1           49
6           2           40
6           3           43
6           4           30
6           5           48
6           6           38
7           1           35
7           2           41
7           3           35
7           4           36
7           5           48
7           6           38
8           1           41
8           2           49
8           3           37
8           4           50
8           5           43
8           6           44



pt(j, m) - Time required to produce one unit of item j on machine m. The production time is period-independent.


1           1           1.489
1           2           0.693
1           3           0.521
1           4           0.616
2           1           0.979
2           2           1.143
2           3           1.131
2           4           0.94
3           1           0.808
3           2           1.1
3           3           0.543
3           4           0.796
4           1           1.125
4           2           1.085
4           3           1.014
4           4           0.57
5           1           0.544
5           2           0.985
5           3           1.13
5           4           0.764
6           1           1.025
6           2           0.549
6           3           1.094
6           4           1.379
7           1           0.997
7           2           0.865
7           3           1.043
7           4           0.889
8           1           0.82
8           2           0.567
8           3           1.428
8           4           0.885



pc(j, m) - Variable costs of producing one unit of item j on machine m. The production cost is period-independent.


1           1           2.073
1           2           6.904
1           3           1.578
1           4           5.756
2           1           2.345
2           2           11.886
2           3           3.338
2           4           3.546
3           1           2.946
3           2           5.591
3           3           3.003
3           4           5.997
4           1           2.621
4           2           9.262
4           3           2.19
4           4           2.03
5           1           1.695
5           2           7.417
5           3           1.589
5           4           4.231
6           1           2.465
6           2           4.776
6           3           1.383
6           4           2.626
7           1           1.98
7           2           6.294
7           3           2.467
7           4           3.539
8           1           1.329
8           2           4.119
8           3           3.128
8           4           2.112



pe(j, m) - Production emission for producing one unit of item j on machine m. The production emission is period-independent.


1           1           0.302
1           2           0.061
1           3           0.329
1           4           0.437
2           1           0.651
2           2           0.054
2           3           0.449
2           4           0.458
3           1           0.841
3           2           0.096
3           3           0.659
3           4           0.419
4           1           0.619
4           2           0.155
4           3           0.3
4           4           0.448
5           1           0.833
5           2           0.133
5           3           0.726
5           4           0.418
6           1           0.357
6           2           0.118
6           3           0.687
6           4           0.32
7           1           0.729
7           2           0.188
7           3           0.26
7           4           0.277
8           1           0.924
8           2           0.152
8           3           0.682
8           4           0.171



hc(j) - Inventory-holding costs for one unit of item j for one period.


1           0.129
2           0.284
3           0.181
4           0.157
5           0.137
6           0.293
7           0.111
8           0.17



st(j, m) - Setup times for producing a lot of item j on machine m. The setup times are period-independent.


1           1           19.029
1           2           13.169
1           3           14.522
1           4           14.509
2           1           13.649
2           2           19.227
2           3           11.095
2           4           16.528
3           1           14.146
3           2           18.816
3           3           14.591
3           4           16.721
4           1           16.381
4           2           7.34
4           3           14.989
4           4           10.433
5           1           16.727
5           2           10.224
5           3           15.159
5           4           10.607
6           1           15.937
6           2           9.508
6           3           14.305
6           4           12.455
7           1           19.398
7           2           16.344
7           3           15.099
7           4           12.045
8           1           7.255
8           2           5.507
8           3           5.162
8           4           9.721



se(j, m) - Setup emission for producing a lot of item j on machine m. The setup emission are period-independent.


1           1           182.091
1           2           22.951
1           3           58.731
1           4           92.458
2           1           111.486
2           2           27.516
2           3           147.748
2           4           73.897
3           1           187.612
3           2           18.399
3           3           75.0
3           4           93.81
4           1           83.863
4           2           26.569
4           3           96.529
4           4           87.775
5           1           147.603
5           2           48.484
5           3           89.75
5           4           36.227
6           1           175.868
6           2           23.255
6           3           123.283
6           4           37.307
7           1           123.352
7           2           25.852
7           3           70.379
7           4           92.3
8           1           64.314
8           2           29.369
8           3           51.072
8           4           81.932



sc(j, m) - Setup costs for producing a lot of item j on machine m. The setup costs are period-independent.


1           1           7344.4
1           2           29377.6
1           3           9792.533
1           4           14688.8
2           1           15572.667
2           2           62290.667
2           3           20763.556
2           4           31145.333
3           1           9333.567
3           2           37334.267
3           3           12444.756
3           4           18667.133
4           1           8205.867
4           2           32823.467
4           3           10941.156
4           4           16411.733
5           1           8183.467
5           2           32733.867
5           3           10911.289
5           4           16366.933
6           1           16954.933
6           2           67819.733
6           3           22606.578
6           4           33909.867
7           1           6034.7
7           2           24138.8
7           3           8046.267
7           4           12069.4
8           1           10472.0
8           2           41888.0
8           3           13962.667
8           4           20944.0



bc(m) - Fixed investment cost for machine m.


1           1702.4275305535746
2           14061.468840885496
3           262.03961211006913
4           1657.1907757734393



ca(m, t) - The available capacity of machine m in period t.


1           1           160.90085925925925
1           2           160.90085925925925
1           3           160.90085925925925
1           4           160.90085925925925
1           5           160.90085925925925
1           6           160.90085925925925
2           1           160.90085925925925
2           2           160.90085925925925
2           3           160.90085925925925
2           4           160.90085925925925
2           5           160.90085925925925
2           6           160.90085925925925
3           1           160.90085925925925
3           2           160.90085925925925
3           3           160.90085925925925
3           4           160.90085925925925
3           5           160.90085925925925
3           6           160.90085925925925
4           1           160.90085925925925
4           2           160.90085925925925
4           3           160.90085925925925
4           4           160.90085925925925
4           5           160.90085925925925
4           6           160.90085925925925



em(t) - The limits of carbon emissions in period t.


1           664.7831788888889
2           664.7831788888889
3           664.7831788888889
4           664.7831788888889
5           664.7831788888889
6           664.7831788888889
