Information for the currently-owned machines and the machines that may be purchased: if 1, the machine can be purchased, otherwise currently-owned.


1           0.0
2           1.0
3           0.0
4           0.0



item_machine_arc(j, m) - The relationship arc between item j and machine m, i.e., machine m is capable of producing item j if item_machine_arc(j, m) = 1.


1           1           1.0
1           2           0.0
1           3           1.0
1           4           1.0
2           1           0.0
2           2           0.0
2           3           1.0
2           4           0.0
3           1           1.0
3           2           0.0
3           3           0.0
3           4           0.0
4           1           0.0
4           2           0.0
4           3           1.0
4           4           1.0
5           1           1.0
5           2           1.0
5           3           1.0
5           4           1.0
6           1           0.0
6           2           1.0
6           3           1.0
6           4           0.0
7           1           0.0
7           2           0.0
7           3           0.0
7           4           1.0
8           1           0.0
8           2           0.0
8           3           1.0
8           4           1.0



d(j, t) - Gross demand for item j in period t.


1           1           34
1           2           50
1           3           35
1           4           50
1           5           31
1           6           30
2           1           48
2           2           47
2           3           41
2           4           30
2           5           47
2           6           41
3           1           34
3           2           36
3           3           37
3           4           36
3           5           31
3           6           40
4           1           44
4           2           44
4           3           44
4           4           34
4           5           37
4           6           39
5           1           30
5           2           41
5           3           39
5           4           47
5           5           35
5           6           36
6           1           48
6           2           36
6           3           50
6           4           44
6           5           34
6           6           33
7           1           48
7           2           36
7           3           31
7           4           47
7           5           48
7           6           38
8           1           41
8           2           36
8           3           48
8           4           43
8           5           33
8           6           43



pt(j, m) - Time required to produce one unit of item j on machine m. The production time is period-independent.


1           1           1.264
1           2           1.339
1           3           0.507
1           4           0.791
2           1           0.588
2           2           0.813
2           3           1.496
2           4           0.912
3           1           0.844
3           2           0.862
3           3           0.887
3           4           0.763
4           1           1.456
4           2           1.214
4           3           1.12
4           4           1.005
5           1           0.761
5           2           0.844
5           3           0.92
5           4           1.268
6           1           1.477
6           2           0.872
6           3           0.859
6           4           1.072
7           1           1.103
7           2           0.931
7           3           0.626
7           4           0.733
8           1           1.409
8           2           0.721
8           3           0.589
8           4           0.944



pc(j, m) - Variable costs of producing one unit of item j on machine m. The production cost is period-independent.


1           1           5.619
1           2           3.624
1           3           2.322
1           4           2.022
2           1           8.846
2           2           2.698
2           3           3.914
2           4           2.676
3           1           6.445
3           2           4.894
3           3           2.059
3           4           2.736
4           1           10.66
4           2           5.967
4           3           1.678
4           4           2.335
5           1           4.527
5           2           2.85
5           3           3.951
5           4           1.728
6           1           8.89
6           2           5.509
6           3           3.255
6           4           1.308
7           1           8.076
7           2           5.79
7           3           2.232
7           4           1.208
8           1           6.384
8           2           2.692
8           3           2.802
8           4           1.456



pe(j, m) - Production emission for producing one unit of item j on machine m. The production emission is period-independent.


1           1           0.059
1           2           0.131
1           3           0.179
1           4           0.535
2           1           0.185
2           2           0.193
2           3           0.704
2           4           0.22
3           1           0.207
3           2           0.439
3           3           0.359
3           4           0.606
4           1           0.247
4           2           0.325
4           3           0.251
4           4           0.959
5           1           0.126
5           2           0.359
5           3           0.436
5           4           0.41
6           1           0.122
6           2           0.362
6           3           0.242
6           4           0.39
7           1           0.218
7           2           0.223
7           3           0.439
7           4           0.379
8           1           0.228
8           2           0.431
8           3           0.224
8           4           0.847



hc(j) - Inventory-holding costs for one unit of item j for one period.


1           0.295
2           0.293
3           0.102
4           0.285
5           0.175
6           0.122
7           0.278
8           0.164



st(j, m) - Setup times for producing a lot of item j on machine m. The setup times are period-independent.


1           1           5.473
1           2           6.348
1           3           7.467
1           4           9.621
2           1           13.024
2           2           5.598
2           3           9.977
2           4           15.971
3           1           17.409
3           2           18.803
3           3           7.652
3           4           8.237
4           1           16.089
4           2           18.737
4           3           12.006
4           4           11.619
5           1           14.005
5           2           13.919
5           3           18.789
5           4           11.765
6           1           15.114
6           2           17.049
6           3           10.475
6           4           10.362
7           1           5.919
7           2           8.557
7           3           18.968
7           4           14.467
8           1           6.658
8           2           10.988
8           3           8.717
8           4           5.483



se(j, m) - Setup emission for producing a lot of item j on machine m. The setup emission are period-independent.


1           1           2.774
1           2           12.829
1           3           18.084
1           4           35.664
2           1           9.192
2           2           8.214
2           3           15.643
2           4           21.087
3           1           7.256
3           2           9.752
3           3           24.453
3           4           36.754
4           1           8.151
4           2           7.344
4           3           18.049
4           4           33.106
5           1           2.786
5           2           17.696
5           3           19.947
5           4           18.905
6           1           8.809
6           2           7.361
6           3           22.051
6           4           29.921
7           1           4.093
7           2           13.474
7           3           28.46
7           4           29.419
8           1           5.092
8           2           10.547
8           3           20.655
8           4           16.077



sc(j, m) - Setup costs for producing a lot of item j on machine m. The setup costs are period-independent.


1           1           69659.333
1           2           34829.667
1           3           23219.778
1           4           17414.833
2           1           76406.587
2           2           38203.293
2           3           25468.862
2           4           19101.647
3           1           22410.08
3           2           11205.04
3           3           7470.027
3           4           5602.52
4           1           70809.2
4           2           35404.6
4           3           23603.067
4           4           17702.3
5           1           40964.0
5           2           20482.0
5           3           13654.667
5           4           10241.0
6           1           30687.067
6           2           15343.533
6           3           10229.022
6           4           7671.767
7           1           70782.507
7           2           35391.253
7           3           23594.169
7           4           17695.627
8           1           41083.093
8           2           20541.547
8           3           13694.364
8           4           10270.773



bc(m) - Fixed investment cost for machine m.


1           9370.566358721233
2           5620.255709259385
3           5649.256117585214
4           3792.5476058397694



ca(m, t) - The available capacity of machine m in period t.


1           1           179.7698038888889
1           2           179.7698038888889
1           3           179.7698038888889
1           4           179.7698038888889
1           5           179.7698038888889
1           6           179.7698038888889
2           1           179.7698038888889
2           2           179.7698038888889
2           3           179.7698038888889
2           4           179.7698038888889
2           5           179.7698038888889
2           6           179.7698038888889
3           1           179.7698038888889
3           2           179.7698038888889
3           3           179.7698038888889
3           4           179.7698038888889
3           5           179.7698038888889
3           6           179.7698038888889
4           1           179.7698038888889
4           2           179.7698038888889
4           3           179.7698038888889
4           4           179.7698038888889
4           5           179.7698038888889
4           6           179.7698038888889



em(t) - The limits of carbon emissions in period t.


1           317.5539888888889
2           317.5539888888889
3           317.5539888888889
4           317.5539888888889
5           317.5539888888889
6           317.5539888888889
