Information for the currently-owned machines and the machines that may be purchased: if 1, the machine can be purchased, otherwise currently-owned.


1           1.0
2           0.0
3           0.0
4           0.0



item_machine_arc(j, m) - The relationship arc between item j and machine m, i.e., machine m is capable of producing item j if item_machine_arc(j, m) = 1.


1           1           1.0
1           2           0.0
1           3           1.0
1           4           1.0
2           1           0.0
2           2           0.0
2           3           1.0
2           4           0.0
3           1           0.0
3           2           0.0
3           3           0.0
3           4           1.0
4           1           1.0
4           2           0.0
4           3           0.0
4           4           0.0
5           1           1.0
5           2           1.0
5           3           1.0
5           4           1.0
6           1           1.0
6           2           1.0
6           3           1.0
6           4           0.0
7           1           1.0
7           2           1.0
7           3           1.0
7           4           0.0
8           1           1.0
8           2           1.0
8           3           1.0
8           4           0.0



d(j, t) - Gross demand for item j in period t.


1           1           48
1           2           34
1           3           33
1           4           47
1           5           30
1           6           30
2           1           47
2           2           37
2           3           30
2           4           40
2           5           34
2           6           45
3           1           39
3           2           40
3           3           30
3           4           36
3           5           47
3           6           47
4           1           50
4           2           33
4           3           42
4           4           49
4           5           36
4           6           40
5           1           41
5           2           34
5           3           35
5           4           38
5           5           40
5           6           44
6           1           37
6           2           34
6           3           32
6           4           33
6           5           47
6           6           36
7           1           46
7           2           36
7           3           32
7           4           36
7           5           35
7           6           49
8           1           40
8           2           33
8           3           38
8           4           44
8           5           38
8           6           41



pt(j, m) - Time required to produce one unit of item j on machine m. The production time is period-independent.


1           1           1.41
1           2           1.445
1           3           1.049
1           4           1.197
2           1           1.108
2           2           1.138
2           3           1.206
2           4           1.426
3           1           1.463
3           2           1.398
3           3           0.972
3           4           0.999
4           1           1.423
4           2           1.427
4           3           0.844
4           4           0.751
5           1           1.171
5           2           0.57
5           3           1.279
5           4           1.321
6           1           1.265
6           2           1.391
6           3           0.85
6           4           1.457
7           1           0.95
7           2           0.707
7           3           1.177
7           4           0.844
8           1           0.722
8           2           1.106
8           3           0.83
8           4           1.416



pc(j, m) - Variable costs of producing one unit of item j on machine m. The production cost is period-independent.


1           1           5.585
1           2           3.606
1           3           2.257
1           4           4.974
2           1           2.197
2           2           2.575
2           3           1.361
2           4           10.569
3           1           4.702
3           2           2.028
3           3           2.494
3           4           9.284
4           1           2.167
4           2           3.276
4           3           1.026
4           4           9.11
5           1           4.586
5           2           2.062
5           3           2.879
5           4           7.965
6           1           4.408
6           2           2.122
6           3           1.95
6           4           10.214
7           1           2.491
7           2           2.879
7           3           1.605
7           4           4.386
8           1           3.407
8           2           1.523
8           3           1.697
8           4           10.348



pe(j, m) - Production emission for producing one unit of item j on machine m. The production emission is period-independent.


1           1           1.155
1           2           0.815
1           3           1.831
1           4           0.772
2           1           0.811
2           2           3.598
2           3           4.326
2           4           0.453
3           1           1.113
3           2           2.855
3           3           4.273
3           4           1.173
4           1           0.986
4           2           3.546
4           3           2.268
4           4           1.057
5           1           1.415
5           2           2.414
5           3           3.637
5           4           1.14
6           1           2.249
6           2           1.011
6           3           4.968
6           4           0.654
7           1           1.96
7           2           2.148
7           3           1.596
7           4           1.222
8           1           1.234
8           2           2.28
8           3           1.44
8           4           0.544



hc(j) - Inventory-holding costs for one unit of item j for one period.


1           0.154
2           0.225
3           0.238
4           0.214
5           0.164
6           0.255
7           0.279
8           0.114



st(j, m) - Setup times for producing a lot of item j on machine m. The setup times are period-independent.


1           1           5.959
1           2           7.404
1           3           11.372
1           4           11.996
2           1           7.836
2           2           10.023
2           3           18.767
2           4           18.36
3           1           16.28
3           2           12.593
3           3           10.448
3           4           17.778
4           1           10.774
4           2           13.746
4           3           8.315
4           4           16.458
5           1           17.021
5           2           16.631
5           3           18.211
5           4           11.109
6           1           16.027
6           2           16.031
6           3           5.585
6           4           18.621
7           1           17.88
7           2           13.925
7           3           18.73
7           4           16.441
8           1           11.913
8           2           12.821
8           3           12.193
8           4           17.84



se(j, m) - Setup emission for producing a lot of item j on machine m. The setup emission are period-independent.


1           1           97.974
1           2           54.667
1           3           108.022
1           4           18.998
2           1           88.896
2           2           123.645
2           3           73.656
2           4           26.099
3           1           99.823
3           2           60.679
3           3           54.775
3           4           15.29
4           1           25.568
4           2           91.437
4           3           100.3
4           4           18.967
5           1           27.093
5           2           58.634
5           3           115.02
5           4           34.498
6           1           99.114
6           2           133.756
6           3           165.775
6           4           23.944
7           1           26.665
7           2           63.551
7           3           176.022
7           4           25.07
8           1           30.023
8           2           122.166
8           3           101.542
8           4           22.304



sc(j, m) - Setup costs for producing a lot of item j on machine m. The setup costs are period-independent.


1           1           15954.4
1           2           10636.267
1           3           7977.2
1           4           31908.8
2           1           24465.0
2           2           16310.0
2           3           12232.5
2           4           48930.0
3           1           26544.933
3           2           17696.622
3           3           13272.467
3           4           53089.867
4           1           24966.667
4           2           16644.444
4           3           12483.333
4           4           49933.333
5           1           17755.733
5           2           11837.156
5           3           8877.867
5           4           35511.467
6           1           26061.0
6           2           17374.0
6           3           13030.5
6           4           52122.0
7           1           30466.8
7           2           20311.2
7           3           15233.4
7           4           60933.6
8           1           12448.8
8           2           8299.2
8           3           6224.4
8           4           24897.6



bc(m) - Fixed investment cost for machine m.


1           8078.401680067422
2           800.4151046935259
3           2709.4111543022814
4           13892.883001740573



ca(m, t) - The available capacity of machine m in period t.


1           1           207.53750111111114
1           2           207.53750111111114
1           3           207.53750111111114
1           4           207.53750111111114
1           5           207.53750111111114
1           6           207.53750111111114
2           1           207.53750111111114
2           2           207.53750111111114
2           3           207.53750111111114
2           4           207.53750111111114
2           5           207.53750111111114
2           6           207.53750111111114
3           1           207.53750111111114
3           2           207.53750111111114
3           3           207.53750111111114
3           4           207.53750111111114
3           5           207.53750111111114
3           6           207.53750111111114
4           1           207.53750111111114
4           2           207.53750111111114
4           3           207.53750111111114
4           4           207.53750111111114
4           5           207.53750111111114
4           6           207.53750111111114



em(t) - The limits of carbon emissions in period t.


1           1261.7725749999997
2           1261.7725749999997
3           1261.7725749999997
4           1261.7725749999997
5           1261.7725749999997
6           1261.7725749999997
