Information for the currently-owned machines and the machines that may be purchased: if 1, the machine can be purchased, otherwise currently-owned.


1           0.0
2           0.0
3           0.0
4           1.0



item_machine_arc(j, m) - The relationship arc between item j and machine m, i.e., machine m is capable of producing item j if item_machine_arc(j, m) = 1.


1           1           0.0
1           2           1.0
1           3           0.0
1           4           0.0
2           1           1.0
2           2           1.0
2           3           1.0
2           4           1.0
3           1           1.0
3           2           1.0
3           3           1.0
3           4           0.0
4           1           1.0
4           2           0.0
4           3           1.0
4           4           0.0
5           1           0.0
5           2           0.0
5           3           1.0
5           4           1.0
6           1           1.0
6           2           1.0
6           3           1.0
6           4           1.0
7           1           1.0
7           2           0.0
7           3           0.0
7           4           0.0
8           1           0.0
8           2           1.0
8           3           0.0
8           4           0.0



d(j, t) - Gross demand for item j in period t.


1           1           37
1           2           41
1           3           34
1           4           34
1           5           35
1           6           41
2           1           42
2           2           33
2           3           40
2           4           32
2           5           50
2           6           30
3           1           49
3           2           33
3           3           46
3           4           39
3           5           34
3           6           33
4           1           45
4           2           50
4           3           33
4           4           45
4           5           34
4           6           30
5           1           43
5           2           48
5           3           41
5           4           33
5           5           38
5           6           32
6           1           50
6           2           39
6           3           45
6           4           33
6           5           50
6           6           45
7           1           45
7           2           45
7           3           47
7           4           39
7           5           49
7           6           43
8           1           47
8           2           40
8           3           44
8           4           33
8           5           45
8           6           46



pt(j, m) - Time required to produce one unit of item j on machine m. The production time is period-independent.


1           1           1.092
1           2           0.659
1           3           0.506
1           4           0.57
2           1           0.899
2           2           1.35
2           3           1.446
2           4           0.626
3           1           0.974
3           2           0.604
3           3           1.315
3           4           1.229
4           1           1.482
4           2           1.481
4           3           0.881
4           4           1.337
5           1           1.173
5           2           0.887
5           3           0.537
5           4           1.296
6           1           1.403
6           2           0.781
6           3           1.294
6           4           1.011
7           1           1.353
7           2           0.536
7           3           0.769
7           4           1.493
8           1           0.838
8           2           0.777
8           3           1.461
8           4           1.034



pc(j, m) - Variable costs of producing one unit of item j on machine m. The production cost is period-independent.


1           1           2.426
1           2           9.487
1           3           2.937
1           4           2.113
2           1           2.262
2           2           9.602
2           3           5.648
2           4           2.513
3           1           2.538
3           2           4.285
3           3           3.72
3           4           1.317
4           1           3.982
4           2           11.549
4           3           2.608
4           4           2.91
5           1           3.755
5           2           10.059
5           3           5.012
5           4           2.955
6           1           3.877
6           2           9.454
6           3           2.955
6           4           2.485
7           1           1.767
7           2           4.719
7           3           2.054
7           4           2.854
8           1           1.963
8           2           11.487
8           3           4.194
8           4           1.939



pe(j, m) - Production emission for producing one unit of item j on machine m. The production emission is period-independent.


1           1           3.65
1           2           0.441
1           3           2.336
1           4           3.232
2           1           1.003
2           2           0.624
2           3           1.602
2           4           3.695
3           1           2.666
3           2           0.71
3           3           2.109
3           4           1.588
4           1           3.092
4           2           0.284
4           3           1.08
4           4           3.923
5           1           1.776
5           2           0.942
5           3           0.949
5           4           4.903
6           1           3.521
6           2           0.482
6           3           2.338
6           4           1.288
7           1           3.283
7           2           0.879
7           3           0.635
7           4           2.216
8           1           3.531
8           2           0.285
8           3           2.413
8           4           3.249



hc(j) - Inventory-holding costs for one unit of item j for one period.


1           0.18
2           0.186
3           0.229
4           0.114
5           0.265
6           0.139
7           0.147
8           0.204



st(j, m) - Setup times for producing a lot of item j on machine m. The setup times are period-independent.


1           1           5.167
1           2           15.912
1           3           10.431
1           4           16.116
2           1           6.76
2           2           18.291
2           3           6.02
2           4           13.755
3           1           17.003
3           2           15.649
3           3           11.156
3           4           7.644
4           1           7.778
4           2           17.295
4           3           16.463
4           4           10.079
5           1           13.9
5           2           17.113
5           3           8.428
5           4           10.896
6           1           11.898
6           2           15.174
6           3           8.036
6           4           8.852
7           1           13.192
7           2           7.734
7           3           5.79
7           4           7.223
8           1           16.756
8           2           14.174
8           3           18.855
8           4           10.475



se(j, m) - Setup emission for producing a lot of item j on machine m. The setup emission are period-independent.


1           1           9.726
1           2           5.964
1           3           15.204
1           4           26.546
2           1           22.322
2           2           8.821
2           3           5.962
2           4           14.576
3           1           12.345
3           2           3.656
3           3           19.44
3           4           31.038
4           1           9.847
4           2           7.924
4           3           19.632
4           4           31.609
5           1           10.148
5           2           9.497
5           3           5.588
5           4           13.759
6           1           27.784
6           2           9.81
6           3           13.856
6           4           39.441
7           1           14.399
7           2           7.323
7           3           12.412
7           4           17.727
8           1           8.591
8           2           2.752
8           3           9.662
8           4           15.552



sc(j, m) - Setup costs for producing a lot of item j on machine m. The setup costs are period-independent.


1           1           12432.0
1           2           37296.0
1           3           18648.0
1           4           9324.0
2           1           13135.733
2           2           39407.2
2           3           19703.6
2           4           9851.8
3           1           16671.2
3           2           50013.6
3           3           25006.8
3           4           12503.4
4           1           8405.6
4           2           25216.8
4           3           12608.4
4           4           6304.2
5           1           19374.444
5           2           58123.333
5           3           29061.667
5           4           14530.833
6           1           11330.044
6           2           33990.133
6           3           16995.067
6           4           8497.533
7           1           12256.533
7           2           36769.6
7           3           18384.8
7           4           9192.4
8           1           16184.0
8           2           48552.0
8           3           24276.0
8           4           12138.0



bc(m) - Fixed investment cost for machine m.


1           6486.172376747659
2           5942.898085875108
3           1737.4903203108504
4           3429.6059549262613



ca(m, t) - The available capacity of machine m in period t.


1           1           194.46001361111112
1           2           194.46001361111112
1           3           194.46001361111112
1           4           194.46001361111112
1           5           194.46001361111112
1           6           194.46001361111112
2           1           194.46001361111112
2           2           194.46001361111112
2           3           194.46001361111112
2           4           194.46001361111112
2           5           194.46001361111112
2           6           194.46001361111112
3           1           194.46001361111112
3           2           194.46001361111112
3           3           194.46001361111112
3           4           194.46001361111112
3           5           194.46001361111112
3           6           194.46001361111112
4           1           194.46001361111112
4           2           194.46001361111112
4           3           194.46001361111112
4           4           194.46001361111112
4           5           194.46001361111112
4           6           194.46001361111112



em(t) - The limits of carbon emissions in period t.


1           985.0439316666667
2           985.0439316666667
3           985.0439316666667
4           985.0439316666667
5           985.0439316666667
6           985.0439316666667
