Information for the currently-owned machines and the machines that may be purchased: if 1, the machine can be purchased, otherwise currently-owned.


1           0.0
2           1.0
3           0.0
4           0.0



item_machine_arc(j, m) - The relationship arc between item j and machine m, i.e., machine m is capable of producing item j if item_machine_arc(j, m) = 1.


1           1           1.0
1           2           1.0
1           3           0.0
1           4           1.0
2           1           1.0
2           2           1.0
2           3           1.0
2           4           1.0
3           1           1.0
3           2           0.0
3           3           1.0
3           4           1.0
4           1           0.0
4           2           1.0
4           3           1.0
4           4           0.0
5           1           1.0
5           2           0.0
5           3           0.0
5           4           1.0
6           1           1.0
6           2           1.0
6           3           1.0
6           4           1.0
7           1           1.0
7           2           1.0
7           3           1.0
7           4           1.0
8           1           0.0
8           2           0.0
8           3           1.0
8           4           0.0



d(j, t) - Gross demand for item j in period t.


1           1           41
1           2           38
1           3           44
1           4           31
1           5           45
1           6           41
2           1           44
2           2           33
2           3           46
2           4           47
2           5           48
2           6           31
3           1           41
3           2           33
3           3           31
3           4           44
3           5           34
3           6           49
4           1           40
4           2           30
4           3           39
4           4           40
4           5           47
4           6           42
5           1           30
5           2           45
5           3           40
5           4           32
5           5           36
5           6           45
6           1           43
6           2           32
6           3           35
6           4           35
6           5           37
6           6           48
7           1           47
7           2           41
7           3           31
7           4           37
7           5           48
7           6           36
8           1           50
8           2           30
8           3           49
8           4           31
8           5           44
8           6           40



pt(j, m) - Time required to produce one unit of item j on machine m. The production time is period-independent.


1           1           0.63
1           2           0.97
1           3           1.477
1           4           0.528
2           1           1.178
2           2           0.691
2           3           0.569
2           4           0.873
3           1           1.498
3           2           1.447
3           3           0.505
3           4           0.609
4           1           0.708
4           2           1.289
4           3           1.273
4           4           0.817
5           1           1.173
5           2           1.467
5           3           0.918
5           4           0.752
6           1           1.372
6           2           0.792
6           3           0.95
6           4           1.255
7           1           1.094
7           2           1.213
7           3           1.076
7           4           1.184
8           1           0.782
8           2           0.734
8           3           0.774
8           4           0.828



pc(j, m) - Variable costs of producing one unit of item j on machine m. The production cost is period-independent.


1           1           3.306
1           2           2.732
1           3           10.782
1           4           2.07
2           1           5.552
2           2           3.917
2           3           10.056
2           4           1.41
3           1           3.67
3           2           2.386
3           3           10.741
3           4           1.127
4           1           5.415
4           2           3.937
4           3           10.307
4           4           2.596
5           1           5.222
5           2           1.695
5           3           6.752
5           4           2.224
6           1           3.385
6           2           3.613
6           3           6.093
6           4           2.34
7           1           4.632
7           2           3.388
7           3           9.793
7           4           2.265
8           1           5.08
8           2           3.906
8           3           10.225
8           4           1.927



pe(j, m) - Production emission for producing one unit of item j on machine m. The production emission is period-independent.


1           1           0.272
1           2           0.318
1           3           0.211
1           4           0.769
2           1           0.145
2           2           0.22
2           3           0.1
2           4           0.388
3           1           0.166
3           2           0.482
3           3           0.233
3           4           0.971
4           1           0.148
4           2           0.16
4           3           0.184
4           4           0.656
5           1           0.47
5           2           0.432
5           3           0.237
5           4           0.371
6           1           0.397
6           2           0.177
6           3           0.147
6           4           0.525
7           1           0.443
7           2           0.381
7           3           0.185
7           4           0.715
8           1           0.172
8           2           0.425
8           3           0.17
8           4           0.995



hc(j) - Inventory-holding costs for one unit of item j for one period.


1           0.134
2           0.266
3           0.112
4           0.263
5           0.265
6           0.123
7           0.184
8           0.162



st(j, m) - Setup times for producing a lot of item j on machine m. The setup times are period-independent.


1           1           67.948
1           2           39.267
1           3           59.517
1           4           77.355
2           1           28.064
2           2           59.68
2           3           94.406
2           4           77.966
3           1           67.9
3           2           25.18
3           3           92.815
3           4           45.894
4           1           91.626
4           2           90.42
4           3           70.286
4           4           54.26
5           1           96.71
5           2           61.813
5           3           44.62
5           4           87.4
6           1           83.383
6           2           62.958
6           3           36.667
6           4           49.501
7           1           76.187
7           2           94.576
7           3           27.271
7           4           43.817
8           1           56.513
8           2           70.945
8           3           27.589
8           4           76.325



se(j, m) - Setup emission for producing a lot of item j on machine m. The setup emission are period-independent.


1           1           56.115
1           2           110.789
1           3           31.966
1           4           104.182
2           1           71.366
2           2           46.885
2           3           35.435
2           4           73.475
3           1           30.009
3           2           124.915
3           3           48.847
3           4           71.07
4           1           96.678
4           2           123.04
4           3           19.13
4           4           182.06
5           1           32.293
5           2           130.794
5           3           32.96
5           4           174.061
6           1           72.641
6           2           94.284
6           3           29.179
6           4           130.769
7           1           83.631
7           2           137.274
7           3           13.276
7           4           90.924
8           1           48.237
8           2           130.966
8           3           18.937
8           4           71.31



sc(j, m) - Setup costs for producing a lot of item j on machine m. The setup costs are period-independent.


1           1           16508.8
1           2           11005.867
1           3           33017.6
1           4           8254.4
2           1           34000.12
2           2           22666.747
2           3           68000.24
2           4           17000.06
3           1           13338.453
3           2           8892.302
3           3           26676.907
3           4           6669.227
4           1           32131.587
4           2           21421.058
4           3           64263.173
4           4           16065.793
5           1           31015.6
5           2           20677.067
5           3           62031.2
5           4           15507.8
6           1           14522.2
6           2           9681.467
6           3           29044.4
6           4           7261.1
7           1           22668.8
7           2           15112.533
7           3           45337.6
7           4           11334.4
8           1           20291.04
8           2           13527.36
8           3           40582.08
8           4           10145.52



bc(m) - Fixed investment cost for machine m.


1           9044.4645245895
2           4316.1595926896825
3           4086.0997869881667
4           3120.4433810804903



ca(m, t) - The available capacity of machine m in period t.


1           1           261.23944907407406
1           2           261.23944907407406
1           3           261.23944907407406
1           4           261.23944907407406
1           5           261.23944907407406
1           6           261.23944907407406
2           1           261.23944907407406
2           2           261.23944907407406
2           3           261.23944907407406
2           4           261.23944907407406
2           5           261.23944907407406
2           6           261.23944907407406
3           1           261.23944907407406
3           2           261.23944907407406
3           3           261.23944907407406
3           4           261.23944907407406
3           5           261.23944907407406
3           6           261.23944907407406
4           1           261.23944907407406
4           2           261.23944907407406
4           3           261.23944907407406
4           4           261.23944907407406
4           5           261.23944907407406
4           6           261.23944907407406



em(t) - The limits of carbon emissions in period t.


1           532.2576388888889
2           532.2576388888889
3           532.2576388888889
4           532.2576388888889
5           532.2576388888889
6           532.2576388888889
