Information for the currently-owned machines and the machines that may be purchased: if 1, the machine can be purchased, otherwise currently-owned.


1           1.0
2           0.0
3           0.0
4           0.0



item_machine_arc(j, m) - The relationship arc between item j and machine m, i.e., machine m is capable of producing item j if item_machine_arc(j, m) = 1.


1           1           0.0
1           2           0.0
1           3           1.0
1           4           0.0
2           1           1.0
2           2           1.0
2           3           1.0
2           4           1.0
3           1           1.0
3           2           1.0
3           3           1.0
3           4           1.0
4           1           1.0
4           2           1.0
4           3           1.0
4           4           1.0
5           1           0.0
5           2           1.0
5           3           1.0
5           4           1.0
6           1           1.0
6           2           1.0
6           3           1.0
6           4           1.0
7           1           1.0
7           2           1.0
7           3           1.0
7           4           1.0
8           1           1.0
8           2           0.0
8           3           0.0
8           4           0.0



d(j, t) - Gross demand for item j in period t.


1           1           40
1           2           37
1           3           35
1           4           43
1           5           31
1           6           34
2           1           30
2           2           32
2           3           37
2           4           37
2           5           35
2           6           39
3           1           43
3           2           42
3           3           38
3           4           39
3           5           42
3           6           30
4           1           43
4           2           47
4           3           44
4           4           44
4           5           46
4           6           47
5           1           34
5           2           39
5           3           37
5           4           37
5           5           38
5           6           37
6           1           46
6           2           44
6           3           38
6           4           38
6           5           41
6           6           40
7           1           30
7           2           42
7           3           34
7           4           37
7           5           42
7           6           35
8           1           49
8           2           48
8           3           39
8           4           32
8           5           45
8           6           32



pt(j, m) - Time required to produce one unit of item j on machine m. The production time is period-independent.


1           1           1.377
1           2           0.505
1           3           0.689
1           4           0.973
2           1           1.233
2           2           0.548
2           3           0.862
2           4           1.026
3           1           0.735
3           2           0.934
3           3           0.946
3           4           1.325
4           1           0.518
4           2           1.496
4           3           0.743
4           4           0.819
5           1           1.39
5           2           0.841
5           3           1.386
5           4           0.569
6           1           0.803
6           2           1.443
6           3           1.098
6           4           0.827
7           1           1.261
7           2           1.275
7           3           0.714
7           4           1.481
8           1           0.773
8           2           0.877
8           3           0.773
8           4           0.762



pc(j, m) - Variable costs of producing one unit of item j on machine m. The production cost is period-independent.


1           1           5.962
1           2           5.134
1           3           2.358
1           4           2.976
2           1           5.166
2           2           4.258
2           3           2.883
2           4           3.8
3           1           5.838
3           2           6.061
3           3           2.175
3           4           2.015
4           1           5.373
4           2           5.148
4           3           2.779
4           4           3.78
5           1           3.15
5           2           10.135
5           3           1.666
5           4           1.747
6           1           3.955
6           2           4.927
6           3           1.552
6           4           3.686
7           1           4.62
7           2           7.11
7           3           2.073
7           4           3.058
8           1           2.07
8           2           10.54
8           3           1.957
8           4           3.638



pe(j, m) - Production emission for producing one unit of item j on machine m. The production emission is period-independent.


1           1           0.245
1           2           0.18
1           3           0.41
1           4           0.473
2           1           0.391
2           2           0.223
2           3           0.436
2           4           0.709
3           1           0.194
3           2           0.167
3           3           0.341
3           4           0.323
4           1           0.353
4           2           0.22
4           3           0.654
4           4           0.644
5           1           0.487
5           2           0.055
5           3           0.328
5           4           0.17
6           1           0.272
6           2           0.237
6           3           0.854
6           4           0.412
7           1           0.336
7           2           0.085
7           3           0.699
7           4           0.2
8           1           0.329
8           2           0.141
8           3           0.746
8           4           0.446



hc(j) - Inventory-holding costs for one unit of item j for one period.


1           0.291
2           0.296
3           0.291
4           0.284
5           0.171
6           0.215
7           0.263
8           0.132



st(j, m) - Setup times for producing a lot of item j on machine m. The setup times are period-independent.


1           1           29.461
1           2           89.788
1           3           72.765
1           4           25.754
2           1           29.317
2           2           91.195
2           3           44.649
2           4           78.056
3           1           34.802
3           2           59.36
3           3           58.597
3           4           87.854
4           1           51.846
4           2           41.899
4           3           93.33
4           4           81.211
5           1           61.187
5           2           70.696
5           3           88.626
5           4           63.559
6           1           73.485
6           2           51.322
6           3           40.462
6           4           78.671
7           1           97.747
7           2           25.018
7           3           83.465
7           4           26.229
8           1           85.725
8           2           93.009
8           3           73.322
8           4           64.52



se(j, m) - Setup emission for producing a lot of item j on machine m. The setup emission are period-independent.


1           1           52.548
1           2           18.199
1           3           179.644
1           4           73.334
2           1           49.596
2           2           28.053
2           3           116.764
2           4           108.795
3           1           76.483
3           2           44.103
3           3           167.344
3           4           72.028
4           1           90.706
4           2           23.466
4           3           52.302
4           4           135.287
5           1           42.824
5           2           23.381
5           3           136.363
5           4           100.428
6           1           57.349
6           2           16.792
6           3           170.345
6           4           141.977
7           1           31.443
7           2           27.363
7           3           55.564
7           4           54.366
8           1           34.368
8           2           12.95
8           3           142.455
8           4           94.302



sc(j, m) - Setup costs for producing a lot of item j on machine m. The setup costs are period-independent.


1           1           29876.0
1           2           59752.0
1           3           14938.0
1           4           19917.333
2           1           29008.0
2           2           58016.0
2           3           14504.0
2           4           19338.667
3           1           31777.2
3           2           63554.4
3           3           15888.6
3           4           21184.8
4           1           35916.533
4           2           71833.067
4           3           17958.267
4           4           23944.356
5           1           17715.6
5           2           35431.2
5           3           8857.8
5           4           11810.4
6           1           24782.333
6           2           49564.667
6           3           12391.167
6           4           16521.556
7           1           27001.333
7           2           54002.667
7           3           13500.667
7           4           18000.889
8           1           15092.0
8           2           30184.0
8           3           7546.0
8           4           10061.333



bc(m) - Fixed investment cost for machine m.


1           5439.57892490579
2           9598.755315794007
3           1167.0265478927038
4           3273.801113820604



ca(m, t) - The available capacity of machine m in period t.


1           1           260.6144333333333
1           2           260.6144333333333
1           3           260.6144333333333
1           4           260.6144333333333
1           5           260.6144333333333
1           6           260.6144333333333
2           1           260.6144333333333
2           2           260.6144333333333
2           3           260.6144333333333
2           4           260.6144333333333
2           5           260.6144333333333
2           6           260.6144333333333
3           1           260.6144333333333
3           2           260.6144333333333
3           3           260.6144333333333
3           4           260.6144333333333
3           5           260.6144333333333
3           6           260.6144333333333
4           1           260.6144333333333
4           2           260.6144333333333
4           3           260.6144333333333
4           4           260.6144333333333
4           5           260.6144333333333
4           6           260.6144333333333



em(t) - The limits of carbon emissions in period t.


1           633.5714
2           633.5714
3           633.5714
4           633.5714
5           633.5714
6           633.5714
