Information for the currently-owned machines and the machines that may be purchased: if 1, the machine can be purchased, otherwise currently-owned.


1           0.0
2           0.0
3           1.0
4           0.0



item_machine_arc(j, m) - The relationship arc between item j and machine m, i.e., machine m is capable of producing item j if item_machine_arc(j, m) = 1.


1           1           0.0
1           2           0.0
1           3           0.0
1           4           1.0
2           1           1.0
2           2           1.0
2           3           1.0
2           4           1.0
3           1           1.0
3           2           1.0
3           3           1.0
3           4           1.0
4           1           1.0
4           2           1.0
4           3           0.0
4           4           0.0
5           1           1.0
5           2           1.0
5           3           1.0
5           4           1.0
6           1           1.0
6           2           0.0
6           3           0.0
6           4           0.0
7           1           1.0
7           2           0.0
7           3           0.0
7           4           0.0
8           1           0.0
8           2           0.0
8           3           0.0
8           4           1.0



d(j, t) - Gross demand for item j in period t.


1           1           38
1           2           40
1           3           49
1           4           37
1           5           44
1           6           42
2           1           34
2           2           47
2           3           41
2           4           35
2           5           46
2           6           36
3           1           34
3           2           50
3           3           30
3           4           33
3           5           49
3           6           37
4           1           30
4           2           31
4           3           40
4           4           43
4           5           39
4           6           39
5           1           37
5           2           38
5           3           47
5           4           35
5           5           34
5           6           43
6           1           32
6           2           49
6           3           41
6           4           34
6           5           43
6           6           46
7           1           45
7           2           39
7           3           49
7           4           40
7           5           37
7           6           49
8           1           43
8           2           43
8           3           38
8           4           43
8           5           37
8           6           39



pt(j, m) - Time required to produce one unit of item j on machine m. The production time is period-independent.


1           1           1.341
1           2           0.502
1           3           0.616
1           4           0.855
2           1           1.259
2           2           1.085
2           3           0.901
2           4           1.078
3           1           0.55
3           2           0.813
3           3           0.577
3           4           0.825
4           1           0.994
4           2           1.053
4           3           0.661
4           4           1.003
5           1           0.577
5           2           0.93
5           3           0.886
5           4           1.499
6           1           1.059
6           2           1.123
6           3           0.675
6           4           1.37
7           1           0.57
7           2           1.471
7           3           1.018
7           4           1.405
8           1           1.19
8           2           0.679
8           3           0.911
8           4           1.304



pc(j, m) - Variable costs of producing one unit of item j on machine m. The production cost is period-independent.


1           1           2.296
1           2           5.034
1           3           3.659
1           4           2.212
2           1           2.141
2           2           8.519
2           3           3.334
2           4           3.77
3           1           2.015
3           2           9.85
3           3           1.696
3           4           2.393
4           1           1.05
4           2           10.115
4           3           2.289
4           4           4.514
5           1           2.988
5           2           4.79
5           3           1.441
5           4           2.304
6           1           2.869
6           2           11.99
6           3           3.274
6           4           4.864
7           1           1.202
7           2           8.877
7           3           2.781
7           4           5.383
8           1           1.157
8           2           9.387
8           3           3.535
8           4           2.081



pe(j, m) - Production emission for producing one unit of item j on machine m. The production emission is period-independent.


1           1           4.094
1           2           0.46
1           3           1.988
1           4           0.63
2           1           4.203
2           2           0.716
2           3           1.971
2           4           1.304
3           1           3.057
3           2           1.249
3           3           3.422
3           4           1.769
4           1           4.59
4           2           1.203
4           3           2.98
4           4           1.317
5           1           1.223
5           2           0.376
5           3           0.847
5           4           1.711
6           1           3.071
6           2           0.815
6           3           2.546
6           4           2.132
7           1           1.411
7           2           0.296
7           3           2.808
7           4           0.843
8           1           4.071
8           2           0.593
8           3           2.056
8           4           2.049



hc(j) - Inventory-holding costs for one unit of item j for one period.


1           0.275
2           0.176
3           0.262
4           0.185
5           0.14
6           0.269
7           0.146
8           0.198



st(j, m) - Setup times for producing a lot of item j on machine m. The setup times are period-independent.


1           1           82.678
1           2           35.709
1           3           59.083
1           4           52.234
2           1           66.073
2           2           83.721
2           3           32.668
2           4           49.824
3           1           41.454
3           2           65.349
3           3           42.489
3           4           36.89
4           1           90.047
4           2           89.678
4           3           47.972
4           4           60.41
5           1           35.4
5           2           71.011
5           3           95.589
5           4           73.561
6           1           87.958
6           2           74.783
6           3           95.47
6           4           93.732
7           1           80.195
7           2           89.789
7           3           71.809
7           4           73.211
8           1           60.669
8           2           53.314
8           3           30.264
8           4           71.648



se(j, m) - Setup emission for producing a lot of item j on machine m. The setup emission are period-independent.


1           1           74.02
1           2           40.512
1           3           122.346
1           4           63.166
2           1           153.748
2           2           24.082
2           3           115.725
2           4           99.374
3           1           115.075
3           2           46.144
3           3           149.181
3           4           61.811
4           1           61.933
4           2           41.912
4           3           61.623
4           4           98.906
5           1           110.629
5           2           38.665
5           3           53.723
5           4           57.254
6           1           96.218
6           2           12.787
6           3           52.934
6           4           54.114
7           1           68.712
7           2           18.089
7           3           86.33
7           4           33.691
8           1           79.175
8           2           19.927
8           3           105.007
8           4           64.448



sc(j, m) - Setup costs for producing a lot of item j on machine m. The setup costs are period-independent.


1           1           17645.833
1           2           70583.333
1           3           23527.778
1           4           35291.667
2           1           10796.427
2           2           43185.707
2           3           14395.236
2           4           21592.853
3           1           15668.473
3           2           62673.893
3           3           20891.298
3           4           31336.947
4           1           10541.3
4           2           42165.2
4           3           14055.067
4           4           21082.6
5           1           8408.4
5           2           33633.6
5           3           11211.2
5           4           16816.8
6           1           16915.617
6           2           67662.467
6           3           22554.156
6           4           33831.233
7           1           9705.593
7           2           38822.373
7           3           12940.791
7           4           19411.187
8           1           12349.26
8           2           49397.04
8           3           16465.68
8           4           24698.52



bc(m) - Fixed investment cost for machine m.


1           3407.9609483999534
2           12255.541844577156
3           3243.1289732073865
4           9072.868630327637



ca(m, t) - The available capacity of machine m in period t.


1           1           297.5776863888889
1           2           297.5776863888889
1           3           297.5776863888889
1           4           297.5776863888889
1           5           297.5776863888889
1           6           297.5776863888889
2           1           297.5776863888889
2           2           297.5776863888889
2           3           297.5776863888889
2           4           297.5776863888889
2           5           297.5776863888889
2           6           297.5776863888889
3           1           297.5776863888889
3           2           297.5776863888889
3           3           297.5776863888889
3           4           297.5776863888889
3           5           297.5776863888889
3           6           297.5776863888889
4           1           297.5776863888889
4           2           297.5776863888889
4           3           297.5776863888889
4           4           297.5776863888889
4           5           297.5776863888889
4           6           297.5776863888889



em(t) - The limits of carbon emissions in period t.


1           1284.4318666666666
2           1284.4318666666666
3           1284.4318666666666
4           1284.4318666666666
5           1284.4318666666666
6           1284.4318666666666
