Information for the currently-owned machines and the machines that may be purchased: if 1, the machine can be purchased, otherwise currently-owned.


1           0.0
2           1.0
3           0.0
4           0.0



item_machine_arc(j, m) - The relationship arc between item j and machine m, i.e., machine m is capable of producing item j if item_machine_arc(j, m) = 1.


1           1           0.0
1           2           0.0
1           3           1.0
1           4           1.0
2           1           0.0
2           2           1.0
2           3           0.0
2           4           0.0
3           1           1.0
3           2           0.0
3           3           1.0
3           4           0.0
4           1           1.0
4           2           1.0
4           3           1.0
4           4           0.0
5           1           0.0
5           2           1.0
5           3           1.0
5           4           0.0
6           1           1.0
6           2           0.0
6           3           0.0
6           4           0.0
7           1           0.0
7           2           0.0
7           3           1.0
7           4           1.0
8           1           0.0
8           2           0.0
8           3           0.0
8           4           1.0



d(j, t) - Gross demand for item j in period t.


1           1           49
1           2           39
1           3           36
1           4           48
1           5           43
1           6           38
2           1           35
2           2           37
2           3           32
2           4           46
2           5           30
2           6           34
3           1           38
3           2           38
3           3           30
3           4           44
3           5           36
3           6           34
4           1           50
4           2           42
4           3           45
4           4           30
4           5           42
4           6           35
5           1           35
5           2           42
5           3           49
5           4           38
5           5           34
5           6           41
6           1           44
6           2           43
6           3           45
6           4           45
6           5           36
6           6           31
7           1           42
7           2           34
7           3           48
7           4           34
7           5           38
7           6           41
8           1           47
8           2           30
8           3           44
8           4           46
8           5           40
8           6           49



pt(j, m) - Time required to produce one unit of item j on machine m. The production time is period-independent.


1           1           0.637
1           2           0.542
1           3           0.921
1           4           0.817
2           1           0.511
2           2           1.12
2           3           1.221
2           4           0.635
3           1           0.537
3           2           0.951
3           3           1.068
3           4           1.145
4           1           0.827
4           2           1.398
4           3           0.623
4           4           0.926
5           1           0.895
5           2           0.741
5           3           0.873
5           4           0.95
6           1           1.327
6           2           1.344
6           3           1.139
6           4           1.275
7           1           0.639
7           2           0.575
7           3           0.619
7           4           1.043
8           1           0.957
8           2           0.601
8           3           1.027
8           4           0.788



pc(j, m) - Variable costs of producing one unit of item j on machine m. The production cost is period-independent.


1           1           11.109
1           2           2.806
1           3           2.828
1           4           3.198
2           1           4.489
2           2           5.131
2           3           1.138
2           4           3.577
3           1           4.645
3           2           2.457
3           3           1.702
3           4           3.902
4           1           5.573
4           2           3.163
4           3           1.518
4           4           2.944
5           1           4.228
5           2           4.854
5           3           2.318
5           4           2.452
6           1           4.085
6           2           3.235
6           3           1.198
6           4           2.085
7           1           4.245
7           2           4.178
7           3           2.392
7           4           3.117
8           1           5.153
8           2           5.711
8           3           2.528
8           4           3.026



pe(j, m) - Production emission for producing one unit of item j on machine m. The production emission is period-independent.


1           1           0.137
1           2           0.423
1           3           0.979
1           4           0.572
2           1           0.118
2           2           0.49
2           3           0.953
2           4           0.222
3           1           0.195
3           2           0.17
3           3           0.482
3           4           0.612
4           1           0.081
4           2           0.456
4           3           0.844
4           4           0.479
5           1           0.073
5           2           0.108
5           3           0.767
5           4           0.545
6           1           0.177
6           2           0.254
6           3           0.805
6           4           0.686
7           1           0.091
7           2           0.163
7           3           0.827
7           4           0.634
8           1           0.183
8           2           0.149
8           3           0.642
8           4           0.437



hc(j) - Inventory-holding costs for one unit of item j for one period.


1           0.233
2           0.225
3           0.13
4           0.157
5           0.262
6           0.157
7           0.216
8           0.109



st(j, m) - Setup times for producing a lot of item j on machine m. The setup times are period-independent.


1           1           7.602
1           2           9.733
1           3           18.055
1           4           14.672
2           1           7.452
2           2           19.464
2           3           18.949
2           4           13.932
3           1           19.573
3           2           5.542
3           3           13.9
3           4           8.099
4           1           18.067
4           2           10.894
4           3           15.467
4           4           19.063
5           1           13.791
5           2           18.027
5           3           19.62
5           4           9.165
6           1           13.857
6           2           10.968
6           3           8.471
6           4           15.188
7           1           8.005
7           2           18.398
7           3           6.959
7           4           18.552
8           1           11.12
8           2           5.024
8           3           7.81
8           4           7.927



se(j, m) - Setup emission for producing a lot of item j on machine m. The setup emission are period-independent.


1           1           4.24
1           2           5.795
1           3           28.631
1           4           14.744
2           1           6.527
2           2           17.43
2           3           23.691
2           4           8.37
3           1           3.8
3           2           18.319
3           3           22.284
3           4           27.07
4           1           6.105
4           2           17.266
4           3           37.186
4           4           19.111
5           1           2.894
5           2           17.828
5           3           19.776
5           4           13.116
6           1           8.591
6           2           17.081
6           3           31.241
6           4           10.915
7           1           3.406
7           2           13.436
7           3           31.779
7           4           18.021
8           1           5.08
8           2           14.696
8           3           15.321
8           4           29.17



sc(j, m) - Setup costs for producing a lot of item j on machine m. The setup costs are period-independent.


1           1           60520.973
1           2           30260.487
1           3           15130.243
1           4           20173.658
2           1           49434.0
2           2           24717.0
2           3           12358.5
2           4           16478.0
3           1           29362.667
3           2           14681.333
3           3           7340.667
3           4           9787.556
4           1           39329.547
4           2           19664.773
4           3           9832.387
4           4           13109.849
5           1           64287.813
5           2           32143.907
5           3           16071.953
5           4           21429.271
6           1           39329.547
6           2           19664.773
6           3           9832.387
6           4           13109.849
7           1           52557.12
7           2           26278.56
7           3           13139.28
7           4           17519.04
8           1           28648.107
8           2           14324.053
8           3           7162.027
8           4           9549.369



bc(m) - Fixed investment cost for machine m.


1           1516.4790603585488
2           9982.48054552169
3           4130.245428274765
4           2122.929257446359



ca(m, t) - The available capacity of machine m in period t.


1           1           166.85428148148148
1           2           166.85428148148148
1           3           166.85428148148148
1           4           166.85428148148148
1           5           166.85428148148148
1           6           166.85428148148148
2           1           166.85428148148148
2           2           166.85428148148148
2           3           166.85428148148148
2           4           166.85428148148148
2           5           166.85428148148148
2           6           166.85428148148148
3           1           166.85428148148148
3           2           166.85428148148148
3           3           166.85428148148148
3           4           166.85428148148148
3           5           166.85428148148148
3           6           166.85428148148148
4           1           166.85428148148148
4           2           166.85428148148148
4           3           166.85428148148148
4           4           166.85428148148148
4           5           166.85428148148148
4           6           166.85428148148148



em(t) - The limits of carbon emissions in period t.


1           354.72060555555555
2           354.72060555555555
3           354.72060555555555
4           354.72060555555555
5           354.72060555555555
6           354.72060555555555
