Information for the currently-owned machines and the machines that may be purchased: if 1, the machine can be purchased, otherwise currently-owned.


1           0.0
2           0.0
3           1.0
4           0.0



item_machine_arc(j, m) - The relationship arc between item j and machine m, i.e., machine m is capable of producing item j if item_machine_arc(j, m) = 1.


1           1           1.0
1           2           0.0
1           3           0.0
1           4           1.0
2           1           0.0
2           2           1.0
2           3           0.0
2           4           0.0
3           1           1.0
3           2           1.0
3           3           0.0
3           4           0.0
4           1           1.0
4           2           1.0
4           3           1.0
4           4           1.0
5           1           1.0
5           2           0.0
5           3           1.0
5           4           0.0
6           1           1.0
6           2           1.0
6           3           1.0
6           4           1.0
7           1           1.0
7           2           1.0
7           3           1.0
7           4           1.0
8           1           1.0
8           2           1.0
8           3           1.0
8           4           1.0



d(j, t) - Gross demand for item j in period t.


1           1           31
1           2           39
1           3           35
1           4           50
1           5           45
1           6           37
2           1           40
2           2           45
2           3           50
2           4           45
2           5           48
2           6           49
3           1           45
3           2           34
3           3           45
3           4           46
3           5           31
3           6           46
4           1           35
4           2           38
4           3           41
4           4           45
4           5           37
4           6           49
5           1           36
5           2           33
5           3           38
5           4           48
5           5           35
5           6           48
6           1           38
6           2           40
6           3           34
6           4           36
6           5           46
6           6           32
7           1           42
7           2           30
7           3           42
7           4           46
7           5           39
7           6           38
8           1           33
8           2           36
8           3           36
8           4           50
8           5           37
8           6           42



pt(j, m) - Time required to produce one unit of item j on machine m. The production time is period-independent.


1           1           1.149
1           2           1.099
1           3           0.569
1           4           1.473
2           1           0.866
2           2           1.35
2           3           1.223
2           4           0.501
3           1           1.118
3           2           1.347
3           3           1.327
3           4           0.892
4           1           1.005
4           2           0.797
4           3           1.229
4           4           0.655
5           1           1.054
5           2           1.435
5           3           1.216
5           4           0.778
6           1           1.252
6           2           1.455
6           3           1.352
6           4           1.126
7           1           0.754
7           2           1.403
7           3           0.599
7           4           1.261
8           1           1.497
8           2           0.977
8           3           1.028
8           4           0.779



pc(j, m) - Variable costs of producing one unit of item j on machine m. The production cost is period-independent.


1           1           9.622
1           2           1.803
1           3           3.941
1           4           1.851
2           1           10.688
2           2           1.654
2           3           5.222
2           4           1.949
3           1           10.932
3           2           2.384
3           3           3.966
3           4           2.726
4           1           6.311
4           2           1.005
4           3           2.666
4           4           3.567
5           1           10.05
5           2           1.073
5           3           4.341
5           4           2.287
6           1           6.366
6           2           1.84
6           3           5.072
6           4           1.596
7           1           7.563
7           2           2.933
7           3           5.86
7           4           2.407
8           1           4.712
8           2           1.856
8           3           3.666
8           4           2.789



pe(j, m) - Production emission for producing one unit of item j on machine m. The production emission is period-independent.


1           1           0.159
1           2           0.789
1           3           0.249
1           4           0.709
2           1           0.143
2           2           0.978
2           3           0.363
2           4           0.53
3           1           0.128
3           2           0.21
3           3           0.425
3           4           0.591
4           1           0.176
4           2           0.293
4           3           0.109
4           4           0.623
5           1           0.24
5           2           0.313
5           3           0.251
5           4           0.69
6           1           0.214
6           2           0.727
6           3           0.141
6           4           0.472
7           1           0.159
7           2           0.634
7           3           0.249
7           4           0.278
8           1           0.218
8           2           0.512
8           3           0.372
8           4           0.335



hc(j) - Inventory-holding costs for one unit of item j for one period.


1           0.116
2           0.149
3           0.108
4           0.132
5           0.264
6           0.12
7           0.112
8           0.164



st(j, m) - Setup times for producing a lot of item j on machine m. The setup times are period-independent.


1           1           9.981
1           2           17.143
1           3           7.004
1           4           15.048
2           1           17.021
2           2           13.993
2           3           17.691
2           4           15.977
3           1           16.848
3           2           16.793
3           3           10.572
3           4           6.136
4           1           16.685
4           2           14.479
4           3           7.203
4           4           13.172
5           1           11.519
5           2           16.828
5           3           13.816
5           4           10.669
6           1           13.585
6           2           15.8
6           3           11.447
6           4           9.581
7           1           11.867
7           2           19.727
7           3           18.632
7           4           13.2
8           1           9.173
8           2           7.677
8           3           13.294
8           4           15.877



se(j, m) - Setup emission for producing a lot of item j on machine m. The setup emission are period-independent.


1           1           6.895
1           2           23.237
1           3           14.618
1           4           20.329
2           1           3.3
2           2           32.236
2           3           16.943
2           4           24.466
3           1           6.189
3           2           20.514
3           3           13.107
3           4           27.655
4           1           7.714
4           2           14.67
4           3           9.379
4           4           20.867
5           1           5.849
5           2           21.369
5           3           7.576
5           4           27.785
6           1           8.489
6           2           38.4
6           3           11.864
6           4           15.616
7           1           4.86
7           2           24.821
7           3           16.81
7           4           13.644
8           1           5.664
8           2           36.153
8           3           18.155
8           4           13.457



sc(j, m) - Setup costs for producing a lot of item j on machine m. The setup costs are period-independent.


1           1           28225.12
1           2           7056.28
1           3           14112.56
1           4           9408.373
2           1           42373.613
2           2           10593.403
2           3           21186.807
2           4           14124.538
3           1           27387.36
3           2           6846.84
3           3           13693.68
3           4           9129.12
4           1           33202.4
4           2           8300.6
4           3           16601.2
4           4           11067.467
5           1           64507.52
5           2           16126.88
5           3           32253.76
5           4           21502.507
6           1           27843.2
6           2           6960.8
6           3           13921.6
6           4           9281.067
7           1           27251.84
7           2           6812.96
7           3           13625.92
7           4           9083.947
8           1           39399.36
8           2           9849.84
8           3           19699.68
8           4           13133.12



bc(m) - Fixed investment cost for machine m.


1           5207.3451944157005
2           652.081443212868
3           5813.115687521636
4           3820.4965642860598



ca(m, t) - The available capacity of machine m in period t.


1           1           221.8383688888889
1           2           221.8383688888889
1           3           221.8383688888889
1           4           221.8383688888889
1           5           221.8383688888889
1           6           221.8383688888889
2           1           221.8383688888889
2           2           221.8383688888889
2           3           221.8383688888889
2           4           221.8383688888889
2           5           221.8383688888889
2           6           221.8383688888889
3           1           221.8383688888889
3           2           221.8383688888889
3           3           221.8383688888889
3           4           221.8383688888889
3           5           221.8383688888889
3           6           221.8383688888889
4           1           221.8383688888889
4           2           221.8383688888889
4           3           221.8383688888889
4           4           221.8383688888889
4           5           221.8383688888889
4           6           221.8383688888889



em(t) - The limits of carbon emissions in period t.


1           305.6209566666666
2           305.6209566666666
3           305.6209566666666
4           305.6209566666666
5           305.6209566666666
6           305.6209566666666
