Information for the currently-owned machines and the machines that may be purchased: if 1, the machine can be purchased, otherwise currently-owned.


1           0.0
2           1.0
3           0.0
4           0.0



item_machine_arc(j, m) - The relationship arc between item j and machine m, i.e., machine m is capable of producing item j if item_machine_arc(j, m) = 1.


1           1           1.0
1           2           1.0
1           3           1.0
1           4           1.0
2           1           1.0
2           2           0.0
2           3           1.0
2           4           1.0
3           1           0.0
3           2           0.0
3           3           1.0
3           4           0.0
4           1           1.0
4           2           1.0
4           3           1.0
4           4           1.0
5           1           1.0
5           2           0.0
5           3           0.0
5           4           0.0
6           1           1.0
6           2           0.0
6           3           1.0
6           4           0.0
7           1           1.0
7           2           0.0
7           3           1.0
7           4           1.0
8           1           1.0
8           2           1.0
8           3           1.0
8           4           0.0



d(j, t) - Gross demand for item j in period t.


1           1           41
1           2           48
1           3           47
1           4           31
1           5           49
1           6           34
2           1           50
2           2           36
2           3           40
2           4           44
2           5           37
2           6           48
3           1           48
3           2           38
3           3           39
3           4           34
3           5           44
3           6           35
4           1           41
4           2           44
4           3           47
4           4           36
4           5           41
4           6           40
5           1           50
5           2           39
5           3           41
5           4           50
5           5           40
5           6           49
6           1           41
6           2           44
6           3           38
6           4           34
6           5           39
6           6           46
7           1           31
7           2           38
7           3           44
7           4           32
7           5           43
7           6           50
8           1           39
8           2           39
8           3           48
8           4           32
8           5           40
8           6           41



pt(j, m) - Time required to produce one unit of item j on machine m. The production time is period-independent.


1           1           1.307
1           2           0.834
1           3           1.111
1           4           0.906
2           1           1.164
2           2           0.583
2           3           0.828
2           4           0.553
3           1           1.363
3           2           1.408
3           3           0.562
3           4           1.211
4           1           0.711
4           2           0.793
4           3           1.228
4           4           0.59
5           1           0.837
5           2           0.856
5           3           1.053
5           4           0.701
6           1           0.723
6           2           1.06
6           3           0.723
6           4           1.214
7           1           0.566
7           2           1.444
7           3           0.544
7           4           1.281
8           1           0.664
8           2           0.956
8           3           1.187
8           4           0.62



pc(j, m) - Variable costs of producing one unit of item j on machine m. The production cost is period-independent.


1           1           9.734
1           2           5.863
1           3           2.586
1           4           3.513
2           1           10.13
2           2           4.667
2           3           2.443
2           4           3.556
3           1           8.417
3           2           4.577
3           3           1.64
3           4           3.287
4           1           7.11
4           2           4.046
4           3           2.158
4           4           3.301
5           1           8.339
5           2           5.792
5           3           2.946
5           4           2.885
6           1           7.511
6           2           3.293
6           3           2.822
6           4           3.111
7           1           5.484
7           2           4.073
7           3           1.028
7           4           1.426
8           1           4.472
8           2           3.86
8           3           1.306
8           4           2.486



pe(j, m) - Production emission for producing one unit of item j on machine m. The production emission is period-independent.


1           1           1.169
1           2           1.458
1           3           1.654
1           4           3.295
2           1           0.451
2           2           1.399
2           3           1.639
2           4           1.494
3           1           0.646
3           2           1.331
3           3           2.193
3           4           2.596
4           1           0.495
4           2           1.711
4           3           1.24
4           4           0.875
5           1           0.535
5           2           1.949
5           3           1.605
5           4           3.469
6           1           0.659
6           2           1.569
6           3           1.527
6           4           2.198
7           1           0.969
7           2           1.857
7           3           4.508
7           4           2.661
8           1           0.489
8           2           1.312
8           3           4.081
8           4           1.659



hc(j) - Inventory-holding costs for one unit of item j for one period.


1           0.157
2           0.28
3           0.265
4           0.282
5           0.1
6           0.19
7           0.174
8           0.208



st(j, m) - Setup times for producing a lot of item j on machine m. The setup times are period-independent.


1           1           56.845
1           2           75.722
1           3           38.516
1           4           78.365
2           1           43.766
2           2           28.232
2           3           66.309
2           4           59.413
3           1           99.001
3           2           79.703
3           3           48.149
3           4           72.001
4           1           76.034
4           2           59.759
4           3           80.296
4           4           39.835
5           1           65.097
5           2           33.642
5           3           39.634
5           4           72.787
6           1           49.509
6           2           83.828
6           3           51.789
6           4           89.859
7           1           39.966
7           2           30.488
7           3           56.975
7           4           60.82
8           1           73.17
8           2           48.369
8           3           44.731
8           4           38.751



se(j, m) - Setup emission for producing a lot of item j on machine m. The setup emission are period-independent.


1           1           4.001
1           2           5.235
1           3           29.346
1           4           12.285
2           1           5.079
2           2           17.537
2           3           25.258
2           4           24.152
3           1           6.282
3           2           13.613
3           3           26.286
3           4           7.932
4           1           6.612
4           2           10.616
4           3           22.54
4           4           25.977
5           1           6.844
5           2           19.616
5           3           13.46
5           4           14.933
6           1           9.68
6           2           17.104
6           3           26.661
6           4           17.961
7           1           7.492
7           2           10.898
7           3           27.383
7           4           22.154
8           1           6.704
8           2           17.275
8           3           27.049
8           4           22.079



sc(j, m) - Setup costs for producing a lot of item j on machine m. The setup costs are period-independent.


1           1           36633.333
1           2           18316.667
1           3           9158.333
1           4           12211.111
2           1           66640.0
2           2           33320.0
2           3           16660.0
2           4           22213.333
3           1           58865.333
3           2           29432.667
3           3           14716.333
3           4           19621.778
4           1           65536.8
4           2           32768.4
4           3           16384.2
4           4           21845.6
5           1           25106.667
5           2           12553.333
5           3           6276.667
5           4           8368.889
6           1           42914.667
6           2           21457.333
6           3           10728.667
6           4           14304.889
7           1           38651.2
7           2           19325.6
7           3           9662.8
7           4           12883.733
8           1           46397.867
8           2           23198.933
8           3           11599.467
8           4           15465.956



bc(m) - Fixed investment cost for machine m.


1           529.7331078572242
2           3457.158867222513
3           3938.16004156555
4           2999.59936429452



ca(m, t) - The available capacity of machine m in period t.


1           1           256.1886535185185
1           2           256.1886535185185
1           3           256.1886535185185
1           4           256.1886535185185
1           5           256.1886535185185
1           6           256.1886535185185
2           1           256.1886535185185
2           2           256.1886535185185
2           3           256.1886535185185
2           4           256.1886535185185
2           5           256.1886535185185
2           6           256.1886535185185
3           1           256.1886535185185
3           2           256.1886535185185
3           3           256.1886535185185
3           4           256.1886535185185
3           5           256.1886535185185
3           6           256.1886535185185
4           1           256.1886535185185
4           2           256.1886535185185
4           3           256.1886535185185
4           4           256.1886535185185
4           5           256.1886535185185
4           6           256.1886535185185



em(t) - The limits of carbon emissions in period t.


1           815.6394749999998
2           815.6394749999998
3           815.6394749999998
4           815.6394749999998
5           815.6394749999998
6           815.6394749999998
