Information for the currently-owned machines and the machines that may be purchased: if 1, the machine can be purchased, otherwise currently-owned.


1           0.0
2           1.0
3           0.0
4           0.0



item_machine_arc(j, m) - The relationship arc between item j and machine m, i.e., machine m is capable of producing item j if item_machine_arc(j, m) = 1.


1           1           1.0
1           2           0.0
1           3           0.0
1           4           1.0
2           1           1.0
2           2           0.0
2           3           0.0
2           4           0.0
3           1           0.0
3           2           0.0
3           3           1.0
3           4           0.0
4           1           1.0
4           2           1.0
4           3           1.0
4           4           1.0
5           1           1.0
5           2           1.0
5           3           0.0
5           4           0.0
6           1           1.0
6           2           1.0
6           3           1.0
6           4           1.0
7           1           1.0
7           2           1.0
7           3           1.0
7           4           1.0
8           1           0.0
8           2           1.0
8           3           0.0
8           4           0.0



d(j, t) - Gross demand for item j in period t.


1           1           48
1           2           30
1           3           44
1           4           36
1           5           47
1           6           41
2           1           43
2           2           46
2           3           31
2           4           42
2           5           46
2           6           33
3           1           39
3           2           46
3           3           34
3           4           31
3           5           44
3           6           43
4           1           48
4           2           35
4           3           49
4           4           36
4           5           41
4           6           47
5           1           48
5           2           30
5           3           35
5           4           44
5           5           49
5           6           34
6           1           43
6           2           31
6           3           50
6           4           41
6           5           39
6           6           50
7           1           30
7           2           38
7           3           32
7           4           30
7           5           30
7           6           44
8           1           37
8           2           50
8           3           46
8           4           37
8           5           36
8           6           37



pt(j, m) - Time required to produce one unit of item j on machine m. The production time is period-independent.


1           1           0.747
1           2           1.221
1           3           0.944
1           4           0.971
2           1           0.625
2           2           1.311
2           3           0.666
2           4           0.904
3           1           0.94
3           2           1.325
3           3           1.25
3           4           0.576
4           1           1.109
4           2           1.245
4           3           0.737
4           4           1.073
5           1           0.995
5           2           0.548
5           3           0.612
5           4           1.055
6           1           0.757
6           2           0.745
6           3           1.368
6           4           0.822
7           1           1.459
7           2           0.605
7           3           0.885
7           4           0.952
8           1           1.232
8           2           1.218
8           3           1.256
8           4           0.533



pc(j, m) - Variable costs of producing one unit of item j on machine m. The production cost is period-independent.


1           1           3.948
1           2           1.237
1           3           7.882
1           4           3.161
2           1           3.862
2           2           2.628
2           3           4.633
2           4           2.114
3           1           5.164
3           2           1.673
3           3           4.727
3           4           3.493
4           1           2.387
4           2           2.72
4           3           10.523
4           4           3.934
5           1           4.849
5           2           1.999
5           3           5.359
5           4           1.922
6           1           2.515
6           2           2.321
6           3           10.639
6           4           1.741
7           1           5.777
7           2           1.058
7           3           7.462
7           4           3.092
8           1           4.905
8           2           1.349
8           3           6.9
8           4           2.985



pe(j, m) - Production emission for producing one unit of item j on machine m. The production emission is period-independent.


1           1           0.134
1           2           0.209
1           3           0.143
1           4           0.584
2           1           0.389
2           2           0.409
2           3           0.24
2           4           0.158
3           1           0.355
3           2           0.387
3           3           0.056
3           4           0.236
4           1           0.364
4           2           0.272
4           3           0.081
4           4           0.227
5           1           0.336
5           2           0.847
5           3           0.187
5           4           0.629
6           1           0.338
6           2           0.907
6           3           0.06
6           4           0.285
7           1           0.402
7           2           0.403
7           3           0.073
7           4           0.373
8           1           0.46
8           2           0.932
8           3           0.187
8           4           0.739



hc(j) - Inventory-holding costs for one unit of item j for one period.


1           0.292
2           0.222
3           0.228
4           0.259
5           0.282
6           0.222
7           0.184
8           0.113



st(j, m) - Setup times for producing a lot of item j on machine m. The setup times are period-independent.


1           1           73.021
1           2           71.389
1           3           88.969
1           4           89.218
2           1           45.856
2           2           47.598
2           3           66.058
2           4           57.586
3           1           85.825
3           2           50.965
3           3           87.19
3           4           61.16
4           1           94.904
4           2           58.847
4           3           58.408
4           4           70.333
5           1           31.36
5           2           94.73
5           3           85.691
5           4           33.022
6           1           48.27
6           2           77.0
6           3           39.11
6           4           44.539
7           1           75.02
7           2           61.086
7           3           55.521
7           4           33.775
8           1           60.752
8           2           26.09
8           3           77.296
8           4           54.631



se(j, m) - Setup emission for producing a lot of item j on machine m. The setup emission are period-independent.


1           1           19.628
1           2           36.619
1           3           2.974
1           4           13.11
2           1           18.483
2           2           13.292
2           3           5.701
2           4           8.414
3           1           17.605
3           2           26.669
3           3           9.452
3           4           28.353
4           1           17.152
4           2           12.334
4           3           4.186
4           4           29.868
5           1           7.977
5           2           15.582
5           3           5.282
5           4           10.616
6           1           12.177
6           2           13.618
6           3           7.552
6           4           19.848
7           1           5.278
7           2           15.442
7           3           5.858
7           4           16.485
8           1           18.004
8           2           16.375
8           3           5.55
8           4           8.263



sc(j, m) - Setup costs for producing a lot of item j on machine m. The setup costs are period-independent.


1           1           36873.76
1           2           18436.88
1           3           73747.52
1           4           24582.507
2           1           27464.36
2           2           13732.18
2           3           54928.72
2           4           18309.573
3           1           27738.48
3           2           13869.24
3           3           55476.96
3           4           18492.32
4           1           34036.053
4           2           17018.027
4           3           68072.107
4           4           22690.702
5           1           34742.4
5           2           17371.2
5           3           69484.8
5           4           23161.6
6           1           28945.84
6           2           14472.92
6           3           57891.68
6           4           19297.227
7           1           19268.48
7           2           9634.24
7           3           38536.96
7           4           12845.653
8           1           14095.62
8           2           7047.81
8           3           28191.24
8           4           9397.08



bc(m) - Fixed investment cost for machine m.


1           4195.472772618358
2           252.01467049384974
3           12385.657095794446
4           4628.748462742584



ca(m, t) - The available capacity of machine m in period t.


1           1           255.63403055555554
1           2           255.63403055555554
1           3           255.63403055555554
1           4           255.63403055555554
1           5           255.63403055555554
1           6           255.63403055555554
2           1           255.63403055555554
2           2           255.63403055555554
2           3           255.63403055555554
2           4           255.63403055555554
2           5           255.63403055555554
2           6           255.63403055555554
3           1           255.63403055555554
3           2           255.63403055555554
3           3           255.63403055555554
3           4           255.63403055555554
3           5           255.63403055555554
3           6           255.63403055555554
4           1           255.63403055555554
4           2           255.63403055555554
4           3           255.63403055555554
4           4           255.63403055555554
4           5           255.63403055555554
4           6           255.63403055555554



em(t) - The limits of carbon emissions in period t.


1           262.7746333333334
2           262.7746333333334
3           262.7746333333334
4           262.7746333333334
5           262.7746333333334
6           262.7746333333334
