Information for the currently-owned machines and the machines that may be purchased: if 1, the machine can be purchased, otherwise currently-owned.


1           0.0
2           0.0
3           0.0
4           1.0



item_machine_arc(j, m) - The relationship arc between item j and machine m, i.e., machine m is capable of producing item j if item_machine_arc(j, m) = 1.


1           1           0.0
1           2           0.0
1           3           1.0
1           4           0.0
2           1           1.0
2           2           1.0
2           3           1.0
2           4           0.0
3           1           1.0
3           2           0.0
3           3           1.0
3           4           1.0
4           1           1.0
4           2           1.0
4           3           1.0
4           4           1.0
5           1           1.0
5           2           1.0
5           3           1.0
5           4           0.0
6           1           1.0
6           2           1.0
6           3           1.0
6           4           0.0
7           1           0.0
7           2           1.0
7           3           0.0
7           4           1.0
8           1           1.0
8           2           1.0
8           3           0.0
8           4           1.0



d(j, t) - Gross demand for item j in period t.


1           1           37
1           2           32
1           3           44
1           4           45
1           5           42
1           6           48
2           1           45
2           2           38
2           3           32
2           4           39
2           5           40
2           6           31
3           1           46
3           2           30
3           3           47
3           4           48
3           5           34
3           6           48
4           1           34
4           2           30
4           3           38
4           4           47
4           5           35
4           6           39
5           1           50
5           2           30
5           3           36
5           4           49
5           5           47
5           6           49
6           1           47
6           2           45
6           3           43
6           4           44
6           5           46
6           6           32
7           1           43
7           2           38
7           3           38
7           4           46
7           5           30
7           6           47
8           1           41
8           2           42
8           3           48
8           4           48
8           5           42
8           6           46



pt(j, m) - Time required to produce one unit of item j on machine m. The production time is period-independent.


1           1           0.618
1           2           1.223
1           3           1.155
1           4           1.156
2           1           0.636
2           2           1.149
2           3           1.344
2           4           0.656
3           1           0.958
3           2           1.296
3           3           1.403
3           4           1.126
4           1           1.454
4           2           0.549
4           3           0.717
4           4           0.799
5           1           1.11
5           2           1.312
5           3           1.396
5           4           1.077
6           1           1.382
6           2           0.663
6           3           1.038
6           4           0.513
7           1           1.43
7           2           1.113
7           3           1.474
7           4           0.992
8           1           0.568
8           2           1.441
8           3           0.898
8           4           1.196



pc(j, m) - Variable costs of producing one unit of item j on machine m. The production cost is period-independent.


1           1           3.98
1           2           2.935
1           3           5.301
1           4           2.621
2           1           3.741
2           2           1.455
2           3           10.115
2           4           3.563
3           1           5.798
3           2           1.569
3           3           9.228
3           4           3.812
4           1           3.72
4           2           2.533
4           3           5.328
4           4           2.621
5           1           4.936
5           2           1.928
5           3           7.973
5           4           2.116
6           1           2.918
6           2           1.098
6           3           9.951
6           4           2.169
7           1           4.061
7           2           1.267
7           3           5.257
7           4           3.606
8           1           5.216
8           2           1.143
8           3           10.136
8           4           3.087



pe(j, m) - Production emission for producing one unit of item j on machine m. The production emission is period-independent.


1           1           0.482
1           2           0.949
1           3           0.187
1           4           0.595
2           1           0.312
2           2           0.246
2           3           0.197
2           4           0.267
3           1           0.3
3           2           0.629
3           3           0.145
3           4           0.269
4           1           0.469
4           2           0.46
4           3           0.092
4           4           0.708
5           1           0.231
5           2           0.452
5           3           0.18
5           4           0.158
6           1           0.432
6           2           0.812
6           3           0.215
6           4           0.665
7           1           0.342
7           2           0.408
7           3           0.196
7           4           0.729
8           1           0.285
8           2           0.403
8           3           0.148
8           4           0.554



hc(j) - Inventory-holding costs for one unit of item j for one period.


1           0.204
2           0.221
3           0.172
4           0.265
5           0.154
6           0.231
7           0.173
8           0.242



st(j, m) - Setup times for producing a lot of item j on machine m. The setup times are period-independent.


1           1           92.407
1           2           95.084
1           3           41.592
1           4           67.776
2           1           54.694
2           2           63.496
2           3           83.517
2           4           99.287
3           1           61.488
3           2           27.824
3           3           88.974
3           4           38.306
4           1           49.633
4           2           39.703
4           3           61.977
4           4           63.896
5           1           43.549
5           2           96.348
5           3           82.731
5           4           77.432
6           1           39.167
6           2           86.359
6           3           32.271
6           4           83.923
7           1           66.302
7           2           27.903
7           3           85.079
7           4           64.478
8           1           73.536
8           2           33.784
8           3           53.686
8           4           62.099



se(j, m) - Setup emission for producing a lot of item j on machine m. The setup emission are period-independent.


1           1           85.788
1           2           198.061
1           3           47.518
1           4           69.778
2           1           75.967
2           2           141.784
2           3           46.238
2           4           119.323
3           1           36.256
3           2           55.017
3           3           25.55
3           4           56.365
4           1           60.554
4           2           77.169
4           3           32.144
4           4           66.849
5           1           66.218
5           2           153.48
5           3           42.38
5           4           121.039
6           1           50.841
6           2           158.559
6           3           43.61
6           4           39.591
7           1           33.525
7           2           79.906
7           3           34.071
7           4           109.868
8           1           85.303
8           2           60.831
8           3           20.644
8           4           95.515



sc(j, m) - Setup costs for producing a lot of item j on machine m. The setup costs are period-independent.


1           1           25970.56
1           2           12985.28
1           3           51941.12
1           4           17313.707
2           1           25525.5
2           2           12762.75
2           3           51051.0
2           4           17017.0
3           1           22338.213
3           2           11169.107
3           3           44676.427
3           4           14892.142
4           1           30335.433
4           2           15167.717
4           3           60670.867
4           4           20223.622
5           1           20632.92
5           2           10316.46
5           3           41265.84
5           4           13755.28
6           1           30475.06
6           2           15237.53
6           3           60950.12
6           4           20316.707
7           1           21491.213
7           2           10745.607
7           3           42982.427
7           4           14327.476
8           1           33168.52
8           2           16584.26
8           3           66337.04
8           4           22112.347



bc(m) - Fixed investment cost for machine m.


1           693.5829341437893
2           529.1455919800303
3           14271.695454565639
4           6568.326884184387



ca(m, t) - The available capacity of machine m in period t.


1           1           300.528362037037
1           2           300.528362037037
1           3           300.528362037037
1           4           300.528362037037
1           5           300.528362037037
1           6           300.528362037037
2           1           300.528362037037
2           2           300.528362037037
2           3           300.528362037037
2           4           300.528362037037
2           5           300.528362037037
2           6           300.528362037037
3           1           300.528362037037
3           2           300.528362037037
3           3           300.528362037037
3           4           300.528362037037
3           5           300.528362037037
3           6           300.528362037037
4           1           300.528362037037
4           2           300.528362037037
4           3           300.528362037037
4           4           300.528362037037
4           5           300.528362037037
4           6           300.528362037037



em(t) - The limits of carbon emissions in period t.


1           629.2027836111112
2           629.2027836111112
3           629.2027836111112
4           629.2027836111112
5           629.2027836111112
6           629.2027836111112
