Information for the currently-owned machines and the machines that may be purchased: if 1, the machine can be purchased, otherwise currently-owned.


1           1.0
2           0.0
3           0.0
4           0.0



item_machine_arc(j, m) - The relationship arc between item j and machine m, i.e., machine m is capable of producing item j if item_machine_arc(j, m) = 1.


1           1           0.0
1           2           0.0
1           3           0.0
1           4           1.0
2           1           1.0
2           2           1.0
2           3           1.0
2           4           1.0
3           1           1.0
3           2           1.0
3           3           1.0
3           4           1.0
4           1           1.0
4           2           0.0
4           3           1.0
4           4           0.0
5           1           0.0
5           2           1.0
5           3           0.0
5           4           1.0
6           1           0.0
6           2           0.0
6           3           1.0
6           4           0.0
7           1           1.0
7           2           1.0
7           3           1.0
7           4           1.0
8           1           1.0
8           2           1.0
8           3           0.0
8           4           0.0



d(j, t) - Gross demand for item j in period t.


1           1           47
1           2           42
1           3           31
1           4           37
1           5           38
1           6           43
2           1           40
2           2           45
2           3           41
2           4           47
2           5           38
2           6           30
3           1           48
3           2           34
3           3           50
3           4           31
3           5           47
3           6           45
4           1           30
4           2           47
4           3           48
4           4           46
4           5           41
4           6           35
5           1           34
5           2           38
5           3           43
5           4           41
5           5           48
5           6           39
6           1           39
6           2           33
6           3           44
6           4           47
6           5           32
6           6           50
7           1           30
7           2           49
7           3           44
7           4           49
7           5           34
7           6           37
8           1           33
8           2           38
8           3           40
8           4           40
8           5           35
8           6           44



pt(j, m) - Time required to produce one unit of item j on machine m. The production time is period-independent.


1           1           0.905
1           2           1.058
1           3           0.5
1           4           1.073
2           1           1.088
2           2           0.673
2           3           1.229
2           4           1.433
3           1           1.127
3           2           0.806
3           3           0.524
3           4           0.544
4           1           0.726
4           2           1.492
4           3           0.84
4           4           1.134
5           1           1.02
5           2           0.61
5           3           1.194
5           4           0.77
6           1           0.807
6           2           1.074
6           3           0.674
6           4           1.085
7           1           1.411
7           2           0.841
7           3           0.59
7           4           0.595
8           1           0.787
8           2           0.83
8           3           1.225
8           4           1.285



pc(j, m) - Variable costs of producing one unit of item j on machine m. The production cost is period-independent.


1           1           5.254
1           2           1.343
1           3           2.603
1           4           10.533
2           1           4.342
2           2           1.553
2           3           1.773
2           4           10.934
3           1           3.197
3           2           2.383
3           3           1.434
3           4           4.346
4           1           4.888
4           2           3.78
4           3           2.099
4           4           11.692
5           1           3.944
5           2           1.794
5           3           2.99
5           4           7.79
6           1           3.282
6           2           2.827
6           3           1.27
6           4           4.479
7           1           5.833
7           2           1.721
7           3           1.317
7           4           7.488
8           1           3.91
8           2           3.324
8           3           1.251
8           4           4.967



pe(j, m) - Production emission for producing one unit of item j on machine m. The production emission is period-independent.


1           1           1.39
1           2           3.076
1           3           3.16
1           4           0.733
2           1           2.232
2           2           2.821
2           3           4.432
2           4           1.225
3           1           1.998
3           2           3.184
3           3           1.358
3           4           0.966
4           1           0.925
4           2           2.701
4           3           4.682
4           4           1.006
5           1           1.928
5           2           2.574
5           3           2.619
5           4           0.738
6           1           1.529
6           2           1.432
6           3           2.717
6           4           0.858
7           1           2.261
7           2           3.425
7           3           4.537
7           4           0.882
8           1           1.947
8           2           3.738
8           3           1.653
8           4           0.296



hc(j) - Inventory-holding costs for one unit of item j for one period.


1           0.158
2           0.149
3           0.115
4           0.154
5           0.244
6           0.194
7           0.146
8           0.188



st(j, m) - Setup times for producing a lot of item j on machine m. The setup times are period-independent.


1           1           40.08
1           2           29.02
1           3           68.148
1           4           34.002
2           1           45.735
2           2           33.766
2           3           59.271
2           4           45.944
3           1           64.975
3           2           51.934
3           3           25.459
3           4           97.183
4           1           29.539
4           2           71.839
4           3           27.357
4           4           55.814
5           1           84.319
5           2           99.504
5           3           88.56
5           4           37.391
6           1           49.102
6           2           69.615
6           3           85.741
6           4           26.133
7           1           47.023
7           2           32.841
7           3           42.587
7           4           38.9
8           1           93.813
8           2           74.627
8           3           72.014
8           4           80.598



se(j, m) - Setup emission for producing a lot of item j on machine m. The setup emission are period-independent.


1           1           28.947
1           2           145.425
1           3           75.887
1           4           43.644
2           1           55.729
2           2           59.807
2           3           186.578
2           4           21.015
3           1           34.077
3           2           111.304
3           3           198.17
3           4           49.586
4           1           71.144
4           2           116.224
4           3           122.24
4           4           30.541
5           1           52.212
5           2           92.736
5           3           104.872
5           4           22.29
6           1           90.269
6           2           134.906
6           3           117.188
6           4           48.72
7           1           49.057
7           2           94.693
7           3           192.477
7           4           15.498
8           1           60.83
8           2           47.95
8           3           124.791
8           4           22.378



sc(j, m) - Setup costs for producing a lot of item j on machine m. The setup costs are period-independent.


1           1           19303.387
1           2           12868.924
1           3           9651.693
1           4           38606.773
2           1           18433.287
2           2           12288.858
2           3           9216.643
2           4           36866.573
3           1           15053.5
3           2           10035.667
3           3           7526.75
3           4           30107.0
4           1           19526.173
4           2           13017.449
4           3           9763.087
4           4           39052.347
5           1           30436.56
5           2           20291.04
5           3           15218.28
5           4           60873.12
6           1           24398.733
6           2           16265.822
6           3           12199.367
6           4           48797.467
7           1           18212.04
7           2           12141.36
7           3           9106.02
7           4           36424.08
8           1           22196.533
8           2           14797.689
8           3           11098.267
8           4           44393.067



bc(m) - Fixed investment cost for machine m.


1           6985.221217011346
2           5430.328688605401
3           3214.8719726021254
4           16732.284954361512



ca(m, t) - The available capacity of machine m in period t.


1           1           231.46015277777778
1           2           231.46015277777778
1           3           231.46015277777778
1           4           231.46015277777778
1           5           231.46015277777778
1           6           231.46015277777778
2           1           231.46015277777778
2           2           231.46015277777778
2           3           231.46015277777778
2           4           231.46015277777778
2           5           231.46015277777778
2           6           231.46015277777778
3           1           231.46015277777778
3           2           231.46015277777778
3           3           231.46015277777778
3           4           231.46015277777778
3           5           231.46015277777778
3           6           231.46015277777778
4           1           231.46015277777778
4           2           231.46015277777778
4           3           231.46015277777778
4           4           231.46015277777778
4           5           231.46015277777778
4           6           231.46015277777778



em(t) - The limits of carbon emissions in period t.


1           1616.0899883333336
2           1616.0899883333336
3           1616.0899883333336
4           1616.0899883333336
5           1616.0899883333336
6           1616.0899883333336
