Information for the currently-owned machines and the machines that may be purchased: if 1, the machine can be purchased, otherwise currently-owned.


1           0.0
2           0.0
3           1.0
4           0.0



item_machine_arc(j, m) - The relationship arc between item j and machine m, i.e., machine m is capable of producing item j if item_machine_arc(j, m) = 1.


1           1           1.0
1           2           0.0
1           3           1.0
1           4           1.0
2           1           1.0
2           2           0.0
2           3           0.0
2           4           0.0
3           1           1.0
3           2           0.0
3           3           0.0
3           4           0.0
4           1           1.0
4           2           1.0
4           3           0.0
4           4           0.0
5           1           0.0
5           2           0.0
5           3           0.0
5           4           1.0
6           1           1.0
6           2           1.0
6           3           1.0
6           4           1.0
7           1           0.0
7           2           0.0
7           3           1.0
7           4           1.0
8           1           0.0
8           2           1.0
8           3           0.0
8           4           1.0



d(j, t) - Gross demand for item j in period t.


1           1           39
1           2           50
1           3           33
1           4           37
1           5           40
1           6           42
2           1           47
2           2           40
2           3           33
2           4           42
2           5           40
2           6           50
3           1           48
3           2           38
3           3           40
3           4           41
3           5           45
3           6           44
4           1           34
4           2           31
4           3           41
4           4           37
4           5           39
4           6           32
5           1           37
5           2           47
5           3           42
5           4           41
5           5           49
5           6           39
6           1           30
6           2           30
6           3           40
6           4           46
6           5           40
6           6           39
7           1           50
7           2           33
7           3           40
7           4           49
7           5           50
7           6           37
8           1           40
8           2           31
8           3           37
8           4           49
8           5           43
8           6           37



pt(j, m) - Time required to produce one unit of item j on machine m. The production time is period-independent.


1           1           0.954
1           2           1.124
1           3           1.473
1           4           1.0
2           1           1.032
2           2           0.653
2           3           1.479
2           4           0.912
3           1           0.539
3           2           0.762
3           3           0.829
3           4           0.692
4           1           0.767
4           2           1.426
4           3           1.304
4           4           0.553
5           1           1.321
5           2           1.216
5           3           1.496
5           4           0.556
6           1           1.456
6           2           0.988
6           3           0.907
6           4           1.473
7           1           0.53
7           2           1.409
7           3           1.186
7           4           1.253
8           1           1.395
8           2           0.809
8           3           0.875
8           4           0.989



pc(j, m) - Variable costs of producing one unit of item j on machine m. The production cost is period-independent.


1           1           2.587
1           2           1.823
1           3           5.769
1           4           8.679
2           1           1.094
2           2           1.881
2           3           5.445
2           4           7.934
3           1           2.384
3           2           1.812
3           3           5.217
3           4           9.964
4           1           2.367
4           2           2.475
4           3           4.218
4           4           5.014
5           1           1.695
5           2           2.548
5           3           4.022
5           4           5.459
6           1           1.871
6           2           3.939
6           3           2.712
6           4           9.638
7           1           2.235
7           2           2.395
7           3           2.568
7           4           6.389
8           1           2.729
8           2           2.118
8           3           3.634
8           4           9.474



pe(j, m) - Production emission for producing one unit of item j on machine m. The production emission is period-independent.


1           1           0.486
1           2           0.624
1           3           0.467
1           4           0.118
2           1           0.25
2           2           0.536
2           3           0.206
2           4           0.182
3           1           0.202
3           2           0.396
3           3           0.239
3           4           0.145
4           1           0.439
4           2           0.389
4           3           0.295
4           4           0.188
5           1           0.91
5           2           0.227
5           3           0.404
5           4           0.14
6           1           0.67
6           2           0.641
6           3           0.312
6           4           0.209
7           1           0.293
7           2           0.612
7           3           0.446
7           4           0.087
8           1           0.215
8           2           0.477
8           3           0.31
8           4           0.234



hc(j) - Inventory-holding costs for one unit of item j for one period.


1           0.193
2           0.142
3           0.217
4           0.279
5           0.149
6           0.212
7           0.138
8           0.233



st(j, m) - Setup times for producing a lot of item j on machine m. The setup times are period-independent.


1           1           5.637
1           2           16.067
1           3           18.755
1           4           18.284
2           1           16.162
2           2           12.777
2           3           14.782
2           4           9.896
3           1           12.187
3           2           17.919
3           3           15.686
3           4           13.428
4           1           11.929
4           2           8.198
4           3           7.852
4           4           6.783
5           1           7.567
5           2           17.013
5           3           6.638
5           4           17.572
6           1           14.986
6           2           10.692
6           3           18.682
6           4           17.705
7           1           15.187
7           2           13.9
7           3           18.28
7           4           19.296
8           1           15.472
8           2           9.271
8           3           11.171
8           4           9.646



se(j, m) - Setup emission for producing a lot of item j on machine m. The setup emission are period-independent.


1           1           31.755
1           2           12.907
1           3           9.606
1           4           8.272
2           1           12.881
2           2           19.462
2           3           5.35
2           4           9.538
3           1           17.025
3           2           21.437
3           3           7.266
3           4           2.74
4           1           16.511
4           2           10.46
4           3           18.768
4           4           8.842
5           1           12.685
5           2           12.342
5           3           11.901
5           4           8.52
6           1           22.712
6           2           27.793
6           3           7.216
6           4           3.939
7           1           11.94
7           2           24.192
7           3           6.129
7           4           6.833
8           1           27.405
8           2           27.939
8           3           7.369
8           4           8.128



sc(j, m) - Setup costs for producing a lot of item j on machine m. The setup costs are period-independent.


1           1           10853.033
1           2           14470.711
1           3           21706.067
1           4           43412.133
2           1           8349.6
2           2           11132.8
2           3           16699.2
2           4           33398.4
3           1           12962.133
3           2           17282.844
3           3           25924.267
3           4           51848.533
4           1           13931.4
4           2           18575.2
4           3           27862.8
4           4           55725.6
5           1           8865.5
5           2           11820.667
5           3           17731.0
5           4           35462.0
6           1           11130.0
6           2           14840.0
6           3           22260.0
6           4           44520.0
7           1           8339.8
7           2           11119.733
7           3           16679.6
7           4           33359.2
8           1           12884.9
8           2           17179.867
8           3           25769.8
8           4           51539.6



bc(m) - Fixed investment cost for machine m.


1           825.9642059680822
2           1281.1059662450048
3           5214.039306729816
4           13517.35721991798



ca(m, t) - The available capacity of machine m in period t.


1           1           187.53457657407407
1           2           187.53457657407407
1           3           187.53457657407407
1           4           187.53457657407407
1           5           187.53457657407407
1           6           187.53457657407407
2           1           187.53457657407407
2           2           187.53457657407407
2           3           187.53457657407407
2           4           187.53457657407407
2           5           187.53457657407407
2           6           187.53457657407407
3           1           187.53457657407407
3           2           187.53457657407407
3           3           187.53457657407407
3           4           187.53457657407407
3           5           187.53457657407407
3           6           187.53457657407407
4           1           187.53457657407407
4           2           187.53457657407407
4           3           187.53457657407407
4           4           187.53457657407407
4           5           187.53457657407407
4           6           187.53457657407407



em(t) - The limits of carbon emissions in period t.


1           232.67552
2           232.67552
3           232.67552
4           232.67552
5           232.67552
6           232.67552
