Information for the currently-owned machines and the machines that may be purchased: if 1, the machine can be purchased, otherwise currently-owned.


1           0.0
2           0.0
3           1.0
4           0.0



item_machine_arc(j, m) - The relationship arc between item j and machine m, i.e., machine m is capable of producing item j if item_machine_arc(j, m) = 1.


1           1           0.0
1           2           0.0
1           3           1.0
1           4           0.0
2           1           1.0
2           2           1.0
2           3           0.0
2           4           1.0
3           1           0.0
3           2           1.0
3           3           0.0
3           4           0.0
4           1           1.0
4           2           0.0
4           3           0.0
4           4           0.0
5           1           0.0
5           2           1.0
5           3           0.0
5           4           0.0
6           1           1.0
6           2           0.0
6           3           0.0
6           4           0.0
7           1           1.0
7           2           0.0
7           3           1.0
7           4           1.0
8           1           1.0
8           2           0.0
8           3           0.0
8           4           1.0



d(j, t) - Gross demand for item j in period t.


1           1           48
1           2           33
1           3           50
1           4           30
1           5           31
1           6           50
2           1           36
2           2           42
2           3           39
2           4           48
2           5           41
2           6           38
3           1           31
3           2           38
3           3           44
3           4           40
3           5           41
3           6           43
4           1           37
4           2           42
4           3           41
4           4           35
4           5           35
4           6           45
5           1           45
5           2           46
5           3           43
5           4           49
5           5           30
5           6           34
6           1           42
6           2           46
6           3           37
6           4           45
6           5           45
6           6           31
7           1           41
7           2           44
7           3           39
7           4           36
7           5           41
7           6           30
8           1           43
8           2           38
8           3           45
8           4           45
8           5           46
8           6           42



pt(j, m) - Time required to produce one unit of item j on machine m. The production time is period-independent.


1           1           1.258
1           2           0.56
1           3           1.208
1           4           0.557
2           1           1.267
2           2           1.438
2           3           0.657
2           4           1.214
3           1           0.955
3           2           0.898
3           3           0.981
3           4           1.345
4           1           0.83
4           2           1.399
4           3           1.005
4           4           0.515
5           1           0.953
5           2           0.588
5           3           1.218
5           4           1.436
6           1           1.448
6           2           1.199
6           3           1.238
6           4           0.715
7           1           1.468
7           2           1.277
7           3           0.603
7           4           0.591
8           1           0.574
8           2           1.076
8           3           1.274
8           4           1.339



pc(j, m) - Variable costs of producing one unit of item j on machine m. The production cost is period-independent.


1           1           1.447
1           2           10.918
1           3           1.748
1           4           2.517
2           1           1.458
2           2           9.415
2           3           2.024
2           4           2.843
3           1           2.227
3           2           10.458
3           3           2.421
3           4           3.045
4           1           2.266
4           2           8.795
4           3           1.874
4           4           3.336
5           1           1.728
5           2           7.044
5           3           2.297
5           4           3.047
6           1           1.892
6           2           8.149
6           3           2.606
6           4           2.752
7           1           2.268
7           2           5.009
7           3           2.327
7           4           5.017
8           1           2.427
8           2           5.31
8           3           2.201
8           4           4.929



pe(j, m) - Production emission for producing one unit of item j on machine m. The production emission is period-independent.


1           1           2.837
1           2           0.354
1           3           1.351
1           4           2.001
2           1           3.918
2           2           0.918
2           3           3.356
2           4           1.343
3           1           1.9
3           2           0.568
3           3           1.783
3           4           0.729
4           1           3.69
4           2           0.671
4           3           2.12
4           4           1.088
5           1           2.691
5           2           0.31
5           3           0.822
5           4           0.847
6           1           1.452
6           2           0.296
6           3           2.201
6           4           0.892
7           1           4.728
7           2           0.925
7           3           3.553
7           4           1.673
8           1           2.672
8           2           0.68
8           3           1.779
8           4           1.211



hc(j) - Inventory-holding costs for one unit of item j for one period.


1           0.244
2           0.189
3           0.182
4           0.244
5           0.177
6           0.26
7           0.126
8           0.149



st(j, m) - Setup times for producing a lot of item j on machine m. The setup times are period-independent.


1           1           57.818
1           2           64.038
1           3           97.912
1           4           61.903
2           1           33.58
2           2           59.6
2           3           81.385
2           4           76.6
3           1           82.864
3           2           74.884
3           3           39.717
3           4           44.67
4           1           44.834
4           2           67.552
4           3           32.657
4           4           84.684
5           1           81.44
5           2           39.744
5           3           95.843
5           4           25.551
6           1           41.509
6           2           85.207
6           3           78.997
6           4           34.489
7           1           72.594
7           2           94.036
7           3           87.528
7           4           44.039
8           1           91.362
8           2           86.275
8           3           52.673
8           4           73.824



se(j, m) - Setup emission for producing a lot of item j on machine m. The setup emission are period-independent.


1           1           20.529
1           2           3.095
1           3           14.44
1           4           11.442
2           1           20.676
2           2           9.064
2           3           23.655
2           4           18.25
3           1           13.864
3           2           7.928
3           3           12.009
3           4           12.976
4           1           33.866
4           2           3.717
4           3           25.223
4           4           16.001
5           1           12.927
5           2           4.001
5           3           20.68
5           4           6.529
6           1           23.777
6           2           6.576
6           3           27.861
6           4           11.794
7           1           22.612
7           2           6.218
7           3           28.78
7           4           7.474
8           1           25.446
8           2           8.625
8           3           17.238
8           4           8.489



sc(j, m) - Setup costs for producing a lot of item j on machine m. The setup costs are period-independent.


1           1           15155.653
1           2           60622.613
1           3           20207.538
1           4           30311.307
2           1           11836.44
2           2           47345.76
2           3           15781.92
2           4           23672.88
3           1           11071.06
3           2           44284.24
3           3           14761.413
3           4           22142.12
4           1           14717.267
4           2           58869.067
4           3           19623.022
4           4           29434.533
5           1           11221.21
5           2           44884.84
5           3           14961.613
5           4           22442.42
6           1           16416.4
6           2           65665.6
6           3           21888.533
6           4           32832.8
7           1           7470.54
7           2           29882.16
7           3           9960.72
7           4           14941.08
8           1           9905.023
8           2           39620.093
8           3           13206.698
8           4           19810.047



bc(m) - Fixed investment cost for machine m.


1           2411.242254145251
2           6058.271543418712
3           5761.109977470176
4           2617.8680647854335



ca(m, t) - The available capacity of machine m in period t.


1           1           298.7153257407407
1           2           298.7153257407407
1           3           298.7153257407407
1           4           298.7153257407407
1           5           298.7153257407407
1           6           298.7153257407407
2           1           298.7153257407407
2           2           298.7153257407407
2           3           298.7153257407407
2           4           298.7153257407407
2           5           298.7153257407407
2           6           298.7153257407407
3           1           298.7153257407407
3           2           298.7153257407407
3           3           298.7153257407407
3           4           298.7153257407407
3           5           298.7153257407407
3           6           298.7153257407407
4           1           298.7153257407407
4           2           298.7153257407407
4           3           298.7153257407407
4           4           298.7153257407407
4           5           298.7153257407407
4           6           298.7153257407407



em(t) - The limits of carbon emissions in period t.


1           1012.3266144444444
2           1012.3266144444444
3           1012.3266144444444
4           1012.3266144444444
5           1012.3266144444444
6           1012.3266144444444
