Information for the currently-owned machines and the machines that may be purchased: if 1, the machine can be purchased, otherwise currently-owned.


1           0.0
2           0.0
3           0.0
4           1.0



item_machine_arc(j, m) - The relationship arc between item j and machine m, i.e., machine m is capable of producing item j if item_machine_arc(j, m) = 1.


1           1           1.0
1           2           1.0
1           3           0.0
1           4           0.0
2           1           1.0
2           2           1.0
2           3           1.0
2           4           0.0
3           1           1.0
3           2           0.0
3           3           0.0
3           4           0.0
4           1           0.0
4           2           0.0
4           3           0.0
4           4           1.0
5           1           1.0
5           2           0.0
5           3           0.0
5           4           0.0
6           1           1.0
6           2           1.0
6           3           1.0
6           4           1.0
7           1           1.0
7           2           1.0
7           3           0.0
7           4           0.0
8           1           1.0
8           2           1.0
8           3           0.0
8           4           1.0



d(j, t) - Gross demand for item j in period t.


1           1           32
1           2           37
1           3           46
1           4           49
1           5           46
1           6           46
2           1           49
2           2           47
2           3           31
2           4           31
2           5           39
2           6           32
3           1           43
3           2           34
3           3           41
3           4           32
3           5           44
3           6           34
4           1           50
4           2           42
4           3           37
4           4           43
4           5           44
4           6           45
5           1           49
5           2           48
5           3           38
5           4           44
5           5           38
5           6           31
6           1           36
6           2           41
6           3           41
6           4           42
6           5           43
6           6           49
7           1           46
7           2           43
7           3           43
7           4           40
7           5           30
7           6           44
8           1           30
8           2           40
8           3           50
8           4           32
8           5           37
8           6           38



pt(j, m) - Time required to produce one unit of item j on machine m. The production time is period-independent.


1           1           0.522
1           2           1.095
1           3           1.017
1           4           1.48
2           1           1.103
2           2           0.67
2           3           0.716
2           4           0.814
3           1           1.014
3           2           0.627
3           3           0.612
3           4           0.939
4           1           1.476
4           2           1.386
4           3           0.58
4           4           0.507
5           1           0.532
5           2           0.745
5           3           0.551
5           4           1.025
6           1           0.994
6           2           1.174
6           3           0.54
6           4           0.787
7           1           1.173
7           2           0.617
7           3           1.263
7           4           0.771
8           1           0.614
8           2           0.859
8           3           0.676
8           4           1.213



pc(j, m) - Variable costs of producing one unit of item j on machine m. The production cost is period-independent.


1           1           2.625
1           2           3.802
1           3           11.439
1           4           3.211
2           1           2.339
2           2           3.304
2           3           4.766
2           4           3.052
3           1           1.08
3           2           3.42
3           3           5.332
3           4           3.61
4           1           1.31
4           2           3.172
4           3           4.584
4           4           2.434
5           1           1.59
5           2           2.741
5           3           5.106
5           4           5.333
6           1           2.444
6           2           2.35
6           3           8.931
6           4           4.05
7           1           2.704
7           2           2.665
7           3           6.391
7           4           4.715
8           1           1.582
8           2           1.779
8           3           6.298
8           4           5.498



pe(j, m) - Production emission for producing one unit of item j on machine m. The production emission is period-independent.


1           1           1.676
1           2           3.542
1           3           0.518
1           4           1.924
2           1           2.251
2           2           2.887
2           3           0.597
2           4           1.811
3           1           2.514
3           2           1.434
3           3           0.533
3           4           0.501
4           1           1.478
4           2           2.206
4           3           0.782
4           4           2.238
5           1           3.973
5           2           3.354
5           3           1.091
5           4           1.359
6           1           2.004
6           2           2.647
6           3           0.334
6           4           0.79
7           1           1.463
7           2           3.57
7           3           1.229
7           4           2.117
8           1           1.389
8           2           2.42
8           3           1.128
8           4           2.365



hc(j) - Inventory-holding costs for one unit of item j for one period.


1           0.278
2           0.199
3           0.182
4           0.146
5           0.246
6           0.153
7           0.171
8           0.272



st(j, m) - Setup times for producing a lot of item j on machine m. The setup times are period-independent.


1           1           13.307
1           2           16.772
1           3           16.543
1           4           11.727
2           1           11.806
2           2           14.371
2           3           8.388
2           4           18.277
3           1           9.737
3           2           8.1
3           3           16.766
3           4           5.908
4           1           16.2
4           2           15.156
4           3           19.482
4           4           8.611
5           1           16.978
5           2           13.051
5           3           16.816
5           4           17.626
6           1           15.549
6           2           14.108
6           3           16.749
6           4           5.753
7           1           17.655
7           2           17.775
7           3           16.393
7           4           18.862
8           1           14.181
8           2           8.416
8           3           7.002
8           4           6.416



se(j, m) - Setup emission for producing a lot of item j on machine m. The setup emission are period-independent.


1           1           25.995
1           2           25.54
1           3           3.114
1           4           12.094
2           1           34.824
2           2           22.101
2           3           6.359
2           4           13.648
3           1           15.365
3           2           17.792
3           3           4.679
3           4           7.327
4           1           35.125
4           2           17.436
4           3           6.416
4           4           8.583
5           1           36.261
5           2           26.852
5           3           6.531
5           4           17.446
6           1           21.145
6           2           19.091
6           3           9.924
6           4           12.299
7           1           12.178
7           2           10.533
7           3           5.416
7           4           16.614
8           1           33.272
8           2           22.322
8           3           5.271
8           4           11.315



sc(j, m) - Setup costs for producing a lot of item j on machine m. The setup costs are period-independent.


1           1           18266.453
1           2           24355.271
1           3           73065.813
1           4           36532.907
2           1           11696.557
2           2           15595.409
2           3           46786.227
2           4           23393.113
3           1           10650.64
3           2           14200.853
3           3           42602.56
3           4           21301.28
4           1           9780.54
4           2           13040.72
4           3           39122.16
4           4           19561.08
5           1           15658.72
5           2           20878.293
5           3           62634.88
5           4           31317.44
6           1           9896.04
6           2           13194.72
6           3           39584.16
6           4           19792.08
7           1           10796.94
7           2           14395.92
7           3           43187.76
7           4           21593.88
8           1           15847.627
8           2           21130.169
8           3           63390.507
8           4           31695.253



bc(m) - Fixed investment cost for machine m.


1           4064.5376998241327
2           5768.67097947704
3           6888.19652340011
4           7592.650510670157



ca(m, t) - The available capacity of machine m in period t.


1           1           157.67538824074074
1           2           157.67538824074074
1           3           157.67538824074074
1           4           157.67538824074074
1           5           157.67538824074074
1           6           157.67538824074074
2           1           157.67538824074074
2           2           157.67538824074074
2           3           157.67538824074074
2           4           157.67538824074074
2           5           157.67538824074074
2           6           157.67538824074074
3           1           157.67538824074074
3           2           157.67538824074074
3           3           157.67538824074074
3           4           157.67538824074074
3           5           157.67538824074074
3           6           157.67538824074074
4           1           157.67538824074074
4           2           157.67538824074074
4           3           157.67538824074074
4           4           157.67538824074074
4           5           157.67538824074074
4           6           157.67538824074074



em(t) - The limits of carbon emissions in period t.


1           1205.7203472222222
2           1205.7203472222222
3           1205.7203472222222
4           1205.7203472222222
5           1205.7203472222222
6           1205.7203472222222
