Information for the currently-owned machines and the machines that may be purchased: if 1, the machine can be purchased, otherwise currently-owned.


1           1.0
2           0.0
3           0.0
4           0.0



item_machine_arc(j, m) - The relationship arc between item j and machine m, i.e., machine m is capable of producing item j if item_machine_arc(j, m) = 1.


1           1           1.0
1           2           1.0
1           3           1.0
1           4           1.0
2           1           1.0
2           2           1.0
2           3           1.0
2           4           0.0
3           1           0.0
3           2           0.0
3           3           0.0
3           4           1.0
4           1           1.0
4           2           1.0
4           3           0.0
4           4           1.0
5           1           1.0
5           2           0.0
5           3           1.0
5           4           1.0
6           1           0.0
6           2           1.0
6           3           0.0
6           4           0.0
7           1           1.0
7           2           1.0
7           3           1.0
7           4           0.0
8           1           0.0
8           2           1.0
8           3           0.0
8           4           0.0



d(j, t) - Gross demand for item j in period t.


1           1           37
1           2           34
1           3           46
1           4           48
1           5           41
1           6           47
2           1           33
2           2           40
2           3           30
2           4           49
2           5           39
2           6           43
3           1           49
3           2           49
3           3           43
3           4           31
3           5           34
3           6           43
4           1           31
4           2           45
4           3           50
4           4           35
4           5           37
4           6           41
5           1           46
5           2           39
5           3           43
5           4           43
5           5           50
5           6           41
6           1           42
6           2           30
6           3           43
6           4           33
6           5           39
6           6           47
7           1           35
7           2           50
7           3           40
7           4           30
7           5           34
7           6           46
8           1           35
8           2           39
8           3           48
8           4           37
8           5           37
8           6           41



pt(j, m) - Time required to produce one unit of item j on machine m. The production time is period-independent.


1           1           1.222
1           2           0.951
1           3           1.085
1           4           0.899
2           1           1.052
2           2           1.393
2           3           0.666
2           4           0.58
3           1           0.873
3           2           0.945
3           3           0.954
3           4           0.504
4           1           1.479
4           2           0.58
4           3           0.939
4           4           0.517
5           1           1.08
5           2           0.883
5           3           0.794
5           4           1.079
6           1           0.661
6           2           1.455
6           3           1.284
6           4           1.439
7           1           0.859
7           2           1.296
7           3           1.325
7           4           1.015
8           1           1.343
8           2           1.403
8           3           0.711
8           4           0.544



pc(j, m) - Variable costs of producing one unit of item j on machine m. The production cost is period-independent.


1           1           2.473
1           2           10.016
1           3           4.645
1           4           1.39
2           1           1.271
2           2           10.203
2           3           5.339
2           4           2.328
3           1           2.994
3           2           9.725
3           3           4.63
3           4           1.385
4           1           2.181
4           2           10.943
4           3           4.458
4           4           3.956
5           1           1.991
5           2           7.111
5           3           2.516
5           4           2.924
6           1           1.46
6           2           8.524
6           3           2.057
6           4           3.335
7           1           2.725
7           2           10.253
7           3           5.218
7           4           1.546
8           1           2.989
8           2           7.009
8           3           4.806
8           4           2.104



pe(j, m) - Production emission for producing one unit of item j on machine m. The production emission is period-independent.


1           1           4.746
1           2           0.879
1           3           2.332
1           4           1.416
2           1           3.712
2           2           0.27
2           3           1.982
2           4           3.396
3           1           1.942
3           2           0.798
3           3           0.576
3           4           2.084
4           1           1.132
4           2           1.182
4           3           1.783
4           4           2.015
5           1           3.056
5           2           0.267
5           3           0.706
5           4           1.789
6           1           4.646
6           2           0.892
6           3           1.531
6           4           3.541
7           1           1.59
7           2           0.361
7           3           1.254
7           4           2.947
8           1           4.34
8           2           1.249
8           3           1.066
8           4           2.687



hc(j) - Inventory-holding costs for one unit of item j for one period.


1           0.222
2           0.149
3           0.117
4           0.212
5           0.288
6           0.221
7           0.122
8           0.198



st(j, m) - Setup times for producing a lot of item j on machine m. The setup times are period-independent.


1           1           85.194
1           2           33.736
1           3           32.31
1           4           43.763
2           1           74.328
2           2           97.649
2           3           98.694
2           4           86.648
3           1           92.474
3           2           85.35
3           3           70.816
3           4           26.592
4           1           46.447
4           2           71.178
4           3           28.511
4           4           96.927
5           1           62.21
5           2           87.338
5           3           39.594
5           4           92.638
6           1           37.188
6           2           88.83
6           3           26.896
6           4           62.731
7           1           55.188
7           2           50.733
7           3           34.248
7           4           85.901
8           1           39.757
8           2           36.803
8           3           79.112
8           4           38.497



se(j, m) - Setup emission for producing a lot of item j on machine m. The setup emission are period-independent.


1           1           176.124
1           2           12.967
1           3           45.427
1           4           67.234
2           1           106.214
2           2           29.487
2           3           87.293
2           4           90.305
3           1           115.243
3           2           34.362
3           3           81.212
3           4           135.35
4           1           101.221
4           2           34.055
4           3           83.003
4           4           138.736
5           1           167.658
5           2           17.646
5           3           68.942
5           4           83.588
6           1           170.565
6           2           21.543
6           3           83.0
6           4           138.643
7           1           131.418
7           2           28.04
7           3           51.427
7           4           141.554
8           1           61.548
8           2           14.059
8           3           50.535
8           4           87.293



sc(j, m) - Setup costs for producing a lot of item j on machine m. The setup costs are period-independent.


1           1           14415.94
1           2           57663.76
1           3           28831.88
1           4           19221.253
2           1           8948.94
2           2           35795.76
2           3           17897.88
2           4           11931.92
3           1           7477.47
3           2           29909.88
3           3           14954.94
3           4           9969.96
4           1           13004.787
4           2           52019.147
4           3           26009.573
4           4           17339.716
5           1           19367.04
5           2           77468.16
5           3           38734.08
5           4           25822.72
6           1           13273.26
6           2           53093.04
6           3           26546.52
6           4           17697.68
7           1           7358.633
7           2           29434.533
7           3           14717.267
7           4           9811.511
8           1           12044.34
8           2           48177.36
8           3           24088.68
8           4           16059.12



bc(m) - Fixed investment cost for machine m.


1           2227.8217310902482
2           3118.8720052240137
3           3233.9116700160407
4           5609.388801216051



ca(m, t) - The available capacity of machine m in period t.


1           1           269.30891296296295
1           2           269.30891296296295
1           3           269.30891296296295
1           4           269.30891296296295
1           5           269.30891296296295
1           6           269.30891296296295
2           1           269.30891296296295
2           2           269.30891296296295
2           3           269.30891296296295
2           4           269.30891296296295
2           5           269.30891296296295
2           6           269.30891296296295
3           1           269.30891296296295
3           2           269.30891296296295
3           3           269.30891296296295
3           4           269.30891296296295
3           5           269.30891296296295
3           6           269.30891296296295
4           1           269.30891296296295
4           2           269.30891296296295
4           3           269.30891296296295
4           4           269.30891296296295
4           5           269.30891296296295
4           6           269.30891296296295



em(t) - The limits of carbon emissions in period t.


1           1265.2801486111111
2           1265.2801486111111
3           1265.2801486111111
4           1265.2801486111111
5           1265.2801486111111
6           1265.2801486111111
