Information for the currently-owned machines and the machines that may be purchased: if 1, the machine can be purchased, otherwise currently-owned.


1           0.0
2           0.0
3           0.0
4           1.0



item_machine_arc(j, m) - The relationship arc between item j and machine m, i.e., machine m is capable of producing item j if item_machine_arc(j, m) = 1.


1           1           0.0
1           2           1.0
1           3           0.0
1           4           0.0
2           1           1.0
2           2           1.0
2           3           1.0
2           4           1.0
3           1           1.0
3           2           1.0
3           3           0.0
3           4           1.0
4           1           1.0
4           2           0.0
4           3           1.0
4           4           1.0
5           1           1.0
5           2           1.0
5           3           1.0
5           4           1.0
6           1           1.0
6           2           1.0
6           3           0.0
6           4           1.0
7           1           1.0
7           2           0.0
7           3           1.0
7           4           0.0
8           1           1.0
8           2           1.0
8           3           0.0
8           4           0.0



d(j, t) - Gross demand for item j in period t.


1           1           45
1           2           41
1           3           33
1           4           38
1           5           32
1           6           43
2           1           44
2           2           30
2           3           43
2           4           36
2           5           38
2           6           37
3           1           50
3           2           38
3           3           47
3           4           43
3           5           45
3           6           43
4           1           45
4           2           30
4           3           45
4           4           40
4           5           42
4           6           46
5           1           33
5           2           32
5           3           41
5           4           46
5           5           38
5           6           37
6           1           30
6           2           44
6           3           34
6           4           32
6           5           41
6           6           36
7           1           46
7           2           30
7           3           49
7           4           37
7           5           38
7           6           30
8           1           49
8           2           40
8           3           45
8           4           36
8           5           31
8           6           37



pt(j, m) - Time required to produce one unit of item j on machine m. The production time is period-independent.


1           1           1.093
1           2           0.725
1           3           1.056
1           4           1.156
2           1           0.81
2           2           0.97
2           3           1.245
2           4           0.549
3           1           1.378
3           2           1.436
3           3           0.577
3           4           0.848
4           1           0.832
4           2           1.372
4           3           1.4
4           4           0.978
5           1           1.378
5           2           0.942
5           3           0.942
5           4           0.622
6           1           1.25
6           2           1.419
6           3           0.556
6           4           1.253
7           1           0.599
7           2           0.805
7           3           1.438
7           4           0.922
8           1           0.785
8           2           0.748
8           3           0.668
8           4           1.376



pc(j, m) - Variable costs of producing one unit of item j on machine m. The production cost is period-independent.


1           1           2.844
1           2           5.516
1           3           5.009
1           4           2.772
2           1           1.028
2           2           5.694
2           3           6.748
2           4           3.983
3           1           1.788
3           2           3.289
3           3           7.821
3           4           2.406
4           1           1.46
4           2           5.262
4           3           7.447
4           4           1.859
5           1           1.403
5           2           5.152
5           3           5.693
5           4           2.608
6           1           2.29
6           2           5.099
6           3           5.894
6           4           1.583
7           1           2.308
7           2           5.373
7           3           4.443
7           4           3.368
8           1           2.092
8           2           4.004
8           3           10.452
8           4           3.688



pe(j, m) - Production emission for producing one unit of item j on machine m. The production emission is period-independent.


1           1           0.318
1           2           0.212
1           3           0.249
1           4           0.664
2           1           0.994
2           2           0.116
2           3           0.121
2           4           0.565
3           1           0.576
3           2           0.464
3           3           0.247
3           4           0.525
4           1           0.846
4           2           0.461
4           3           0.114
4           4           0.467
5           1           0.897
5           2           0.378
5           3           0.109
5           4           0.655
6           1           0.647
6           2           0.196
6           3           0.162
6           4           0.197
7           1           0.487
7           2           0.136
7           3           0.241
7           4           0.463
8           1           0.355
8           2           0.298
8           3           0.085
8           4           0.672



hc(j) - Inventory-holding costs for one unit of item j for one period.


1           0.298
2           0.161
3           0.286
4           0.293
5           0.194
6           0.154
7           0.282
8           0.167



st(j, m) - Setup times for producing a lot of item j on machine m. The setup times are period-independent.


1           1           45.334
1           2           39.488
1           3           98.763
1           4           69.812
2           1           91.125
2           2           25.58
2           3           62.451
2           4           31.497
3           1           93.858
3           2           81.339
3           3           71.971
3           4           86.818
4           1           99.677
4           2           79.808
4           3           68.297
4           4           74.33
5           1           70.074
5           2           68.404
5           3           25.472
5           4           69.297
6           1           65.136
6           2           87.67
6           3           37.515
6           4           72.647
7           1           68.738
7           2           91.952
7           3           87.931
7           4           86.698
8           1           83.768
8           2           91.528
8           3           91.645
8           4           88.337



se(j, m) - Setup emission for producing a lot of item j on machine m. The setup emission are period-independent.


1           1           27.583
1           2           7.99
1           3           6.91
1           4           9.146
2           1           32.97
2           2           12.522
2           3           8.477
2           4           18.667
3           1           31.907
3           2           13.003
3           3           6.537
3           4           24.621
4           1           23.229
4           2           8.049
4           3           9.395
4           4           18.835
5           1           16.137
5           2           12.846
5           3           7.277
5           4           28.793
6           1           15.189
6           2           15.446
6           3           6.968
6           4           27.448
7           1           38.938
7           2           16.99
7           3           2.664
7           4           20.51
8           1           26.7
8           2           10.221
8           3           8.342
8           4           14.016



sc(j, m) - Setup costs for producing a lot of item j on machine m. The setup costs are period-independent.


1           1           16131.733
1           2           32263.467
1           3           64526.933
1           4           21508.978
2           1           8565.2
2           2           17130.4
2           3           34260.8
2           4           11420.267
3           1           17751.067
3           2           35502.133
3           3           71004.267
3           4           23668.089
4           1           16954.933
4           2           33909.867
4           3           67819.733
4           4           22606.578
5           1           10275.533
5           2           20551.067
5           3           41102.133
5           4           13700.711
6           1           7797.533
6           2           15595.067
6           3           31190.133
6           4           10396.711
7           1           15134.0
7           2           30268.0
7           3           60536.0
7           4           20178.667
8           1           9274.067
8           2           18548.133
8           3           37096.267
8           4           12365.422



bc(m) - Fixed investment cost for machine m.


1           3229.2890161603777
2           7353.008612871314
3           7145.643383992199
4           5488.287238799193



ca(m, t) - The available capacity of machine m in period t.


1           1           304.73812314814813
1           2           304.73812314814813
1           3           304.73812314814813
1           4           304.73812314814813
1           5           304.73812314814813
1           6           304.73812314814813
2           1           304.73812314814813
2           2           304.73812314814813
2           3           304.73812314814813
2           4           304.73812314814813
2           5           304.73812314814813
2           6           304.73812314814813
3           1           304.73812314814813
3           2           304.73812314814813
3           3           304.73812314814813
3           4           304.73812314814813
3           5           304.73812314814813
3           6           304.73812314814813
4           1           304.73812314814813
4           2           304.73812314814813
4           3           304.73812314814813
4           4           304.73812314814813
4           5           304.73812314814813
4           6           304.73812314814813



em(t) - The limits of carbon emissions in period t.


1           304.08476388888886
2           304.08476388888886
3           304.08476388888886
4           304.08476388888886
5           304.08476388888886
6           304.08476388888886
