Information for the currently-owned machines and the machines that may be purchased: if 1, the machine can be purchased, otherwise currently-owned.


1           0.0
2           0.0
3           1.0
4           0.0



item_machine_arc(j, m) - The relationship arc between item j and machine m, i.e., machine m is capable of producing item j if item_machine_arc(j, m) = 1.


1           1           1.0
1           2           0.0
1           3           0.0
1           4           0.0
2           1           0.0
2           2           1.0
2           3           0.0
2           4           1.0
3           1           0.0
3           2           0.0
3           3           0.0
3           4           1.0
4           1           0.0
4           2           1.0
4           3           1.0
4           4           1.0
5           1           0.0
5           2           0.0
5           3           1.0
5           4           0.0
6           1           1.0
6           2           0.0
6           3           0.0
6           4           1.0
7           1           1.0
7           2           1.0
7           3           0.0
7           4           0.0
8           1           1.0
8           2           1.0
8           3           1.0
8           4           1.0



d(j, t) - Gross demand for item j in period t.


1           1           32
1           2           46
1           3           47
1           4           47
1           5           33
1           6           46
2           1           49
2           2           47
2           3           32
2           4           46
2           5           36
2           6           43
3           1           36
3           2           39
3           3           33
3           4           46
3           5           30
3           6           50
4           1           48
4           2           46
4           3           46
4           4           35
4           5           34
4           6           43
5           1           35
5           2           30
5           3           36
5           4           42
5           5           39
5           6           32
6           1           42
6           2           31
6           3           39
6           4           47
6           5           32
6           6           34
7           1           47
7           2           41
7           3           50
7           4           43
7           5           38
7           6           35
8           1           40
8           2           40
8           3           41
8           4           35
8           5           34
8           6           35



pt(j, m) - Time required to produce one unit of item j on machine m. The production time is period-independent.


1           1           1.21
1           2           1.134
1           3           0.583
1           4           1.053
2           1           1.45
2           2           1.082
2           3           0.777
2           4           1.012
3           1           0.925
3           2           0.637
3           3           1.384
3           4           0.528
4           1           1.096
4           2           1.381
4           3           0.753
4           4           0.656
5           1           0.577
5           2           1.262
5           3           0.929
5           4           0.625
6           1           0.707
6           2           1.362
6           3           0.719
6           4           1.133
7           1           1.471
7           2           0.736
7           3           1.169
7           4           0.572
8           1           0.659
8           2           1.02
8           3           1.309
8           4           0.924



pc(j, m) - Variable costs of producing one unit of item j on machine m. The production cost is period-independent.


1           1           2.936
1           2           10.536
1           3           3.674
1           4           1.832
2           1           3.794
2           2           7.248
2           3           3.006
2           4           1.747
3           1           3.083
3           2           4.635
3           3           3.251
3           4           1.352
4           1           3.036
4           2           11.877
4           3           3.842
4           4           1.25
5           1           2.957
5           2           5.986
5           3           2.535
5           4           1.507
6           1           2.882
6           2           5.807
6           3           4.648
6           4           2.491
7           1           2.749
7           2           5.515
7           3           4.212
7           4           1.045
8           1           1.478
8           2           10.068
8           3           3.516
8           4           2.46



pe(j, m) - Production emission for producing one unit of item j on machine m. The production emission is period-independent.


1           1           0.872
1           2           0.935
1           3           1.457
1           4           2.583
2           1           1.389
2           2           0.288
2           3           2.178
2           4           3.638
3           1           2.315
3           2           0.706
3           3           1.629
3           4           3.91
4           1           2.657
4           2           0.905
4           3           2.142
4           4           1.304
5           1           3.163
5           2           0.39
5           3           1.523
5           4           3.934
6           1           1.896
6           2           0.569
6           3           2.408
6           4           1.434
7           1           2.992
7           2           1.076
7           3           1.334
7           4           2.368
8           1           2.746
8           2           0.539
8           3           2.056
8           4           1.731



hc(j) - Inventory-holding costs for one unit of item j for one period.


1           0.274
2           0.209
3           0.259
4           0.198
5           0.242
6           0.299
7           0.184
8           0.109



st(j, m) - Setup times for producing a lot of item j on machine m. The setup times are period-independent.


1           1           46.572
1           2           61.59
1           3           95.638
1           4           26.222
2           1           88.237
2           2           91.354
2           3           32.021
2           4           63.116
3           1           98.978
3           2           86.806
3           3           36.081
3           4           89.021
4           1           71.713
4           2           54.439
4           3           28.519
4           4           79.073
5           1           88.058
5           2           96.683
5           3           92.004
5           4           57.754
6           1           77.972
6           2           89.487
6           3           79.992
6           4           96.333
7           1           31.508
7           2           52.763
7           3           73.355
7           4           91.788
8           1           42.557
8           2           26.205
8           3           84.462
8           4           56.86



se(j, m) - Setup emission for producing a lot of item j on machine m. The setup emission are period-independent.


1           1           93.536
1           2           13.33
1           3           49.704
1           4           62.407
2           1           124.029
2           2           29.541
2           3           82.725
2           4           84.138
3           1           128.203
3           2           12.625
3           3           79.711
3           4           68.751
4           1           116.732
4           2           22.351
4           3           76.13
4           4           155.408
5           1           75.014
5           2           15.083
5           3           59.197
5           4           177.689
6           1           81.893
6           2           13.134
6           3           28.961
6           4           126.825
7           1           74.275
7           2           42.345
7           3           27.138
7           4           96.359
8           1           108.174
8           2           26.336
8           3           49.803
8           4           197.88



sc(j, m) - Setup costs for producing a lot of item j on machine m. The setup costs are period-independent.


1           1           21396.356
1           2           64189.067
1           3           32094.533
1           4           16047.267
2           1           16450.622
2           2           49351.867
2           3           24675.933
2           4           12337.967
3           1           18855.2
3           2           56565.6
3           3           28282.8
3           4           14141.4
4           1           15523.2
4           2           46569.6
4           3           23284.8
4           4           11642.4
5           1           16111.822
5           2           48335.467
5           3           24167.733
5           4           12083.867
6           1           20930.0
6           2           62790.0
6           3           31395.0
6           4           15697.5
7           1           14540.089
7           2           43620.267
7           3           21810.133
7           4           10905.067
8           1           7630.0
8           2           22890.0
8           3           11445.0
8           4           5722.5



bc(m) - Fixed investment cost for machine m.


1           1468.8687077723425
2           6352.036896191708
3           2733.158725058954
4           1966.076456360844



ca(m, t) - The available capacity of machine m in period t.


1           1           295.56124888888894
1           2           295.56124888888894
1           3           295.56124888888894
1           4           295.56124888888894
1           5           295.56124888888894
1           6           295.56124888888894
2           1           295.56124888888894
2           2           295.56124888888894
2           3           295.56124888888894
2           4           295.56124888888894
2           5           295.56124888888894
2           6           295.56124888888894
3           1           295.56124888888894
3           2           295.56124888888894
3           3           295.56124888888894
3           4           295.56124888888894
3           5           295.56124888888894
3           6           295.56124888888894
4           1           295.56124888888894
4           2           295.56124888888894
4           3           295.56124888888894
4           4           295.56124888888894
4           5           295.56124888888894
4           6           295.56124888888894



em(t) - The limits of carbon emissions in period t.


1           1277.3668249999998
2           1277.3668249999998
3           1277.3668249999998
4           1277.3668249999998
5           1277.3668249999998
6           1277.3668249999998
