Information for the currently-owned machines and the machines that may be purchased: if 1, the machine can be purchased, otherwise currently-owned.


1           0.0
2           0.0
3           1.0
4           0.0



item_machine_arc(j, m) - The relationship arc between item j and machine m, i.e., machine m is capable of producing item j if item_machine_arc(j, m) = 1.


1           1           0.0
1           2           0.0
1           3           1.0
1           4           0.0
2           1           1.0
2           2           1.0
2           3           0.0
2           4           0.0
3           1           1.0
3           2           1.0
3           3           1.0
3           4           1.0
4           1           0.0
4           2           1.0
4           3           0.0
4           4           1.0
5           1           0.0
5           2           1.0
5           3           1.0
5           4           1.0
6           1           1.0
6           2           1.0
6           3           1.0
6           4           1.0
7           1           0.0
7           2           0.0
7           3           0.0
7           4           1.0
8           1           0.0
8           2           0.0
8           3           0.0
8           4           1.0



d(j, t) - Gross demand for item j in period t.


1           1           46
1           2           30
1           3           36
1           4           44
1           5           36
1           6           38
2           1           46
2           2           34
2           3           32
2           4           44
2           5           41
2           6           45
3           1           41
3           2           39
3           3           46
3           4           42
3           5           36
3           6           39
4           1           32
4           2           41
4           3           43
4           4           32
4           5           31
4           6           39
5           1           33
5           2           39
5           3           44
5           4           34
5           5           33
5           6           48
6           1           44
6           2           50
6           3           50
6           4           43
6           5           31
6           6           41
7           1           46
7           2           34
7           3           47
7           4           40
7           5           40
7           6           49
8           1           36
8           2           35
8           3           45
8           4           48
8           5           46
8           6           49



pt(j, m) - Time required to produce one unit of item j on machine m. The production time is period-independent.


1           1           1.101
1           2           0.742
1           3           1.205
1           4           1.285
2           1           1.053
2           2           1.453
2           3           1.133
2           4           1.335
3           1           1.34
3           2           0.742
3           3           1.415
3           4           1.018
4           1           0.719
4           2           1.143
4           3           0.555
4           4           1.145
5           1           1.483
5           2           1.19
5           3           0.56
5           4           0.932
6           1           0.972
6           2           0.713
6           3           1.394
6           4           1.027
7           1           1.038
7           2           1.037
7           3           0.717
7           4           1.376
8           1           1.039
8           2           1.043
8           3           1.211
8           4           1.311



pc(j, m) - Variable costs of producing one unit of item j on machine m. The production cost is period-independent.


1           1           4.623
1           2           11.72
1           3           1.603
1           4           1.669
2           1           4.644
2           2           9.533
2           3           1.826
2           4           2.11
3           1           2.521
3           2           11.449
3           3           2.121
3           4           2.892
4           1           2.998
4           2           8.069
4           3           2.613
4           4           1.538
5           1           2.888
5           2           9.75
5           3           1.617
5           4           1.151
6           1           3.253
6           2           11.91
6           3           3.344
6           4           2.775
7           1           2.37
7           2           4.264
7           3           2.577
7           4           1.283
8           1           2.379
8           2           11.818
8           3           3.0
8           4           1.362



pe(j, m) - Production emission for producing one unit of item j on machine m. The production emission is period-independent.


1           1           0.192
1           2           0.08
1           3           0.645
1           4           0.397
2           1           0.321
2           2           0.116
2           3           0.506
2           4           0.47
3           1           0.328
3           2           0.055
3           3           0.602
3           4           0.902
4           1           0.37
4           2           0.117
4           3           0.43
4           4           0.959
5           1           0.478
5           2           0.177
5           3           0.519
5           4           0.769
6           1           0.274
6           2           0.191
6           3           0.43
6           4           0.915
7           1           0.229
7           2           0.097
7           3           0.705
7           4           0.525
8           1           0.394
8           2           0.13
8           3           0.245
8           4           0.375



hc(j) - Inventory-holding costs for one unit of item j for one period.


1           0.117
2           0.228
3           0.124
4           0.159
5           0.155
6           0.131
7           0.273
8           0.29



st(j, m) - Setup times for producing a lot of item j on machine m. The setup times are period-independent.


1           1           59.932
1           2           87.674
1           3           96.039
1           4           88.102
2           1           62.795
2           2           89.937
2           3           82.784
2           4           91.653
3           1           96.241
3           2           76.913
3           3           55.242
3           4           26.097
4           1           66.989
4           2           51.003
4           3           50.795
4           4           42.448
5           1           69.432
5           2           47.302
5           3           62.899
5           4           98.875
6           1           75.822
6           2           87.455
6           3           31.355
6           4           28.86
7           1           70.034
7           2           56.123
7           3           63.992
7           4           76.702
8           1           49.833
8           2           65.864
8           3           79.717
8           4           37.196



se(j, m) - Setup emission for producing a lot of item j on machine m. The setup emission are period-independent.


1           1           83.288
1           2           36.615
1           3           75.426
1           4           127.304
2           1           64.619
2           2           34.032
2           3           95.604
2           4           159.425
3           1           85.827
3           2           31.994
3           3           74.46
3           4           95.022
4           1           49.719
4           2           27.805
4           3           139.715
4           4           61.622
5           1           34.782
5           2           37.422
5           3           77.898
5           4           114.958
6           1           64.595
6           2           42.907
6           3           114.537
6           4           189.575
7           1           57.462
7           2           23.041
7           3           145.166
7           4           130.234
8           1           63.441
8           2           45.797
8           3           99.115
8           4           139.799



sc(j, m) - Setup costs for producing a lot of item j on machine m. The setup costs are period-independent.


1           1           12558.0
1           2           25116.0
1           3           8372.0
1           4           6279.0
2           1           25748.8
2           2           51497.6
2           3           17165.867
2           4           12874.4
3           1           14061.6
3           2           28123.2
3           3           9374.4
3           4           7030.8
4           1           16175.6
4           2           32351.2
4           3           10783.733
4           4           8087.8
5           1           16709.0
5           2           33418.0
5           3           11139.333
5           4           8354.5
6           1           15833.533
6           2           31667.067
6           3           10555.689
6           4           7916.767
7           1           32614.4
7           2           65228.8
7           3           21742.933
7           4           16307.2
8           1           35051.333
8           2           70102.667
8           3           23367.556
8           4           17525.667



bc(m) - Fixed investment cost for machine m.


1           252.04116518736552
2           13243.754312506393
3           1200.3800500527072
4           2419.2712911215403



ca(m, t) - The available capacity of machine m in period t.


1           1           298.2689888888888
1           2           298.2689888888888
1           3           298.2689888888888
1           4           298.2689888888888
1           5           298.2689888888888
1           6           298.2689888888888
2           1           298.2689888888888
2           2           298.2689888888888
2           3           298.2689888888888
2           4           298.2689888888888
2           5           298.2689888888888
2           6           298.2689888888888
3           1           298.2689888888888
3           2           298.2689888888888
3           3           298.2689888888888
3           4           298.2689888888888
3           5           298.2689888888888
3           6           298.2689888888888
4           1           298.2689888888888
4           2           298.2689888888888
4           3           298.2689888888888
4           4           298.2689888888888
4           5           298.2689888888888
4           6           298.2689888888888



em(t) - The limits of carbon emissions in period t.


1           692.4478166666665
2           692.4478166666665
3           692.4478166666665
4           692.4478166666665
5           692.4478166666665
6           692.4478166666665
