Information for the currently-owned machines and the machines that may be purchased: if 1, the machine can be purchased, otherwise currently-owned.


1           0.0
2           1.0
3           0.0
4           0.0



item_machine_arc(j, m) - The relationship arc between item j and machine m, i.e., machine m is capable of producing item j if item_machine_arc(j, m) = 1.


1           1           1.0
1           2           1.0
1           3           1.0
1           4           1.0
2           1           1.0
2           2           0.0
2           3           1.0
2           4           1.0
3           1           0.0
3           2           1.0
3           3           0.0
3           4           0.0
4           1           0.0
4           2           1.0
4           3           1.0
4           4           0.0
5           1           1.0
5           2           0.0
5           3           1.0
5           4           1.0
6           1           1.0
6           2           1.0
6           3           1.0
6           4           1.0
7           1           1.0
7           2           1.0
7           3           0.0
7           4           0.0
8           1           1.0
8           2           1.0
8           3           1.0
8           4           1.0



d(j, t) - Gross demand for item j in period t.


1           1           47
1           2           39
1           3           38
1           4           30
1           5           46
1           6           47
2           1           49
2           2           49
2           3           49
2           4           31
2           5           44
2           6           30
3           1           43
3           2           33
3           3           34
3           4           50
3           5           44
3           6           49
4           1           43
4           2           34
4           3           46
4           4           42
4           5           48
4           6           33
5           1           40
5           2           38
5           3           43
5           4           41
5           5           39
5           6           47
6           1           44
6           2           32
6           3           42
6           4           48
6           5           43
6           6           32
7           1           33
7           2           41
7           3           48
7           4           32
7           5           44
7           6           38
8           1           37
8           2           31
8           3           47
8           4           45
8           5           42
8           6           33



pt(j, m) - Time required to produce one unit of item j on machine m. The production time is period-independent.


1           1           1.265
1           2           0.947
1           3           0.923
1           4           0.635
2           1           0.529
2           2           0.544
2           3           1.434
2           4           1.1
3           1           1.414
3           2           0.574
3           3           1.137
3           4           0.906
4           1           0.692
4           2           0.724
4           3           1.403
4           4           0.984
5           1           0.772
5           2           1.363
5           3           1.456
5           4           0.663
6           1           1.311
6           2           0.799
6           3           1.446
6           4           1.431
7           1           1.079
7           2           1.37
7           3           1.227
7           4           0.97
8           1           0.819
8           2           1.149
8           3           0.55
8           4           0.587



pc(j, m) - Variable costs of producing one unit of item j on machine m. The production cost is period-independent.


1           1           1.092
1           2           5.294
1           3           4.555
1           4           2.541
2           1           1.91
2           2           3.83
2           3           5.045
2           4           2.99
3           1           2.035
3           2           5.64
3           3           4.275
3           4           2.572
4           1           1.383
4           2           5.719
4           3           10.101
4           4           2.334
5           1           1.664
5           2           2.946
5           3           5.255
5           4           1.676
6           1           1.606
6           2           2.924
6           3           7.478
6           4           2.684
7           1           2.14
7           2           5.465
7           3           10.969
7           4           1.374
8           1           1.493
8           2           2.07
8           3           10.928
8           4           3.312



pe(j, m) - Production emission for producing one unit of item j on machine m. The production emission is period-independent.


1           1           0.5
1           2           0.355
1           3           0.173
1           4           0.534
2           1           0.798
2           2           0.492
2           3           0.205
2           4           0.181
3           1           0.869
3           2           0.287
3           3           0.223
3           4           0.493
4           1           0.987
4           2           0.245
4           3           0.165
4           4           0.294
5           1           0.626
5           2           0.359
5           3           0.126
5           4           0.718
6           1           0.712
6           2           0.295
6           3           0.106
6           4           0.41
7           1           0.473
7           2           0.149
7           3           0.067
7           4           0.255
8           1           0.926
8           2           0.211
8           3           0.248
8           4           0.453



hc(j) - Inventory-holding costs for one unit of item j for one period.


1           0.222
2           0.101
3           0.239
4           0.219
5           0.257
6           0.243
7           0.3
8           0.129



st(j, m) - Setup times for producing a lot of item j on machine m. The setup times are period-independent.


1           1           70.442
1           2           51.477
1           3           69.912
1           4           38.864
2           1           58.421
2           2           80.92
2           3           56.024
2           4           40.251
3           1           27.256
3           2           79.37
3           3           33.814
3           4           29.308
4           1           60.272
4           2           85.708
4           3           61.832
4           4           50.375
5           1           92.649
5           2           34.701
5           3           88.127
5           4           94.009
6           1           49.559
6           2           55.635
6           3           60.787
6           4           76.86
7           1           77.509
7           2           78.424
7           3           75.114
7           4           38.895
8           1           55.091
8           2           97.626
8           3           33.087
8           4           72.111



se(j, m) - Setup emission for producing a lot of item j on machine m. The setup emission are period-independent.


1           1           161.43
1           2           94.397
1           3           15.644
1           4           40.709
2           1           104.63
2           2           76.848
2           3           23.527
2           4           138.774
3           1           186.52
3           2           61.414
3           3           49.76
3           4           100.212
4           1           96.549
4           2           96.779
4           3           36.624
4           4           61.199
5           1           95.019
5           2           94.103
5           3           45.663
5           4           89.904
6           1           158.135
6           2           27.908
6           3           30.424
6           4           53.14
7           1           66.856
7           2           37.414
7           3           29.704
7           4           76.122
8           1           56.115
8           2           54.108
8           3           28.735
8           4           96.837



sc(j, m) - Setup costs for producing a lot of item j on machine m. The setup costs are period-independent.


1           1           14074.06
1           2           28148.12
1           3           56296.24
1           4           18765.413
2           1           6532.68
2           2           13065.36
2           3           26130.72
2           4           8710.24
3           1           15519.863
3           2           31039.727
3           3           62079.453
3           4           20693.151
4           1           13827.66
4           2           27655.32
4           3           55310.64
4           4           18436.88
5           1           16358.907
5           2           32717.813
5           3           65435.627
5           4           21811.876
6           1           15031.17
6           2           30062.34
6           3           60124.68
6           4           20041.56
7           1           18172.0
7           2           36344.0
7           3           72688.0
7           4           24229.333
8           1           7780.85
8           2           15561.7
8           3           31123.4
8           4           10374.467



bc(m) - Fixed investment cost for machine m.


1           4523.8552299277435
2           25.29146663814208
3           7374.140613842386
4           2119.2144732128645



ca(m, t) - The available capacity of machine m in period t.


1           1           278.38051759259264
1           2           278.38051759259264
1           3           278.38051759259264
1           4           278.38051759259264
1           5           278.38051759259264
1           6           278.38051759259264
2           1           278.38051759259264
2           2           278.38051759259264
2           3           278.38051759259264
2           4           278.38051759259264
2           5           278.38051759259264
2           6           278.38051759259264
3           1           278.38051759259264
3           2           278.38051759259264
3           3           278.38051759259264
3           4           278.38051759259264
3           5           278.38051759259264
3           6           278.38051759259264
4           1           278.38051759259264
4           2           278.38051759259264
4           3           278.38051759259264
4           4           278.38051759259264
4           5           278.38051759259264
4           6           278.38051759259264



em(t) - The limits of carbon emissions in period t.


1           551.8484416666666
2           551.8484416666666
3           551.8484416666666
4           551.8484416666666
5           551.8484416666666
6           551.8484416666666
