Information for the currently-owned machines and the machines that may be purchased: if 1, the machine can be purchased, otherwise currently-owned.


1           0.0
2           0.0
3           1.0
4           0.0



item_machine_arc(j, m) - The relationship arc between item j and machine m, i.e., machine m is capable of producing item j if item_machine_arc(j, m) = 1.


1           1           0.0
1           2           1.0
1           3           1.0
1           4           0.0
2           1           1.0
2           2           1.0
2           3           1.0
2           4           1.0
3           1           1.0
3           2           1.0
3           3           1.0
3           4           1.0
4           1           1.0
4           2           1.0
4           3           1.0
4           4           1.0
5           1           0.0
5           2           1.0
5           3           1.0
5           4           1.0
6           1           1.0
6           2           1.0
6           3           1.0
6           4           1.0
7           1           1.0
7           2           1.0
7           3           1.0
7           4           1.0
8           1           1.0
8           2           1.0
8           3           0.0
8           4           0.0



d(j, t) - Gross demand for item j in period t.


1           1           35
1           2           48
1           3           40
1           4           40
1           5           33
1           6           31
2           1           30
2           2           42
2           3           33
2           4           49
2           5           40
2           6           32
3           1           33
3           2           30
3           3           38
3           4           41
3           5           37
3           6           31
4           1           31
4           2           39
4           3           47
4           4           42
4           5           40
4           6           45
5           1           49
5           2           44
5           3           30
5           4           37
5           5           43
5           6           30
6           1           30
6           2           48
6           3           49
6           4           36
6           5           35
6           6           32
7           1           44
7           2           40
7           3           32
7           4           36
7           5           42
7           6           42
8           1           50
8           2           36
8           3           37
8           4           35
8           5           44
8           6           30



pt(j, m) - Time required to produce one unit of item j on machine m. The production time is period-independent.


1           1           0.772
1           2           0.694
1           3           0.579
1           4           0.789
2           1           0.906
2           2           0.593
2           3           1.055
2           4           0.707
3           1           0.752
3           2           1.433
3           3           0.731
3           4           1.299
4           1           0.832
4           2           1.098
4           3           0.525
4           4           0.579
5           1           1.091
5           2           0.902
5           3           1.437
5           4           0.524
6           1           0.935
6           2           0.831
6           3           1.248
6           4           0.824
7           1           0.615
7           2           1.053
7           3           0.514
7           4           0.537
8           1           0.765
8           2           0.698
8           3           1.258
8           4           1.008



pc(j, m) - Variable costs of producing one unit of item j on machine m. The production cost is period-independent.


1           1           4.305
1           2           8.633
1           3           3.939
1           4           2.516
2           1           3.207
2           2           9.577
2           3           2.012
2           4           2.452
3           1           3.336
3           2           4.5
3           3           1.494
3           4           1.177
4           1           4.976
4           2           10.07
4           3           2.276
4           4           2.862
5           1           3.742
5           2           8.779
5           3           1.943
5           4           1.267
6           1           3.965
6           2           10.557
6           3           3.971
6           4           1.424
7           1           3.111
7           2           8.01
7           3           2.185
7           4           2.654
8           1           2.736
8           2           6.328
8           3           2.943
8           4           1.472



pe(j, m) - Production emission for producing one unit of item j on machine m. The production emission is period-independent.


1           1           1.619
1           2           1.043
1           3           2.554
1           4           3.08
2           1           2.184
2           2           0.458
2           3           3.421
2           4           1.508
3           1           2.002
3           2           1.12
3           3           3.02
3           4           3.398
4           1           1.254
4           2           0.368
4           3           1.042
4           4           1.929
5           1           2.039
5           2           0.612
5           3           1.828
5           4           1.25
6           1           2.273
6           2           0.946
6           3           2.555
6           4           1.007
7           1           1.003
7           2           1.231
7           3           2.756
7           4           4.44
8           1           0.577
8           2           0.982
8           3           2.363
8           4           1.384



hc(j) - Inventory-holding costs for one unit of item j for one period.


1           0.118
2           0.263
3           0.197
4           0.276
5           0.193
6           0.241
7           0.148
8           0.148



st(j, m) - Setup times for producing a lot of item j on machine m. The setup times are period-independent.


1           1           96.785
1           2           71.582
1           3           62.302
1           4           35.672
2           1           25.574
2           2           89.088
2           3           91.63
2           4           68.382
3           1           42.548
3           2           28.714
3           3           76.308
3           4           63.993
4           1           88.536
4           2           53.525
4           3           92.788
4           4           68.711
5           1           57.98
5           2           47.125
5           3           27.413
5           4           54.6
6           1           43.379
6           2           53.188
6           3           38.794
6           4           71.157
7           1           29.717
7           2           35.115
7           3           71.815
7           4           65.88
8           1           96.914
8           2           92.938
8           3           43.201
8           4           40.812



se(j, m) - Setup emission for producing a lot of item j on machine m. The setup emission are period-independent.


1           1           17.523
1           2           9.983
1           3           7.667
1           4           17.503
2           1           5.311
2           2           4.818
2           3           14.4
2           4           11.555
3           1           17.513
3           2           9.417
3           3           13.39
3           4           32.987
4           1           12.658
4           2           7.404
4           3           29.561
4           4           22.744
5           1           9.298
5           2           9.891
5           3           24.619
5           4           32.196
6           1           18.677
6           2           7.809
6           3           24.141
6           4           23.618
7           1           16.609
7           2           4.872
7           3           24.014
7           4           24.807
8           1           15.336
8           2           8.203
8           3           16.618
8           4           13.149



sc(j, m) - Setup costs for producing a lot of item j on machine m. The setup costs are period-independent.


1           1           12500.133
1           2           25000.267
1           3           8333.422
1           4           6250.067
2           1           27737.733
2           2           55475.467
2           3           18491.822
2           4           13868.867
3           1           19306.0
3           2           38612.0
3           3           12870.667
3           4           9653.0
4           1           31427.2
4           2           62854.4
4           3           20951.467
4           4           15713.6
5           1           20985.533
5           2           41971.067
5           3           13990.356
5           4           10492.767
6           1           25867.333
6           2           51734.667
6           3           17244.889
6           4           12933.667
7           1           16299.733
7           2           32599.467
7           3           10866.489
7           4           8149.867
8           1           16023.467
8           2           32046.933
8           3           10682.311
8           4           8011.733



bc(m) - Fixed investment cost for machine m.


1           7226.9767813440685
2           9162.48596015227
3           3387.255102282116
4           3260.7960511231713



ca(m, t) - The available capacity of machine m in period t.


1           1           258.5609237037037
1           2           258.5609237037037
1           3           258.5609237037037
1           4           258.5609237037037
1           5           258.5609237037037
1           6           258.5609237037037
2           1           258.5609237037037
2           2           258.5609237037037
2           3           258.5609237037037
2           4           258.5609237037037
2           5           258.5609237037037
2           6           258.5609237037037
3           1           258.5609237037037
3           2           258.5609237037037
3           3           258.5609237037037
3           4           258.5609237037037
3           5           258.5609237037037
3           6           258.5609237037037
4           1           258.5609237037037
4           2           258.5609237037037
4           3           258.5609237037037
4           4           258.5609237037037
4           5           258.5609237037037
4           6           258.5609237037037



em(t) - The limits of carbon emissions in period t.


1           873.6865958333333
2           873.6865958333333
3           873.6865958333333
4           873.6865958333333
5           873.6865958333333
6           873.6865958333333
