Information for the currently-owned machines and the machines that may be purchased: if 1, the machine can be purchased, otherwise currently-owned.


1           0.0
2           1.0
3           0.0
4           0.0



item_machine_arc(j, m) - The relationship arc between item j and machine m, i.e., machine m is capable of producing item j if item_machine_arc(j, m) = 1.


1           1           1.0
1           2           0.0
1           3           1.0
1           4           1.0
2           1           1.0
2           2           1.0
2           3           1.0
2           4           1.0
3           1           0.0
3           2           1.0
3           3           1.0
3           4           0.0
4           1           1.0
4           2           1.0
4           3           1.0
4           4           1.0
5           1           1.0
5           2           1.0
5           3           1.0
5           4           1.0
6           1           1.0
6           2           0.0
6           3           0.0
6           4           1.0
7           1           1.0
7           2           0.0
7           3           1.0
7           4           1.0
8           1           1.0
8           2           1.0
8           3           1.0
8           4           1.0



d(j, t) - Gross demand for item j in period t.


1           1           34
1           2           34
1           3           38
1           4           44
1           5           40
1           6           42
2           1           35
2           2           41
2           3           45
2           4           45
2           5           48
2           6           39
3           1           50
3           2           44
3           3           31
3           4           30
3           5           47
3           6           39
4           1           43
4           2           36
4           3           40
4           4           48
4           5           47
4           6           35
5           1           32
5           2           38
5           3           44
5           4           44
5           5           46
5           6           33
6           1           40
6           2           46
6           3           31
6           4           34
6           5           45
6           6           38
7           1           31
7           2           40
7           3           41
7           4           40
7           5           49
7           6           40
8           1           50
8           2           38
8           3           41
8           4           44
8           5           48
8           6           47



pt(j, m) - Time required to produce one unit of item j on machine m. The production time is period-independent.


1           1           1.27
1           2           1.077
1           3           1.296
1           4           0.585
2           1           1.274
2           2           0.764
2           3           0.526
2           4           1.369
3           1           1.303
3           2           1.277
3           3           0.577
3           4           0.503
4           1           1.3
4           2           0.678
4           3           0.829
4           4           0.743
5           1           1.22
5           2           1.009
5           3           0.617
5           4           1.232
6           1           0.534
6           2           1.179
6           3           1.471
6           4           0.686
7           1           0.8
7           2           1.025
7           3           1.497
7           4           1.043
8           1           1.488
8           2           0.549
8           3           1.02
8           4           1.133



pc(j, m) - Variable costs of producing one unit of item j on machine m. The production cost is period-independent.


1           1           2.834
1           2           1.891
1           3           2.732
1           4           8.569
2           1           2.239
2           2           1.467
2           3           2.285
2           4           5.658
3           1           1.507
3           2           2.699
3           3           4.196
3           4           5.981
4           1           2.415
4           2           1.516
4           3           3.38
4           4           6.04
5           1           1.904
5           2           1.533
5           3           3.829
5           4           8.167
6           1           2.487
6           2           2.902
6           3           2.318
6           4           9.031
7           1           2.064
7           2           3.87
7           3           3.42
7           4           6.36
8           1           1.258
8           2           3.646
8           3           2.474
8           4           9.092



pe(j, m) - Production emission for producing one unit of item j on machine m. The production emission is period-independent.


1           1           4.059
1           2           2.933
1           3           0.657
1           4           0.439
2           1           4.288
2           2           2.247
2           3           1.505
2           4           1.146
3           1           2.215
3           2           3.252
3           3           2.173
3           4           0.953
4           1           4.284
4           2           3.046
4           3           1.953
4           4           0.6
5           1           1.237
5           2           3.401
5           3           2.052
5           4           0.992
6           1           2.722
6           2           1.058
6           3           1.802
6           4           0.349
7           1           2.496
7           2           0.916
7           3           1.799
7           4           1.072
8           1           3.055
8           2           1.403
8           3           1.302
8           4           0.593



hc(j) - Inventory-holding costs for one unit of item j for one period.


1           0.236
2           0.161
3           0.146
4           0.112
5           0.279
6           0.228
7           0.147
8           0.159



st(j, m) - Setup times for producing a lot of item j on machine m. The setup times are period-independent.


1           1           98.523
1           2           72.248
1           3           40.833
1           4           43.613
2           1           99.408
2           2           51.619
2           3           33.248
2           4           47.998
3           1           80.237
3           2           60.432
3           3           76.139
3           4           61.304
4           1           59.32
4           2           32.551
4           3           45.397
4           4           89.255
5           1           63.217
5           2           62.861
5           3           52.56
5           4           69.978
6           1           98.81
6           2           38.97
6           3           39.18
6           4           65.455
7           1           90.251
7           2           49.453
7           3           67.473
7           4           92.258
8           1           37.653
8           2           38.297
8           3           37.795
8           4           66.17



se(j, m) - Setup emission for producing a lot of item j on machine m. The setup emission are period-independent.


1           1           29.429
1           2           12.016
1           3           10.328
1           4           7.854
2           1           30.917
2           2           20.79
2           3           9.116
2           4           8.68
3           1           19.584
3           2           10.818
3           3           5.889
3           4           2.571
4           1           32.051
4           2           9.493
4           3           9.454
4           4           8.057
5           1           10.555
5           2           16.796
5           3           14.398
5           4           2.937
6           1           18.284
6           2           28.049
6           3           16.909
6           4           7.588
7           1           30.485
7           2           10.713
7           3           16.152
7           4           8.662
8           1           37.655
8           2           25.111
8           3           7.408
8           4           6.743



sc(j, m) - Setup costs for producing a lot of item j on machine m. The setup costs are period-independent.


1           1           12775.467
1           2           17033.956
1           3           25550.933
1           4           51101.867
2           1           9504.367
2           2           12672.489
2           3           19008.733
2           4           38017.467
3           1           8210.067
3           2           10946.756
3           3           16420.133
3           4           32840.267
4           1           6507.2
4           2           8676.267
4           3           13014.4
4           4           26028.8
5           1           15428.7
5           2           20571.6
5           3           30857.4
5           4           61714.8
6           1           12448.8
6           2           16598.4
6           3           24897.6
6           4           49795.2
7           1           8266.3
7           2           11021.733
7           3           16532.6
7           4           33065.2
8           1           9942.8
8           2           13257.067
8           3           19885.6
8           4           39771.2



bc(m) - Fixed investment cost for machine m.


1           4550.914190282141
2           6588.051505649068
3           6613.344216872253
4           9113.861162259698



ca(m, t) - The available capacity of machine m in period t.


1           1           265.9952685185185
1           2           265.9952685185185
1           3           265.9952685185185
1           4           265.9952685185185
1           5           265.9952685185185
1           6           265.9952685185185
2           1           265.9952685185185
2           2           265.9952685185185
2           3           265.9952685185185
2           4           265.9952685185185
2           5           265.9952685185185
2           6           265.9952685185185
3           1           265.9952685185185
3           2           265.9952685185185
3           3           265.9952685185185
3           4           265.9952685185185
3           5           265.9952685185185
3           6           265.9952685185185
4           1           265.9952685185185
4           2           265.9952685185185
4           3           265.9952685185185
4           4           265.9952685185185
4           5           265.9952685185185
4           6           265.9952685185185



em(t) - The limits of carbon emissions in period t.


1           1097.0605372222221
2           1097.0605372222221
3           1097.0605372222221
4           1097.0605372222221
5           1097.0605372222221
6           1097.0605372222221
