Information for the currently-owned machines and the machines that may be purchased: if 1, the machine can be purchased, otherwise currently-owned.


1           0.0
2           0.0
3           0.0
4           1.0



item_machine_arc(j, m) - The relationship arc between item j and machine m, i.e., machine m is capable of producing item j if item_machine_arc(j, m) = 1.


1           1           1.0
1           2           1.0
1           3           1.0
1           4           1.0
2           1           0.0
2           2           1.0
2           3           0.0
2           4           1.0
3           1           1.0
3           2           0.0
3           3           1.0
3           4           0.0
4           1           1.0
4           2           0.0
4           3           0.0
4           4           0.0
5           1           1.0
5           2           0.0
5           3           1.0
5           4           1.0
6           1           1.0
6           2           1.0
6           3           0.0
6           4           1.0
7           1           1.0
7           2           0.0
7           3           0.0
7           4           1.0
8           1           0.0
8           2           1.0
8           3           1.0
8           4           0.0



d(j, t) - Gross demand for item j in period t.


1           1           47
1           2           33
1           3           42
1           4           47
1           5           43
1           6           44
2           1           43
2           2           43
2           3           40
2           4           36
2           5           41
2           6           33
3           1           31
3           2           36
3           3           39
3           4           38
3           5           48
3           6           42
4           1           37
4           2           34
4           3           46
4           4           47
4           5           38
4           6           50
5           1           43
5           2           30
5           3           31
5           4           37
5           5           42
5           6           43
6           1           31
6           2           43
6           3           40
6           4           45
6           5           32
6           6           49
7           1           35
7           2           35
7           3           37
7           4           41
7           5           40
7           6           45
8           1           41
8           2           47
8           3           33
8           4           33
8           5           45
8           6           32



pt(j, m) - Time required to produce one unit of item j on machine m. The production time is period-independent.


1           1           1.26
1           2           1.293
1           3           0.559
1           4           0.853
2           1           1.152
2           2           0.703
2           3           0.662
2           4           0.579
3           1           1.302
3           2           1.338
3           3           1.225
3           4           1.136
4           1           1.435
4           2           0.926
4           3           0.756
4           4           0.841
5           1           0.906
5           2           0.936
5           3           1.174
5           4           0.734
6           1           0.944
6           2           1.203
6           3           0.62
6           4           0.53
7           1           0.708
7           2           1.293
7           3           1.488
7           4           0.686
8           1           1.276
8           2           0.941
8           3           0.785
8           4           0.551



pc(j, m) - Variable costs of producing one unit of item j on machine m. The production cost is period-independent.


1           1           11.114
1           2           4.859
1           3           1.548
1           4           2.268
2           1           8.888
2           2           4.879
2           3           2.718
2           4           2.646
3           1           6.519
3           2           5.497
3           3           2.443
3           4           2.224
4           1           8.191
4           2           3.132
4           3           1.464
4           4           3.741
5           1           5.751
5           2           5.648
5           3           2.913
5           4           3.501
6           1           7.978
6           2           3.228
6           3           2.119
6           4           1.69
7           1           10.564
7           2           2.975
7           3           1.207
7           4           3.481
8           1           9.469
8           2           4.937
8           3           1.059
8           4           2.945



pe(j, m) - Production emission for producing one unit of item j on machine m. The production emission is period-independent.


1           1           0.104
1           2           0.207
1           3           0.662
1           4           0.717
2           1           0.208
2           2           0.483
2           3           0.298
2           4           0.433
3           1           0.108
3           2           0.472
3           3           0.471
3           4           0.685
4           1           0.179
4           2           0.302
4           3           0.866
4           4           0.439
5           1           0.122
5           2           0.162
5           3           0.513
5           4           0.642
6           1           0.115
6           2           0.316
6           3           0.944
6           4           0.372
7           1           0.109
7           2           0.212
7           3           0.846
7           4           0.196
8           1           0.099
8           2           0.171
8           3           0.78
8           4           0.248



hc(j) - Inventory-holding costs for one unit of item j for one period.


1           0.18
2           0.185
3           0.148
4           0.121
5           0.298
6           0.23
7           0.176
8           0.137



st(j, m) - Setup times for producing a lot of item j on machine m. The setup times are period-independent.


1           1           16.103
1           2           10.855
1           3           9.224
1           4           12.743
2           1           7.281
2           2           16.185
2           3           13.387
2           4           18.201
3           1           14.752
3           2           17.597
3           3           13.522
3           4           10.35
4           1           16.011
4           2           19.636
4           3           14.713
4           4           5.984
5           1           9.228
5           2           14.016
5           3           11.325
5           4           19.249
6           1           13.247
6           2           14.693
6           3           17.272
6           4           6.031
7           1           16.675
7           2           15.225
7           3           5.345
7           4           17.786
8           1           19.779
8           2           11.815
8           3           13.839
8           4           14.078



se(j, m) - Setup emission for producing a lot of item j on machine m. The setup emission are period-independent.


1           1           6.985
1           2           18.794
1           3           23.431
1           4           16.772
2           1           4.377
2           2           15.818
2           3           30.407
2           4           25.732
3           1           4.044
3           2           10.074
3           3           15.437
3           4           20.885
4           1           8.224
4           2           15.45
4           3           38.236
4           4           25.426
5           1           3.023
5           2           7.403
5           3           18.697
5           4           19.933
6           1           8.019
6           2           10.881
6           3           22.347
6           4           13.106
7           1           8.237
7           2           7.35
7           3           15.012
7           4           28.629
8           1           3.175
8           2           14.221
8           3           36.899
8           4           10.954



sc(j, m) - Setup costs for producing a lot of item j on machine m. The setup costs are period-independent.


1           1           47308.8
1           2           23654.4
1           3           11827.2
1           4           15769.6
2           1           44824.267
2           2           22412.133
2           3           11206.067
2           4           14941.422
3           1           35555.52
3           2           17777.76
3           3           8888.88
3           4           11851.84
4           1           31305.12
4           2           15652.56
4           3           7826.28
4           4           10435.04
5           1           69143.947
5           2           34571.973
5           3           17285.987
5           4           23047.982
6           1           56672.0
6           2           28336.0
6           3           14168.0
6           4           18890.667
7           1           42101.547
7           2           21050.773
7           3           10525.387
7           4           14033.849
8           1           32490.92
8           2           16245.46
8           3           8122.73
8           4           10830.307



bc(m) - Fixed investment cost for machine m.


1           18468.190052795857
2           1033.2051249013464
3           3768.7787665271217
4           606.8879825726236



ca(m, t) - The available capacity of machine m in period t.


1           1           170.55727499999998
1           2           170.55727499999998
1           3           170.55727499999998
1           4           170.55727499999998
1           5           170.55727499999998
1           6           170.55727499999998
2           1           170.55727499999998
2           2           170.55727499999998
2           3           170.55727499999998
2           4           170.55727499999998
2           5           170.55727499999998
2           6           170.55727499999998
3           1           170.55727499999998
3           2           170.55727499999998
3           3           170.55727499999998
3           4           170.55727499999998
3           5           170.55727499999998
3           6           170.55727499999998
4           1           170.55727499999998
4           2           170.55727499999998
4           3           170.55727499999998
4           4           170.55727499999998
4           5           170.55727499999998
4           6           170.55727499999998



em(t) - The limits of carbon emissions in period t.


1           234.79298888888886
2           234.79298888888886
3           234.79298888888886
4           234.79298888888886
5           234.79298888888886
6           234.79298888888886
