Information for the currently-owned machines and the machines that may be purchased: if 1, the machine can be purchased, otherwise currently-owned.


1           1.0
2           0.0
3           0.0
4           0.0



item_machine_arc(j, m) - The relationship arc between item j and machine m, i.e., machine m is capable of producing item j if item_machine_arc(j, m) = 1.


1           1           0.0
1           2           1.0
1           3           1.0
1           4           1.0
2           1           1.0
2           2           0.0
2           3           1.0
2           4           0.0
3           1           1.0
3           2           0.0
3           3           0.0
3           4           0.0
4           1           1.0
4           2           0.0
4           3           1.0
4           4           0.0
5           1           1.0
5           2           1.0
5           3           1.0
5           4           1.0
6           1           0.0
6           2           0.0
6           3           1.0
6           4           1.0
7           1           0.0
7           2           0.0
7           3           0.0
7           4           1.0
8           1           0.0
8           2           0.0
8           3           1.0
8           4           0.0



d(j, t) - Gross demand for item j in period t.


1           1           31
1           2           43
1           3           47
1           4           39
1           5           36
1           6           48
2           1           32
2           2           44
2           3           47
2           4           30
2           5           31
2           6           35
3           1           47
3           2           41
3           3           50
3           4           46
3           5           32
3           6           43
4           1           50
4           2           49
4           3           45
4           4           40
4           5           30
4           6           34
5           1           33
5           2           49
5           3           30
5           4           31
5           5           39
5           6           30
6           1           48
6           2           42
6           3           32
6           4           42
6           5           36
6           6           37
7           1           38
7           2           42
7           3           34
7           4           49
7           5           37
7           6           40
8           1           36
8           2           50
8           3           42
8           4           31
8           5           33
8           6           32



pt(j, m) - Time required to produce one unit of item j on machine m. The production time is period-independent.


1           1           1.351
1           2           0.514
1           3           0.529
1           4           0.533
2           1           1.141
2           2           0.683
2           3           0.974
2           4           1.482
3           1           1.412
3           2           0.876
3           3           1.145
3           4           1.114
4           1           0.684
4           2           1.317
4           3           1.095
4           4           0.912
5           1           1.211
5           2           0.956
5           3           0.978
5           4           1.258
6           1           1.306
6           2           1.1
6           3           0.912
6           4           0.582
7           1           0.648
7           2           0.768
7           3           1.474
7           4           1.141
8           1           0.943
8           2           0.511
8           3           1.147
8           4           1.273



pc(j, m) - Variable costs of producing one unit of item j on machine m. The production cost is period-independent.


1           1           7.419
1           2           5.513
1           3           1.061
1           4           3.649
2           1           11.157
2           2           3.746
2           3           2.597
2           4           1.695
3           1           4.375
3           2           4.514
3           3           2.929
3           4           3.67
4           1           8.994
4           2           5.625
4           3           1.378
4           4           2.557
5           1           8.359
5           2           2.551
5           3           2.528
5           4           2.184
6           1           5.829
6           2           3.373
6           3           1.058
6           4           3.879
7           1           5.791
7           2           2.304
7           3           2.694
7           4           1.514
8           1           9.109
8           2           2.037
8           3           1.457
8           4           1.499



pe(j, m) - Production emission for producing one unit of item j on machine m. The production emission is period-independent.


1           1           0.8
1           2           0.502
1           3           3.511
1           4           1.176
2           1           0.602
2           2           2.004
2           3           4.483
2           4           2.51
3           1           1.214
3           2           0.557
3           3           3.219
3           4           2.19
4           1           0.498
4           2           2.458
4           3           1.597
4           4           0.828
5           1           1.057
5           2           0.673
5           3           4.257
5           4           1.791
6           1           0.802
6           2           0.865
6           3           4.944
6           4           1.578
7           1           0.446
7           2           0.624
7           3           3.702
7           4           2.715
8           1           1.004
8           2           0.719
8           3           3.631
8           4           1.392



hc(j) - Inventory-holding costs for one unit of item j for one period.


1           0.131
2           0.11
3           0.11
4           0.274
5           0.261
6           0.235
7           0.184
8           0.294



st(j, m) - Setup times for producing a lot of item j on machine m. The setup times are period-independent.


1           1           8.932
1           2           18.461
1           3           14.4
1           4           19.768
2           1           15.552
2           2           18.635
2           3           7.463
2           4           16.554
3           1           7.678
3           2           6.224
3           3           12.49
3           4           5.256
4           1           10.783
4           2           15.886
4           3           17.995
4           4           10.11
5           1           14.216
5           2           9.737
5           3           12.059
5           4           17.729
6           1           18.752
6           2           18.862
6           3           12.648
6           4           15.188
7           1           7.516
7           2           7.303
7           3           8.057
7           4           17.542
8           1           9.758
8           2           19.973
8           3           8.826
8           4           15.068



se(j, m) - Setup emission for producing a lot of item j on machine m. The setup emission are period-independent.


1           1           17.28
1           2           81.759
1           3           125.846
1           4           120.53
2           1           29.455
2           2           82.478
2           3           98.076
2           4           52.247
3           1           20.636
3           2           39.431
3           3           94.434
3           4           146.039
4           1           37.472
4           2           81.945
4           3           191.928
4           4           79.941
5           1           31.694
5           2           76.766
5           3           180.866
5           4           102.535
6           1           32.609
6           2           46.344
6           3           114.775
6           4           90.742
7           1           18.442
7           2           96.735
7           3           154.38
7           4           97.037
8           1           36.281
8           2           89.185
8           3           137.301
8           4           98.032



sc(j, m) - Setup costs for producing a lot of item j on machine m. The setup costs are period-independent.


1           1           32816.373
1           2           16408.187
1           3           8204.093
1           4           10938.791
2           1           24732.4
2           2           12366.2
2           3           6183.1
2           4           8244.133
3           1           29249.733
3           2           14624.867
3           3           7312.433
3           4           9749.911
4           1           69764.053
4           2           34882.027
4           3           17441.013
4           4           23254.684
5           1           56807.52
5           2           28403.76
5           3           14201.88
5           4           18935.84
6           1           57180.2
6           2           28590.1
6           3           14295.05
6           4           19060.067
7           1           45337.6
7           2           22668.8
7           3           11334.4
7           4           15112.533
8           1           67612.16
8           2           33806.08
8           3           16903.04
8           4           22537.387



bc(m) - Fixed investment cost for machine m.


1           18980.36324509524
2           1711.3230661750722
3           2800.5510583805044
4           2463.2942228221855



ca(m, t) - The available capacity of machine m in period t.


1           1           171.24800648148147
1           2           171.24800648148147
1           3           171.24800648148147
1           4           171.24800648148147
1           5           171.24800648148147
1           6           171.24800648148147
2           1           171.24800648148147
2           2           171.24800648148147
2           3           171.24800648148147
2           4           171.24800648148147
2           5           171.24800648148147
2           6           171.24800648148147
3           1           171.24800648148147
3           2           171.24800648148147
3           3           171.24800648148147
3           4           171.24800648148147
3           5           171.24800648148147
3           6           171.24800648148147
4           1           171.24800648148147
4           2           171.24800648148147
4           3           171.24800648148147
4           4           171.24800648148147
4           5           171.24800648148147
4           6           171.24800648148147



em(t) - The limits of carbon emissions in period t.


1           1651.3193919444445
2           1651.3193919444445
3           1651.3193919444445
4           1651.3193919444445
5           1651.3193919444445
6           1651.3193919444445
