Information for the currently-owned machines and the machines that may be purchased: if 1, the machine can be purchased, otherwise currently-owned.


1           1.0
2           0.0
3           0.0
4           0.0



item_machine_arc(j, m) - The relationship arc between item j and machine m, i.e., machine m is capable of producing item j if item_machine_arc(j, m) = 1.


1           1           0.0
1           2           1.0
1           3           1.0
1           4           0.0
2           1           0.0
2           2           0.0
2           3           1.0
2           4           1.0
3           1           0.0
3           2           0.0
3           3           0.0
3           4           1.0
4           1           1.0
4           2           0.0
4           3           1.0
4           4           1.0
5           1           1.0
5           2           1.0
5           3           1.0
5           4           1.0
6           1           1.0
6           2           0.0
6           3           0.0
6           4           0.0
7           1           0.0
7           2           0.0
7           3           1.0
7           4           0.0
8           1           1.0
8           2           0.0
8           3           1.0
8           4           1.0



d(j, t) - Gross demand for item j in period t.


1           1           30
1           2           47
1           3           50
1           4           50
1           5           32
1           6           32
2           1           43
2           2           48
2           3           49
2           4           49
2           5           41
2           6           35
3           1           47
3           2           47
3           3           41
3           4           35
3           5           45
3           6           39
4           1           34
4           2           48
4           3           41
4           4           37
4           5           34
4           6           50
5           1           50
5           2           48
5           3           48
5           4           36
5           5           34
5           6           40
6           1           48
6           2           39
6           3           34
6           4           47
6           5           30
6           6           40
7           1           48
7           2           48
7           3           30
7           4           50
7           5           50
7           6           49
8           1           34
8           2           39
8           3           38
8           4           32
8           5           50
8           6           40



pt(j, m) - Time required to produce one unit of item j on machine m. The production time is period-independent.


1           1           0.907
1           2           0.919
1           3           1.227
1           4           0.93
2           1           1.215
2           2           0.587
2           3           0.534
2           4           1.441
3           1           0.805
3           2           1.055
3           3           1.282
3           4           1.408
4           1           0.573
4           2           1.047
4           3           0.797
4           4           0.564
5           1           1.291
5           2           1.118
5           3           0.817
5           4           0.983
6           1           1.425
6           2           0.93
6           3           1.242
6           4           1.091
7           1           0.599
7           2           1.391
7           3           1.331
7           4           0.953
8           1           0.842
8           2           0.903
8           3           1.378
8           4           1.009



pc(j, m) - Variable costs of producing one unit of item j on machine m. The production cost is period-independent.


1           1           1.386
1           2           2.753
1           3           8.743
1           4           2.106
2           1           1.879
2           2           4.119
2           3           10.419
2           4           2.633
3           1           2.998
3           2           2.656
3           3           9.653
3           4           1.621
4           1           2.301
4           2           5.625
4           3           7.929
4           4           2.659
5           1           3.69
5           2           5.294
5           3           9.726
5           4           1.267
6           1           2.782
6           2           3.801
6           3           8.99
6           4           2.533
7           1           3.242
7           2           4.443
7           3           10.417
7           4           1.765
8           1           3.871
8           2           2.354
8           3           6.676
8           4           2.711



pe(j, m) - Production emission for producing one unit of item j on machine m. The production emission is period-independent.


1           1           1.535
1           2           2.492
1           3           0.8
1           4           1.607
2           1           2.549
2           2           0.856
2           3           0.892
2           4           4.731
3           1           1.109
3           2           1.278
3           3           0.712
3           4           2.176
4           1           2.988
4           2           2.467
4           3           0.826
4           4           2.957
5           1           3.696
5           2           2.19
5           3           1.171
5           4           1.863
6           1           2.722
6           2           0.834
6           3           0.413
6           4           4.287
7           1           2.289
7           2           1.125
7           3           0.939
7           4           3.949
8           1           1.805
8           2           1.84
8           3           1.23
8           4           3.166



hc(j) - Inventory-holding costs for one unit of item j for one period.


1           0.186
2           0.289
3           0.265
4           0.214
5           0.242
6           0.124
7           0.217
8           0.14



st(j, m) - Setup times for producing a lot of item j on machine m. The setup times are period-independent.


1           1           19.473
1           2           17.075
1           3           18.803
1           4           12.967
2           1           5.676
2           2           14.679
2           3           16.902
2           4           18.735
3           1           11.713
3           2           18.876
3           3           6.063
3           4           15.655
4           1           9.868
4           2           12.491
4           3           12.954
4           4           11.506
5           1           13.393
5           2           12.328
5           3           9.962
5           4           9.092
6           1           9.81
6           2           11.426
6           3           14.134
6           4           14.42
7           1           7.326
7           2           19.575
7           3           13.949
7           4           19.004
8           1           6.561
8           2           18.471
8           3           6.271
8           4           7.281



se(j, m) - Setup emission for producing a lot of item j on machine m. The setup emission are period-independent.


1           1           11.484
1           2           6.947
1           3           7.482
1           4           12.967
2           1           12.883
2           2           17.277
2           3           2.756
2           4           33.161
3           1           15.275
3           2           6.149
3           3           7.885
3           4           27.848
4           1           17.116
4           2           14.327
4           3           7.371
4           4           14.271
5           1           25.915
5           2           6.742
5           3           8.566
5           4           38.489
6           1           26.179
6           2           14.278
6           3           7.314
6           4           34.801
7           1           27.765
7           2           14.513
7           3           8.475
7           4           23.133
8           1           29.835
8           2           17.979
8           3           8.455
8           4           20.674



sc(j, m) - Setup costs for producing a lot of item j on machine m. The setup costs are period-independent.


1           1           13945.867
1           2           20918.8
1           3           41837.6
1           4           10459.4
2           1           23826.444
2           2           35739.667
2           3           71479.333
2           4           17869.833
3           1           20940.889
3           2           31411.333
3           3           62822.667
3           4           15705.667
4           1           16244.978
4           2           24367.467
4           3           48734.933
4           4           12183.733
5           1           19273.956
5           2           28910.933
5           3           57821.867
5           4           14455.467
6           1           9181.511
6           2           13772.267
6           3           27544.533
6           4           6886.133
7           1           18565.556
7           2           27848.333
7           3           55696.667
7           4           13924.167
8           1           10148.444
8           2           15222.667
8           3           30445.333
8           4           7611.333



bc(m) - Fixed investment cost for machine m.


1           4976.57608813129
2           717.2873203831709
3           13453.821653692154
4           2885.675243206093



ca(m, t) - The available capacity of machine m in period t.


1           1           200.20657870370368
1           2           200.20657870370368
1           3           200.20657870370368
1           4           200.20657870370368
1           5           200.20657870370368
1           6           200.20657870370368
2           1           200.20657870370368
2           2           200.20657870370368
2           3           200.20657870370368
2           4           200.20657870370368
2           5           200.20657870370368
2           6           200.20657870370368
3           1           200.20657870370368
3           2           200.20657870370368
3           3           200.20657870370368
3           4           200.20657870370368
3           5           200.20657870370368
3           6           200.20657870370368
4           1           200.20657870370368
4           2           200.20657870370368
4           3           200.20657870370368
4           4           200.20657870370368
4           5           200.20657870370368
4           6           200.20657870370368



em(t) - The limits of carbon emissions in period t.


1           1078.9866499999998
2           1078.9866499999998
3           1078.9866499999998
4           1078.9866499999998
5           1078.9866499999998
6           1078.9866499999998
