Information for the currently-owned machines and the machines that may be purchased: if 1, the machine can be purchased, otherwise currently-owned.


1           0.0
2           1.0
3           0.0
4           0.0



item_machine_arc(j, m) - The relationship arc between item j and machine m, i.e., machine m is capable of producing item j if item_machine_arc(j, m) = 1.


1           1           1.0
1           2           0.0
1           3           0.0
1           4           1.0
2           1           1.0
2           2           0.0
2           3           0.0
2           4           0.0
3           1           1.0
3           2           0.0
3           3           0.0
3           4           0.0
4           1           1.0
4           2           1.0
4           3           1.0
4           4           1.0
5           1           1.0
5           2           1.0
5           3           0.0
5           4           1.0
6           1           0.0
6           2           1.0
6           3           1.0
6           4           0.0
7           1           1.0
7           2           1.0
7           3           1.0
7           4           1.0
8           1           1.0
8           2           1.0
8           3           1.0
8           4           1.0



d(j, t) - Gross demand for item j in period t.


1           1           45
1           2           36
1           3           49
1           4           41
1           5           49
1           6           49
2           1           41
2           2           48
2           3           45
2           4           42
2           5           33
2           6           39
3           1           44
3           2           38
3           3           32
3           4           39
3           5           50
3           6           31
4           1           34
4           2           31
4           3           37
4           4           48
4           5           49
4           6           41
5           1           31
5           2           35
5           3           48
5           4           45
5           5           45
5           6           35
6           1           43
6           2           46
6           3           30
6           4           46
6           5           42
6           6           35
7           1           46
7           2           44
7           3           43
7           4           43
7           5           42
7           6           38
8           1           41
8           2           43
8           3           36
8           4           44
8           5           45
8           6           34



pt(j, m) - Time required to produce one unit of item j on machine m. The production time is period-independent.


1           1           1.471
1           2           0.758
1           3           0.518
1           4           0.554
2           1           1.245
2           2           1.441
2           3           1.198
2           4           1.11
3           1           0.963
3           2           1.18
3           3           0.923
3           4           0.548
4           1           1.265
4           2           1.46
4           3           0.801
4           4           1.15
5           1           0.565
5           2           0.886
5           3           0.684
5           4           0.641
6           1           0.576
6           2           1.231
6           3           1.176
6           4           1.293
7           1           0.628
7           2           1.453
7           3           1.146
7           4           1.422
8           1           0.619
8           2           1.434
8           3           0.708
8           4           0.884



pc(j, m) - Variable costs of producing one unit of item j on machine m. The production cost is period-independent.


1           1           6.049
1           2           5.8
1           3           1.374
1           4           1.448
2           1           9.492
2           2           5.692
2           3           3.111
2           4           2.974
3           1           4.867
3           2           3.679
3           3           2.475
3           4           2.892
4           1           7.356
4           2           3.06
4           3           1.511
4           4           2.829
5           1           4.867
5           2           2.712
5           3           2.537
5           4           2.053
6           1           5.042
6           2           3.74
6           3           2.646
6           4           2.419
7           1           6.66
7           2           3.495
7           3           1.762
7           4           2.796
8           1           4.546
8           2           3.806
8           3           2.296
8           4           2.374



pe(j, m) - Production emission for producing one unit of item j on machine m. The production emission is period-independent.


1           1           1.184
1           2           0.633
1           3           1.825
1           4           1.326
2           1           1.214
2           2           1.491
2           3           0.874
2           4           3.963
3           1           0.72
3           2           1.195
3           3           3.493
3           4           4.807
4           1           1.163
4           2           2.008
4           3           1.096
4           4           4.674
5           1           1.044
5           2           0.673
5           3           1.996
5           4           4.533
6           1           1.009
6           2           1.808
6           3           3.131
6           4           3.595
7           1           0.548
7           2           1.594
7           3           1.765
7           4           4.79
8           1           1.042
8           2           1.915
8           3           1.922
8           4           3.685



hc(j) - Inventory-holding costs for one unit of item j for one period.


1           0.223
2           0.191
3           0.228
4           0.213
5           0.295
6           0.243
7           0.195
8           0.198



st(j, m) - Setup times for producing a lot of item j on machine m. The setup times are period-independent.


1           1           46.857
1           2           72.619
1           3           37.61
1           4           99.214
2           1           45.175
2           2           71.139
2           3           25.929
2           4           79.435
3           1           35.407
3           2           50.426
3           3           89.365
3           4           91.63
4           1           73.119
4           2           61.561
4           3           94.54
4           4           97.216
5           1           45.33
5           2           96.81
5           3           45.745
5           4           89.82
6           1           78.473
6           2           44.657
6           3           49.481
6           4           55.532
7           1           60.851
7           2           62.3
7           3           55.591
7           4           69.008
8           1           50.298
8           2           81.978
8           3           31.998
8           4           85.234



se(j, m) - Setup emission for producing a lot of item j on machine m. The setup emission are period-independent.


1           1           3.676
1           2           16.61
1           3           25.793
1           4           26.343
2           1           4.189
2           2           10.487
2           3           19.545
2           4           35.879
3           1           4.387
3           2           18.286
3           3           23.141
3           4           25.455
4           1           4.473
4           2           18.906
4           3           11.607
4           4           30.032
5           1           4.106
5           2           14.435
5           3           16.667
5           4           22.929
6           1           5.798
6           2           10.202
6           3           23.932
6           4           21.746
7           1           5.87
7           2           15.553
7           3           12.728
7           4           27.98
8           1           3.514
8           2           7.192
8           3           23.276
8           4           22.249



sc(j, m) - Setup costs for producing a lot of item j on machine m. The setup costs are period-independent.


1           1           55987.867
1           2           27993.933
1           3           18662.622
1           4           13996.967
2           1           44210.133
2           2           22105.067
2           3           14736.711
2           4           11052.533
3           1           49795.2
3           2           24897.6
3           3           16598.4
3           4           12448.8
4           1           47712.0
4           2           23856.0
4           3           15904.0
4           4           11928.0
5           1           65804.667
5           2           32902.333
5           3           21934.889
5           4           16451.167
6           1           54885.6
6           2           27442.8
6           3           18295.2
6           4           13721.4
7           1           46592.0
7           2           23296.0
7           3           15530.667
7           4           11648.0
8           1           44906.4
8           2           22453.2
8           3           14968.8
8           4           11226.6



bc(m) - Fixed investment cost for machine m.


1           12883.185287040887
2           1271.0822777783737
3           6109.4065471356525
4           1364.7131918299444



ca(m, t) - The available capacity of machine m in period t.


1           1           300.7871462037037
1           2           300.7871462037037
1           3           300.7871462037037
1           4           300.7871462037037
1           5           300.7871462037037
1           6           300.7871462037037
2           1           300.7871462037037
2           2           300.7871462037037
2           3           300.7871462037037
2           4           300.7871462037037
2           5           300.7871462037037
2           6           300.7871462037037
3           1           300.7871462037037
3           2           300.7871462037037
3           3           300.7871462037037
3           4           300.7871462037037
3           5           300.7871462037037
3           6           300.7871462037037
4           1           300.7871462037037
4           2           300.7871462037037
4           3           300.7871462037037
4           4           300.7871462037037
4           5           300.7871462037037
4           6           300.7871462037037



em(t) - The limits of carbon emissions in period t.


1           890.6277722222222
2           890.6277722222222
3           890.6277722222222
4           890.6277722222222
5           890.6277722222222
6           890.6277722222222
