Information for the currently-owned machines and the machines that may be purchased: if 1, the machine can be purchased, otherwise currently-owned.


1           0.0
2           0.0
3           0.0
4           1.0



item_machine_arc(j, m) - The relationship arc between item j and machine m, i.e., machine m is capable of producing item j if item_machine_arc(j, m) = 1.


1           1           1.0
1           2           0.0
1           3           0.0
1           4           1.0
2           1           1.0
2           2           1.0
2           3           1.0
2           4           1.0
3           1           1.0
3           2           1.0
3           3           1.0
3           4           1.0
4           1           0.0
4           2           1.0
4           3           0.0
4           4           0.0
5           1           0.0
5           2           0.0
5           3           0.0
5           4           1.0
6           1           1.0
6           2           1.0
6           3           1.0
6           4           0.0
7           1           1.0
7           2           1.0
7           3           1.0
7           4           1.0
8           1           1.0
8           2           0.0
8           3           0.0
8           4           0.0



d(j, t) - Gross demand for item j in period t.


1           1           45
1           2           32
1           3           43
1           4           46
1           5           32
1           6           42
2           1           36
2           2           43
2           3           37
2           4           34
2           5           31
2           6           45
3           1           45
3           2           47
3           3           39
3           4           38
3           5           47
3           6           40
4           1           46
4           2           44
4           3           33
4           4           50
4           5           42
4           6           47
5           1           39
5           2           39
5           3           50
5           4           42
5           5           43
5           6           32
6           1           50
6           2           31
6           3           42
6           4           39
6           5           39
6           6           50
7           1           35
7           2           50
7           3           48
7           4           46
7           5           44
7           6           37
8           1           37
8           2           32
8           3           48
8           4           33
8           5           30
8           6           49



pt(j, m) - Time required to produce one unit of item j on machine m. The production time is period-independent.


1           1           0.899
1           2           1.226
1           3           0.958
1           4           1.442
2           1           1.289
2           2           0.961
2           3           1.215
2           4           0.746
3           1           1.408
3           2           1.126
3           3           0.774
3           4           1.425
4           1           0.893
4           2           1.218
4           3           1.453
4           4           0.722
5           1           0.844
5           2           1.167
5           3           0.746
5           4           1.224
6           1           0.851
6           2           1.333
6           3           1.439
6           4           0.507
7           1           1.24
7           2           1.243
7           3           1.116
7           4           1.265
8           1           1.108
8           2           0.51
8           3           0.544
8           4           0.655



pc(j, m) - Variable costs of producing one unit of item j on machine m. The production cost is period-independent.


1           1           4.642
1           2           3.481
1           3           1.244
1           4           2.107
2           1           10.415
2           2           3.516
2           3           1.794
2           4           4.082
3           1           7.9
3           2           2.441
3           3           2.391
3           4           2.026
4           1           9.105
4           2           3.599
4           3           2.418
4           4           3.969
5           1           9.851
5           2           3.911
5           3           2.08
5           4           3.552
6           1           9.277
6           2           2.159
6           3           2.911
6           4           2.873
7           1           9.578
7           2           3.962
7           3           1.109
7           4           2.538
8           1           9.526
8           2           2.722
8           3           2.507
8           4           3.505



pe(j, m) - Production emission for producing one unit of item j on machine m. The production emission is period-independent.


1           1           0.3
1           2           3.166
1           3           2.477
1           4           1.752
2           1           0.401
2           2           2.968
2           3           1.7
2           4           1.87
3           1           0.435
3           2           1.741
3           3           4.476
3           4           0.655
4           1           0.697
4           2           3.214
4           3           1.306
4           4           1.441
5           1           0.732
5           2           1.581
5           3           3.657
5           4           0.989
6           1           0.754
6           2           2.459
6           3           4.79
6           4           1.758
7           1           0.651
7           2           2.709
7           3           2.975
7           4           2.042
8           1           0.79
8           2           2.542
8           3           2.952
8           4           0.893



hc(j) - Inventory-holding costs for one unit of item j for one period.


1           0.219
2           0.134
3           0.232
4           0.154
5           0.148
6           0.241
7           0.284
8           0.222



st(j, m) - Setup times for producing a lot of item j on machine m. The setup times are period-independent.


1           1           16.654
1           2           12.222
1           3           19.383
1           4           6.32
2           1           19.728
2           2           5.853
2           3           18.894
2           4           8.643
3           1           5.899
3           2           13.707
3           3           11.651
3           4           9.521
4           1           15.562
4           2           17.35
4           3           19.566
4           4           12.438
5           1           8.433
5           2           9.773
5           3           12.899
5           4           6.275
6           1           7.651
6           2           9.774
6           3           7.378
6           4           11.776
7           1           5.013
7           2           19.956
7           3           12.697
7           4           16.842
8           1           9.422
8           2           12.324
8           3           7.079
8           4           17.431



se(j, m) - Setup emission for producing a lot of item j on machine m. The setup emission are period-independent.


1           1           29.53
1           2           49.801
1           3           163.667
1           4           84.436
2           1           28.217
2           2           51.963
2           3           67.716
2           4           38.804
3           1           37.321
3           2           143.067
3           3           77.378
3           4           65.78
4           1           34.287
4           2           113.736
4           3           90.426
4           4           75.116
5           1           20.256
5           2           74.446
5           3           178.823
5           4           63.809
6           1           13.228
6           2           65.376
6           3           120.794
6           4           67.344
7           1           48.982
7           2           111.299
7           3           152.871
7           4           83.394
8           1           19.792
8           2           50.326
8           3           105.079
8           4           72.33



sc(j, m) - Setup costs for producing a lot of item j on machine m. The setup costs are period-independent.


1           1           49056.0
1           2           16352.0
1           3           12264.0
1           4           24528.0
2           1           28265.067
2           2           9421.689
2           3           7066.267
2           4           14132.533
3           1           55432.533
3           2           18477.511
3           3           13858.133
3           4           27716.267
4           1           37658.133
4           2           12552.711
4           3           9414.533
4           4           18829.067
5           1           33842.667
5           2           11280.889
5           3           8460.667
5           4           16921.333
6           1           56458.267
6           2           18819.422
6           3           14114.567
6           4           28229.133
7           1           68917.333
7           2           22972.444
7           3           17229.333
7           4           34458.667
8           1           47448.8
8           2           15816.267
8           3           11862.2
8           4           23724.4



bc(m) - Fixed investment cost for machine m.


1           12619.15929142347
2           3038.9650104260622
3           418.511998098573
4           9104.711253134989



ca(m, t) - The available capacity of machine m in period t.


1           1           200.93685370370363
1           2           200.93685370370363
1           3           200.93685370370363
1           4           200.93685370370363
1           5           200.93685370370363
1           6           200.93685370370363
2           1           200.93685370370363
2           2           200.93685370370363
2           3           200.93685370370363
2           4           200.93685370370363
2           5           200.93685370370363
2           6           200.93685370370363
3           1           200.93685370370363
3           2           200.93685370370363
3           3           200.93685370370363
3           4           200.93685370370363
3           5           200.93685370370363
3           6           200.93685370370363
4           1           200.93685370370363
4           2           200.93685370370363
4           3           200.93685370370363
4           4           200.93685370370363
4           5           200.93685370370363
4           6           200.93685370370363



em(t) - The limits of carbon emissions in period t.


1           1219.8120277777778
2           1219.8120277777778
3           1219.8120277777778
4           1219.8120277777778
5           1219.8120277777778
6           1219.8120277777778
