Information for the currently-owned machines and the machines that may be purchased: if 1, the machine can be purchased, otherwise currently-owned.


1           0.0
2           0.0
3           1.0
4           0.0



item_machine_arc(j, m) - The relationship arc between item j and machine m, i.e., machine m is capable of producing item j if item_machine_arc(j, m) = 1.


1           1           1.0
1           2           1.0
1           3           1.0
1           4           0.0
2           1           1.0
2           2           0.0
2           3           1.0
2           4           1.0
3           1           0.0
3           2           0.0
3           3           0.0
3           4           1.0
4           1           0.0
4           2           1.0
4           3           1.0
4           4           0.0
5           1           1.0
5           2           1.0
5           3           0.0
5           4           1.0
6           1           0.0
6           2           0.0
6           3           0.0
6           4           1.0
7           1           0.0
7           2           1.0
7           3           1.0
7           4           1.0
8           1           1.0
8           2           1.0
8           3           0.0
8           4           1.0



d(j, t) - Gross demand for item j in period t.


1           1           39
1           2           30
1           3           35
1           4           30
1           5           36
1           6           36
2           1           39
2           2           43
2           3           40
2           4           30
2           5           39
2           6           32
3           1           43
3           2           36
3           3           41
3           4           46
3           5           50
3           6           48
4           1           33
4           2           34
4           3           37
4           4           34
4           5           50
4           6           33
5           1           47
5           2           50
5           3           34
5           4           49
5           5           46
5           6           46
6           1           49
6           2           37
6           3           42
6           4           39
6           5           39
6           6           33
7           1           32
7           2           39
7           3           48
7           4           34
7           5           42
7           6           45
8           1           35
8           2           43
8           3           49
8           4           35
8           5           46
8           6           34



pt(j, m) - Time required to produce one unit of item j on machine m. The production time is period-independent.


1           1           1.106
1           2           0.845
1           3           1.35
1           4           0.739
2           1           1.395
2           2           1.206
2           3           1.337
2           4           1.033
3           1           1.287
3           2           1.232
3           3           1.265
3           4           1.065
4           1           1.241
4           2           1.255
4           3           0.82
4           4           1.341
5           1           1.426
5           2           0.894
5           3           0.527
5           4           0.502
6           1           1.236
6           2           0.749
6           3           0.881
6           4           1.206
7           1           1.35
7           2           0.977
7           3           1.441
7           4           1.451
8           1           1.262
8           2           1.355
8           3           0.514
8           4           0.868



pc(j, m) - Variable costs of producing one unit of item j on machine m. The production cost is period-independent.


1           1           1.499
1           2           3.538
1           3           9.575
1           4           3.807
2           1           2.947
2           2           5.611
2           3           10.847
2           4           1.51
3           1           2.717
3           2           5.126
3           3           8.641
3           4           1.573
4           1           1.166
4           2           2.526
4           3           8.792
4           4           2.598
5           1           2.309
5           2           4.538
5           3           9.733
5           4           2.832
6           1           1.74
6           2           3.115
6           3           4.634
6           4           2.044
7           1           2.801
7           2           3.521
7           3           8.283
7           4           1.72
8           1           2.066
8           2           2.65
8           3           9.302
8           4           1.98



pe(j, m) - Production emission for producing one unit of item j on machine m. The production emission is period-independent.


1           1           1.745
1           2           1.354
1           3           0.979
1           4           1.95
2           1           3.866
2           2           0.561
2           3           0.623
2           4           3.061
3           1           1.227
3           2           2.24
3           3           1.051
3           4           0.816
4           1           4.849
4           2           1.79
4           3           1.22
4           4           2.451
5           1           1.107
5           2           1.193
5           3           0.997
5           4           3.606
6           1           3.01
6           2           1.786
6           3           0.934
6           4           2.884
7           1           1.954
7           2           1.348
7           3           0.394
7           4           2.041
8           1           1.796
8           2           0.676
8           3           0.619
8           4           0.785



hc(j) - Inventory-holding costs for one unit of item j for one period.


1           0.288
2           0.247
3           0.106
4           0.158
5           0.202
6           0.278
7           0.102
8           0.188



st(j, m) - Setup times for producing a lot of item j on machine m. The setup times are period-independent.


1           1           12.463
1           2           19.542
1           3           19.753
1           4           15.026
2           1           11.519
2           2           13.598
2           3           19.244
2           4           13.209
3           1           16.377
3           2           5.324
3           3           19.056
3           4           8.972
4           1           9.34
4           2           18.901
4           3           15.341
4           4           6.178
5           1           13.829
5           2           18.652
5           3           19.316
5           4           14.879
6           1           7.721
6           2           8.25
6           3           19.521
6           4           18.179
7           1           8.428
7           2           11.746
7           3           16.459
7           4           5.953
8           1           18.376
8           2           7.299
8           3           13.518
8           4           11.611



se(j, m) - Setup emission for producing a lot of item j on machine m. The setup emission are period-independent.


1           1           54.11
1           2           62.105
1           3           26.559
1           4           112.835
2           1           195.891
2           2           68.23
2           3           39.156
2           4           123.914
3           1           159.145
3           2           93.487
3           3           43.639
3           4           104.907
4           1           161.659
4           2           25.219
4           3           17.903
4           4           78.405
5           1           52.372
5           2           44.521
5           3           15.511
5           4           120.173
6           1           62.95
6           2           27.089
6           3           39.685
6           4           74.933
7           1           125.063
7           2           50.119
7           3           31.697
7           4           58.731
8           1           198.959
8           2           32.708
8           3           17.636
8           4           56.055



sc(j, m) - Setup costs for producing a lot of item j on machine m. The setup costs are period-independent.


1           1           13843.2
1           2           27686.4
1           3           55372.8
1           4           18457.6
2           1           12852.233
2           2           25704.467
2           3           51408.933
2           4           17136.311
3           1           6529.6
3           2           13059.2
3           3           26118.4
3           4           8706.133
4           1           8147.533
4           2           16295.067
4           3           32590.133
4           4           10863.378
5           1           12820.267
5           2           25640.533
5           3           51281.067
5           4           17093.689
6           1           15503.133
6           2           31006.267
6           3           62012.533
6           4           20670.844
7           1           5712.0
7           2           11424.0
7           3           22848.0
7           4           7616.0
8           1           10615.733
8           2           21231.467
8           3           42462.933
8           4           14154.311



bc(m) - Fixed investment cost for machine m.


1           4834.9485184314
2           3355.5994403159652
3           8391.845482958573
4           4309.390434393159



ca(m, t) - The available capacity of machine m in period t.


1           1           194.37209814814813
1           2           194.37209814814813
1           3           194.37209814814813
1           4           194.37209814814813
1           5           194.37209814814813
1           6           194.37209814814813
2           1           194.37209814814813
2           2           194.37209814814813
2           3           194.37209814814813
2           4           194.37209814814813
2           5           194.37209814814813
2           6           194.37209814814813
3           1           194.37209814814813
3           2           194.37209814814813
3           3           194.37209814814813
3           4           194.37209814814813
3           5           194.37209814814813
3           6           194.37209814814813
4           1           194.37209814814813
4           2           194.37209814814813
4           3           194.37209814814813
4           4           194.37209814814813
4           5           194.37209814814813
4           6           194.37209814814813



em(t) - The limits of carbon emissions in period t.


1           1150.4887333333331
2           1150.4887333333331
3           1150.4887333333331
4           1150.4887333333331
5           1150.4887333333331
6           1150.4887333333331
