Information for the currently-owned machines and the machines that may be purchased: if 1, the machine can be purchased, otherwise currently-owned.


1           1.0
2           0.0
3           0.0
4           0.0



item_machine_arc(j, m) - The relationship arc between item j and machine m, i.e., machine m is capable of producing item j if item_machine_arc(j, m) = 1.


1           1           1.0
1           2           0.0
1           3           1.0
1           4           1.0
2           1           1.0
2           2           0.0
2           3           0.0
2           4           0.0
3           1           0.0
3           2           0.0
3           3           0.0
3           4           1.0
4           1           1.0
4           2           1.0
4           3           1.0
4           4           1.0
5           1           1.0
5           2           1.0
5           3           0.0
5           4           1.0
6           1           1.0
6           2           1.0
6           3           0.0
6           4           0.0
7           1           1.0
7           2           0.0
7           3           1.0
7           4           1.0
8           1           1.0
8           2           1.0
8           3           1.0
8           4           0.0



d(j, t) - Gross demand for item j in period t.


1           1           40
1           2           44
1           3           47
1           4           38
1           5           45
1           6           44
2           1           50
2           2           43
2           3           41
2           4           48
2           5           45
2           6           42
3           1           39
3           2           45
3           3           40
3           4           44
3           5           48
3           6           42
4           1           43
4           2           46
4           3           32
4           4           38
4           5           48
4           6           50
5           1           47
5           2           34
5           3           46
5           4           42
5           5           35
5           6           30
6           1           48
6           2           41
6           3           30
6           4           47
6           5           48
6           6           44
7           1           39
7           2           32
7           3           39
7           4           39
7           5           43
7           6           40
8           1           33
8           2           42
8           3           35
8           4           38
8           5           34
8           6           30



pt(j, m) - Time required to produce one unit of item j on machine m. The production time is period-independent.


1           1           0.869
1           2           1.029
1           3           0.576
1           4           0.918
2           1           0.966
2           2           1.068
2           3           0.941
2           4           0.803
3           1           0.623
3           2           1.264
3           3           1.38
3           4           1.335
4           1           1.272
4           2           0.535
4           3           1.061
4           4           0.518
5           1           1.138
5           2           1.123
5           3           0.526
5           4           1.337
6           1           0.674
6           2           0.566
6           3           1.055
6           4           0.684
7           1           1.241
7           2           0.869
7           3           1.323
7           4           0.522
8           1           1.209
8           2           0.587
8           3           0.839
8           4           0.656



pc(j, m) - Variable costs of producing one unit of item j on machine m. The production cost is period-independent.


1           1           4.779
1           2           1.882
1           3           5.506
1           4           2.539
2           1           5.131
2           2           2.939
2           3           4.677
2           4           2.051
3           1           5.889
3           2           3.72
3           3           6.845
3           4           2.126
4           1           3.901
4           2           2.289
4           3           6.334
4           4           1.923
5           1           2.716
5           2           2.402
5           3           7.158
5           4           2.501
6           1           5.173
6           2           2.289
6           3           5.091
6           4           1.057
7           1           2.491
7           2           1.943
7           3           4.465
7           4           2.278
8           1           4.237
8           2           1.735
8           3           10.249
8           4           2.101



pe(j, m) - Production emission for producing one unit of item j on machine m. The production emission is period-independent.


1           1           0.387
1           2           0.221
1           3           0.181
1           4           0.359
2           1           0.477
2           2           0.737
2           3           0.169
2           4           0.835
3           1           0.173
3           2           0.171
3           3           0.104
3           4           0.68
4           1           0.229
4           2           0.431
4           3           0.177
4           4           0.756
5           1           0.302
5           2           0.37
5           3           0.194
5           4           0.298
6           1           0.284
6           2           0.248
6           3           0.202
6           4           0.583
7           1           0.407
7           2           0.332
7           3           0.185
7           4           0.735
8           1           0.357
8           2           0.417
8           3           0.226
8           4           0.54



hc(j) - Inventory-holding costs for one unit of item j for one period.


1           0.101
2           0.191
3           0.226
4           0.276
5           0.269
6           0.157
7           0.117
8           0.178



st(j, m) - Setup times for producing a lot of item j on machine m. The setup times are period-independent.


1           1           25.646
1           2           78.329
1           3           81.803
1           4           89.263
2           1           36.356
2           2           81.833
2           3           41.675
2           4           63.999
3           1           52.522
3           2           91.96
3           3           28.246
3           4           76.446
4           1           29.007
4           2           57.675
4           3           36.405
4           4           37.257
5           1           68.917
5           2           62.978
5           3           76.447
5           4           89.974
6           1           60.175
6           2           55.399
6           3           35.036
6           4           83.425
7           1           75.535
7           2           94.038
7           3           58.124
7           4           64.044
8           1           95.783
8           2           72.347
8           3           87.282
8           4           26.863



se(j, m) - Setup emission for producing a lot of item j on machine m. The setup emission are period-independent.


1           1           52.275
1           2           40.261
1           3           31.488
1           4           175.615
2           1           75.517
2           2           41.336
2           3           41.398
2           4           95.106
3           1           25.087
3           2           83.601
3           3           33.605
3           4           140.683
4           1           43.752
4           2           101.588
4           3           32.876
4           4           163.27
5           1           95.722
5           2           68.343
5           3           23.116
5           4           191.91
6           1           88.432
6           2           80.122
6           3           16.794
6           4           182.412
7           1           74.07
7           2           101.288
7           3           42.633
7           4           94.119
8           1           94.452
8           2           59.112
8           3           25.729
8           4           121.774



sc(j, m) - Setup costs for producing a lot of item j on machine m. The setup costs are period-independent.


1           1           13376.44
1           2           8917.627
1           3           26752.88
1           4           6688.22
2           1           26374.553
2           2           17583.036
2           3           52749.107
2           4           13187.277
3           1           29931.44
3           2           19954.293
3           3           59862.88
3           4           14965.72
4           1           36411.76
4           2           24274.507
4           3           72823.52
4           4           18205.88
5           1           32312.28
5           2           21541.52
5           3           64624.56
5           4           16156.14
6           1           20793.08
6           2           13862.053
6           3           41586.16
6           4           10396.54
7           1           13933.92
7           2           9289.28
7           3           27867.84
7           4           6966.96
8           1           19371.147
8           2           12914.098
8           3           38742.293
8           4           9685.573



bc(m) - Fixed investment cost for machine m.


1           6297.825656505041
2           3950.3505505308494
3           17990.397709712433
4           4603.68554529973



ca(m, t) - The available capacity of machine m in period t.


1           1           290.3956468518519
1           2           290.3956468518519
1           3           290.3956468518519
1           4           290.3956468518519
1           5           290.3956468518519
1           6           290.3956468518519
2           1           290.3956468518519
2           2           290.3956468518519
2           3           290.3956468518519
2           4           290.3956468518519
2           5           290.3956468518519
2           6           290.3956468518519
3           1           290.3956468518519
3           2           290.3956468518519
3           3           290.3956468518519
3           4           290.3956468518519
3           5           290.3956468518519
3           6           290.3956468518519
4           1           290.3956468518519
4           2           290.3956468518519
4           3           290.3956468518519
4           4           290.3956468518519
4           5           290.3956468518519
4           6           290.3956468518519



em(t) - The limits of carbon emissions in period t.


1           761.3797858333332
2           761.3797858333332
3           761.3797858333332
4           761.3797858333332
5           761.3797858333332
6           761.3797858333332
