Information for the currently-owned machines and the machines that may be purchased: if 1, the machine can be purchased, otherwise currently-owned.


1           0.0
2           0.0
3           1.0
4           0.0



item_machine_arc(j, m) - The relationship arc between item j and machine m, i.e., machine m is capable of producing item j if item_machine_arc(j, m) = 1.


1           1           0.0
1           2           0.0
1           3           1.0
1           4           0.0
2           1           0.0
2           2           1.0
2           3           0.0
2           4           0.0
3           1           1.0
3           2           1.0
3           3           1.0
3           4           1.0
4           1           1.0
4           2           0.0
4           3           0.0
4           4           0.0
5           1           1.0
5           2           1.0
5           3           1.0
5           4           1.0
6           1           0.0
6           2           0.0
6           3           1.0
6           4           1.0
7           1           0.0
7           2           1.0
7           3           0.0
7           4           1.0
8           1           0.0
8           2           1.0
8           3           0.0
8           4           0.0



d(j, t) - Gross demand for item j in period t.


1           1           42
1           2           50
1           3           48
1           4           38
1           5           48
1           6           43
2           1           36
2           2           39
2           3           35
2           4           50
2           5           34
2           6           32
3           1           41
3           2           48
3           3           43
3           4           40
3           5           44
3           6           40
4           1           43
4           2           47
4           3           35
4           4           31
4           5           35
4           6           37
5           1           47
5           2           43
5           3           46
5           4           46
5           5           32
5           6           44
6           1           39
6           2           32
6           3           47
6           4           44
6           5           44
6           6           30
7           1           39
7           2           40
7           3           35
7           4           50
7           5           38
7           6           33
8           1           49
8           2           36
8           3           44
8           4           49
8           5           50
8           6           49



pt(j, m) - Time required to produce one unit of item j on machine m. The production time is period-independent.


1           1           1.315
1           2           1.337
1           3           1.215
1           4           0.842
2           1           0.731
2           2           1.147
2           3           0.874
2           4           0.781
3           1           0.503
3           2           0.887
3           3           1.281
3           4           1.149
4           1           1.269
4           2           0.703
4           3           0.714
4           4           0.615
5           1           1.118
5           2           0.573
5           3           0.952
5           4           1.175
6           1           1.392
6           2           1.479
6           3           0.756
6           4           0.75
7           1           0.83
7           2           1.096
7           3           0.604
7           4           0.569
8           1           1.45
8           2           1.451
8           3           1.11
8           4           0.957



pc(j, m) - Variable costs of producing one unit of item j on machine m. The production cost is period-independent.


1           1           1.419
1           2           2.453
1           3           3.063
1           4           5.36
2           1           1.896
2           2           2.613
2           3           3.607
2           4           11.928
3           1           1.918
3           2           1.587
3           3           3.138
3           4           5.802
4           1           3.291
4           2           1.184
4           3           4.037
4           4           9.368
5           1           1.726
5           2           1.548
5           3           5.087
5           4           4.358
6           1           1.459
6           2           2.484
6           3           4.366
6           4           8.504
7           1           1.588
7           2           1.392
7           3           3.326
7           4           8.2
8           1           3.81
8           2           1.624
8           3           3.846
8           4           11.845



pe(j, m) - Production emission for producing one unit of item j on machine m. The production emission is period-independent.


1           1           0.169
1           2           0.823
1           3           0.284
1           4           0.184
2           1           0.57
2           2           0.9
2           3           0.188
2           4           0.179
3           1           0.704
3           2           0.501
3           3           0.112
3           4           0.174
4           1           0.688
4           2           0.353
4           3           0.473
4           4           0.073
5           1           0.559
5           2           0.976
5           3           0.263
5           4           0.12
6           1           0.268
6           2           0.633
6           3           0.211
6           4           0.121
7           1           0.446
7           2           0.642
7           3           0.47
7           4           0.23
8           1           0.359
8           2           0.608
8           3           0.428
8           4           0.138



hc(j) - Inventory-holding costs for one unit of item j for one period.


1           0.291
2           0.139
3           0.186
4           0.186
5           0.143
6           0.176
7           0.207
8           0.12



st(j, m) - Setup times for producing a lot of item j on machine m. The setup times are period-independent.


1           1           59.583
1           2           26.241
1           3           68.431
1           4           36.398
2           1           59.861
2           2           99.243
2           3           56.55
2           4           47.304
3           1           49.748
3           2           81.194
3           3           87.681
3           4           77.08
4           1           48.318
4           2           80.337
4           3           33.964
4           4           34.714
5           1           36.535
5           2           39.359
5           3           99.032
5           4           50.233
6           1           36.479
6           2           39.85
6           3           25.203
6           4           61.536
7           1           32.593
7           2           50.575
7           3           77.273
7           4           72.684
8           1           65.207
8           2           94.646
8           3           83.296
8           4           53.953



se(j, m) - Setup emission for producing a lot of item j on machine m. The setup emission are period-independent.


1           1           19.032
1           2           16.408
1           3           7.046
1           4           7.343
2           1           24.068
2           2           19.669
2           3           8.497
2           4           4.858
3           1           17.296
3           2           27.341
3           3           17.624
3           4           2.527
4           1           15.514
4           2           30.922
4           3           19.545
4           4           7.263
5           1           29.497
5           2           37.539
5           3           8.222
5           4           5.286
6           1           20.503
6           2           31.255
6           3           15.889
6           4           4.752
7           1           12.678
7           2           30.025
7           3           18.554
7           4           4.458
8           1           11.43
8           2           28.457
8           3           19.562
8           4           6.508



sc(j, m) - Setup costs for producing a lot of item j on machine m. The setup costs are period-independent.


1           1           24353.467
1           2           18265.1
1           3           36530.2
1           4           73060.4
2           1           9773.244
2           2           7329.933
2           3           14659.867
2           4           29319.733
3           1           14813.867
3           2           11110.4
3           3           22220.8
3           4           44441.6
4           1           13193.6
4           2           9895.2
4           3           19790.4
4           4           39580.8
5           1           11478.133
5           2           8608.6
5           3           17217.2
5           4           34434.4
6           1           12922.311
6           2           9691.733
6           3           19383.467
6           4           38766.933
7           1           15134.0
7           2           11350.5
7           3           22701.0
7           4           45402.0
8           1           10341.333
8           2           7756.0
8           3           15512.0
8           4           31024.0



bc(m) - Fixed investment cost for machine m.


1           2528.0287869547165
2           2854.347488227001
3           4599.851957426537
4           1942.9039456707042



ca(m, t) - The available capacity of machine m in period t.


1           1           323.3110222222222
1           2           323.3110222222222
1           3           323.3110222222222
1           4           323.3110222222222
1           5           323.3110222222222
1           6           323.3110222222222
2           1           323.3110222222222
2           2           323.3110222222222
2           3           323.3110222222222
2           4           323.3110222222222
2           5           323.3110222222222
2           6           323.3110222222222
3           1           323.3110222222222
3           2           323.3110222222222
3           3           323.3110222222222
3           4           323.3110222222222
3           5           323.3110222222222
3           6           323.3110222222222
4           1           323.3110222222222
4           2           323.3110222222222
4           3           323.3110222222222
4           4           323.3110222222222
4           5           323.3110222222222
4           6           323.3110222222222



em(t) - The limits of carbon emissions in period t.


1           351.5281
2           351.5281
3           351.5281
4           351.5281
5           351.5281
6           351.5281
