Information for the currently-owned machines and the machines that may be purchased: if 1, the machine can be purchased, otherwise currently-owned.


1           0.0
2           1.0
3           0.0
4           0.0



item_machine_arc(j, m) - The relationship arc between item j and machine m, i.e., machine m is capable of producing item j if item_machine_arc(j, m) = 1.


1           1           0.0
1           2           1.0
1           3           1.0
1           4           0.0
2           1           1.0
2           2           1.0
2           3           1.0
2           4           1.0
3           1           0.0
3           2           0.0
3           3           1.0
3           4           0.0
4           1           0.0
4           2           1.0
4           3           1.0
4           4           1.0
5           1           1.0
5           2           1.0
5           3           0.0
5           4           1.0
6           1           1.0
6           2           1.0
6           3           1.0
6           4           1.0
7           1           0.0
7           2           0.0
7           3           1.0
7           4           0.0
8           1           0.0
8           2           1.0
8           3           0.0
8           4           0.0



d(j, t) - Gross demand for item j in period t.


1           1           48
1           2           35
1           3           49
1           4           32
1           5           50
1           6           34
2           1           49
2           2           45
2           3           38
2           4           48
2           5           32
2           6           36
3           1           31
3           2           31
3           3           44
3           4           43
3           5           49
3           6           37
4           1           36
4           2           44
4           3           37
4           4           33
4           5           45
4           6           42
5           1           31
5           2           38
5           3           49
5           4           47
5           5           42
5           6           35
6           1           46
6           2           46
6           3           37
6           4           43
6           5           38
6           6           35
7           1           31
7           2           44
7           3           34
7           4           50
7           5           36
7           6           43
8           1           49
8           2           50
8           3           40
8           4           44
8           5           40
8           6           31



pt(j, m) - Time required to produce one unit of item j on machine m. The production time is period-independent.


1           1           1.307
1           2           1.485
1           3           0.997
1           4           0.746
2           1           0.921
2           2           1.022
2           3           1.494
2           4           0.988
3           1           0.806
3           2           0.936
3           3           0.617
3           4           1.244
4           1           0.758
4           2           0.561
4           3           1.372
4           4           1.037
5           1           1.295
5           2           0.847
5           3           0.853
5           4           1.2
6           1           0.949
6           2           1.198
6           3           0.69
6           4           1.093
7           1           0.549
7           2           1.334
7           3           0.812
7           4           1.337
8           1           1.478
8           2           0.584
8           3           1.219
8           4           0.667



pc(j, m) - Variable costs of producing one unit of item j on machine m. The production cost is period-independent.


1           1           1.529
1           2           5.788
1           3           2.611
1           4           8.829
2           1           3.725
2           2           4.311
2           3           1.996
2           4           7.871
3           1           2.368
3           2           5.41
3           3           2.495
3           4           9.298
4           1           1.663
4           2           4.304
4           3           1.006
4           4           9.173
5           1           1.69
5           2           2.933
5           3           1.486
5           4           4.285
6           1           3.652
6           2           2.922
6           3           2.304
6           4           11.307
7           1           3.401
7           2           4.874
7           3           2.526
7           4           4.746
8           1           3.939
8           2           5.327
8           3           2.245
8           4           8.373



pe(j, m) - Production emission for producing one unit of item j on machine m. The production emission is period-independent.


1           1           0.247
1           2           0.221
1           3           0.586
1           4           0.213
2           1           0.525
2           2           0.413
2           3           0.325
2           4           0.229
3           1           0.628
3           2           0.32
3           3           0.227
3           4           0.144
4           1           0.15
4           2           0.266
4           3           0.785
4           4           0.21
5           1           0.695
5           2           0.167
5           3           0.291
5           4           0.075
6           1           0.259
6           2           0.147
6           3           0.649
6           4           0.056
7           1           0.487
7           2           0.397
7           3           0.529
7           4           0.085
8           1           0.674
8           2           0.491
8           3           0.583
8           4           0.185



hc(j) - Inventory-holding costs for one unit of item j for one period.


1           0.296
2           0.186
3           0.147
4           0.13
5           0.222
6           0.274
7           0.261
8           0.297



st(j, m) - Setup times for producing a lot of item j on machine m. The setup times are period-independent.


1           1           6.017
1           2           19.397
1           3           13.317
1           4           13.197
2           1           5.254
2           2           13.389
2           3           12.892
2           4           8.032
3           1           9.717
3           2           15.498
3           3           7.138
3           4           15.711
4           1           7.769
4           2           9.152
4           3           11.271
4           4           7.368
5           1           14.879
5           2           6.345
5           3           11.169
5           4           10.225
6           1           8.298
6           2           12.162
6           3           13.144
6           4           7.447
7           1           16.493
7           2           9.184
7           3           10.598
7           4           5.664
8           1           7.41
8           2           15.321
8           3           13.818
8           4           6.691



se(j, m) - Setup emission for producing a lot of item j on machine m. The setup emission are period-independent.


1           1           72.746
1           2           61.745
1           3           104.198
1           4           43.739
2           1           133.606
2           2           51.675
2           3           84.413
2           4           38.394
3           1           96.783
3           2           41.591
3           3           195.576
3           4           16.157
4           1           88.22
4           2           53.807
4           3           65.209
4           4           32.28
5           1           131.03
5           2           87.972
5           3           77.12
5           4           16.574
6           1           89.78
6           2           64.058
6           3           111.226
6           4           17.606
7           1           147.82
7           2           38.841
7           3           132.048
7           4           27.015
8           1           133.77
8           2           34.372
8           3           127.909
8           4           41.513



sc(j, m) - Setup costs for producing a lot of item j on machine m. The setup costs are period-independent.


1           1           25121.849
1           2           37682.773
1           3           18841.387
1           4           75365.547
2           1           15786.027
2           2           23679.04
2           3           11839.52
2           4           47358.08
3           1           11822.067
3           2           17733.1
3           3           8866.55
3           4           35466.2
4           1           10543.867
4           2           15815.8
4           3           7907.9
4           4           31631.6
5           1           18385.547
5           2           27578.32
5           3           13789.16
5           4           55156.64
6           1           22973.378
6           2           34460.067
6           3           17230.033
6           4           68920.133
7           1           21258.16
7           2           31887.24
7           3           15943.62
7           4           63774.48
8           1           25816.56
8           2           38724.84
8           3           19362.42
8           4           77449.68



bc(m) - Fixed investment cost for machine m.


1           5716.528721322635
2           7575.5685962953
3           4888.174286647797
4           7236.328917386339



ca(m, t) - The available capacity of machine m in period t.


1           1           161.90074444444446
1           2           161.90074444444446
1           3           161.90074444444446
1           4           161.90074444444446
1           5           161.90074444444446
1           6           161.90074444444446
2           1           161.90074444444446
2           2           161.90074444444446
2           3           161.90074444444446
2           4           161.90074444444446
2           5           161.90074444444446
2           6           161.90074444444446
3           1           161.90074444444446
3           2           161.90074444444446
3           3           161.90074444444446
3           4           161.90074444444446
3           5           161.90074444444446
3           6           161.90074444444446
4           1           161.90074444444446
4           2           161.90074444444446
4           3           161.90074444444446
4           4           161.90074444444446
4           5           161.90074444444446
4           6           161.90074444444446



em(t) - The limits of carbon emissions in period t.


1           745.5212936111112
2           745.5212936111112
3           745.5212936111112
4           745.5212936111112
5           745.5212936111112
6           745.5212936111112
