Information for the currently-owned machines and the machines that may be purchased: if 1, the machine can be purchased, otherwise currently-owned.


1           0.0
2           0.0
3           1.0
4           0.0



item_machine_arc(j, m) - The relationship arc between item j and machine m, i.e., machine m is capable of producing item j if item_machine_arc(j, m) = 1.


1           1           1.0
1           2           1.0
1           3           1.0
1           4           1.0
2           1           1.0
2           2           1.0
2           3           0.0
2           4           0.0
3           1           1.0
3           2           1.0
3           3           0.0
3           4           1.0
4           1           0.0
4           2           1.0
4           3           1.0
4           4           1.0
5           1           1.0
5           2           0.0
5           3           1.0
5           4           1.0
6           1           1.0
6           2           0.0
6           3           0.0
6           4           0.0
7           1           0.0
7           2           0.0
7           3           1.0
7           4           0.0
8           1           1.0
8           2           1.0
8           3           1.0
8           4           1.0



d(j, t) - Gross demand for item j in period t.


1           1           36
1           2           42
1           3           49
1           4           48
1           5           41
1           6           44
2           1           35
2           2           35
2           3           31
2           4           48
2           5           49
2           6           35
3           1           38
3           2           44
3           3           45
3           4           31
3           5           32
3           6           47
4           1           36
4           2           50
4           3           42
4           4           33
4           5           50
4           6           49
5           1           41
5           2           50
5           3           38
5           4           33
5           5           33
5           6           35
6           1           32
6           2           38
6           3           32
6           4           50
6           5           43
6           6           47
7           1           38
7           2           41
7           3           50
7           4           40
7           5           40
7           6           32
8           1           47
8           2           43
8           3           34
8           4           32
8           5           32
8           6           48



pt(j, m) - Time required to produce one unit of item j on machine m. The production time is period-independent.


1           1           1.063
1           2           0.909
1           3           0.992
1           4           1.06
2           1           1.307
2           2           0.964
2           3           0.569
2           4           0.578
3           1           1.262
3           2           0.836
3           3           1.109
3           4           0.867
4           1           0.55
4           2           1.092
4           3           1.443
4           4           1.167
5           1           1.442
5           2           0.698
5           3           0.589
5           4           1.236
6           1           1.201
6           2           0.75
6           3           1.33
6           4           1.058
7           1           1.255
7           2           1.429
7           3           0.614
7           4           1.037
8           1           1.389
8           2           0.796
8           3           0.787
8           4           1.466



pc(j, m) - Variable costs of producing one unit of item j on machine m. The production cost is period-independent.


1           1           4.009
1           2           1.106
1           3           4.127
1           4           3.196
2           1           3.235
2           2           1.758
2           3           7.243
2           4           1.712
3           1           5.947
3           2           2.874
3           3           6.843
3           4           3.253
4           1           5.726
4           2           2.559
4           3           8.815
4           4           3.008
5           1           4.487
5           2           2.828
5           3           7.374
5           4           2.087
6           1           4.303
6           2           2.258
6           3           7.915
6           4           1.829
7           1           4.536
7           2           2.943
7           3           10.045
7           4           3.126
8           1           3.236
8           2           2.811
8           3           7.487
8           4           3.901



pe(j, m) - Production emission for producing one unit of item j on machine m. The production emission is period-independent.


1           1           1.829
1           2           2.142
1           3           0.684
1           4           3.023
2           1           1.112
2           2           1.28
2           3           0.824
2           4           1.523
3           1           1.839
3           2           4.902
3           3           0.504
3           4           1.44
4           1           1.856
4           2           3.881
4           3           0.877
4           4           1.43
5           1           1.804
5           2           2.905
5           3           1.235
5           4           1.794
6           1           1.608
6           2           1.967
6           3           0.95
6           4           2.425
7           1           0.585
7           2           1.117
7           3           0.738
7           4           0.845
8           1           1.457
8           2           3.095
8           3           0.483
8           4           2.718



hc(j) - Inventory-holding costs for one unit of item j for one period.


1           0.115
2           0.243
3           0.22
4           0.258
5           0.148
6           0.107
7           0.249
8           0.105



st(j, m) - Setup times for producing a lot of item j on machine m. The setup times are period-independent.


1           1           14.723
1           2           9.805
1           3           14.366
1           4           6.959
2           1           19.025
2           2           11.304
2           3           9.456
2           4           10.515
3           1           5.084
3           2           14.731
3           3           14.2
3           4           17.136
4           1           17.358
4           2           10.203
4           3           17.204
4           4           7.988
5           1           8.299
5           2           16.629
5           3           6.07
5           4           12.206
6           1           10.33
6           2           6.921
6           3           17.338
6           4           16.991
7           1           10.665
7           2           7.645
7           3           16.143
7           4           11.822
8           1           5.283
8           2           16.617
8           3           13.505
8           4           12.0



se(j, m) - Setup emission for producing a lot of item j on machine m. The setup emission are period-independent.


1           1           44.747
1           2           163.396
1           3           21.173
1           4           43.373
2           1           25.461
2           2           79.582
2           3           18.783
2           4           86.899
3           1           55.976
3           2           137.522
3           3           16.809
3           4           44.64
4           1           67.387
4           2           184.019
4           3           27.339
4           4           49.617
5           1           84.505
5           2           149.527
5           3           17.512
5           4           46.823
6           1           95.714
6           2           99.215
6           3           28.402
6           4           87.485
7           1           69.952
7           2           86.64
7           3           22.016
7           4           133.371
8           1           91.947
8           2           188.957
8           3           16.703
8           4           67.26



sc(j, m) - Setup costs for producing a lot of item j on machine m. The setup costs are period-independent.


1           1           15348.667
1           2           7674.333
1           3           30697.333
1           4           10232.444
2           1           29064.42
2           2           14532.21
2           3           58128.84
2           4           19376.28
3           1           26765.2
3           2           13382.6
3           3           53530.4
3           4           17843.467
4           1           34434.4
4           2           17217.2
4           3           68868.8
4           4           22956.267
5           1           17473.867
5           2           8736.933
5           3           34947.733
5           4           11649.244
6           1           13292.253
6           2           6646.127
6           3           26584.507
6           4           8861.502
7           1           30804.62
7           2           15402.31
7           3           61609.24
7           4           20536.413
8           1           12720.4
8           2           6360.2
8           3           25440.8
8           4           8480.267



bc(m) - Fixed investment cost for machine m.


1           6899.524613385767
2           4218.218579160294
3           15651.08063221864
4           1808.6475881123708



ca(m, t) - The available capacity of machine m in period t.


1           1           180.90422777777778
1           2           180.90422777777778
1           3           180.90422777777778
1           4           180.90422777777778
1           5           180.90422777777778
1           6           180.90422777777778
2           1           180.90422777777778
2           2           180.90422777777778
2           3           180.90422777777778
2           4           180.90422777777778
2           5           180.90422777777778
2           6           180.90422777777778
3           1           180.90422777777778
3           2           180.90422777777778
3           3           180.90422777777778
3           4           180.90422777777778
3           5           180.90422777777778
3           6           180.90422777777778
4           1           180.90422777777778
4           2           180.90422777777778
4           3           180.90422777777778
4           4           180.90422777777778
4           5           180.90422777777778
4           6           180.90422777777778



em(t) - The limits of carbon emissions in period t.


1           1281.3199972222221
2           1281.3199972222221
3           1281.3199972222221
4           1281.3199972222221
5           1281.3199972222221
6           1281.3199972222221
