Information for the currently-owned machines and the machines that may be purchased: if 1, the machine can be purchased, otherwise currently-owned.


1           1.0
2           0.0
3           0.0
4           0.0



item_machine_arc(j, m) - The relationship arc between item j and machine m, i.e., machine m is capable of producing item j if item_machine_arc(j, m) = 1.


1           1           0.0
1           2           0.0
1           3           0.0
1           4           1.0
2           1           1.0
2           2           0.0
2           3           1.0
2           4           0.0
3           1           1.0
3           2           1.0
3           3           1.0
3           4           1.0
4           1           1.0
4           2           0.0
4           3           0.0
4           4           0.0
5           1           0.0
5           2           0.0
5           3           1.0
5           4           0.0
6           1           1.0
6           2           0.0
6           3           0.0
6           4           1.0
7           1           0.0
7           2           0.0
7           3           0.0
7           4           1.0
8           1           0.0
8           2           0.0
8           3           1.0
8           4           1.0



d(j, t) - Gross demand for item j in period t.


1           1           44
1           2           32
1           3           36
1           4           45
1           5           39
1           6           38
2           1           38
2           2           44
2           3           39
2           4           40
2           5           36
2           6           38
3           1           40
3           2           46
3           3           36
3           4           31
3           5           39
3           6           49
4           1           45
4           2           36
4           3           37
4           4           33
4           5           47
4           6           41
5           1           40
5           2           34
5           3           45
5           4           34
5           5           46
5           6           43
6           1           50
6           2           37
6           3           43
6           4           46
6           5           44
6           6           36
7           1           35
7           2           32
7           3           44
7           4           49
7           5           33
7           6           40
8           1           45
8           2           41
8           3           41
8           4           49
8           5           40
8           6           32



pt(j, m) - Time required to produce one unit of item j on machine m. The production time is period-independent.


1           1           1.045
1           2           0.725
1           3           1.469
1           4           0.949
2           1           0.987
2           2           1.463
2           3           1.249
2           4           1.366
3           1           1.382
3           2           1.266
3           3           0.857
3           4           1.131
4           1           0.539
4           2           0.549
4           3           1.415
4           4           0.907
5           1           1.147
5           2           1.077
5           3           0.647
5           4           1.432
6           1           0.818
6           2           1.28
6           3           0.756
6           4           0.794
7           1           1.398
7           2           1.437
7           3           0.939
7           4           0.506
8           1           1.257
8           2           1.178
8           3           1.186
8           4           1.218



pc(j, m) - Variable costs of producing one unit of item j on machine m. The production cost is period-independent.


1           1           2.648
1           2           2.34
1           3           4.999
1           4           3.887
2           1           2.266
2           2           2.295
2           3           9.458
2           4           2.617
3           1           3.702
3           2           2.975
3           3           7.336
3           4           2.526
4           1           1.627
4           2           1.786
4           3           4.754
4           4           2.202
5           1           1.41
5           2           2.57
5           3           4.203
5           4           5.03
6           1           2.564
6           2           1.763
6           3           11.27
6           4           5.762
7           1           2.371
7           2           1.113
7           3           10.051
7           4           4.739
8           1           2.133
8           2           2.911
8           3           6.047
8           4           4.072



pe(j, m) - Production emission for producing one unit of item j on machine m. The production emission is period-independent.


1           1           3.499
1           2           3.915
1           3           1.017
1           4           1.782
2           1           2.85
2           2           3.224
2           3           0.534
2           4           1.87
3           1           1.344
3           2           3.336
3           3           0.255
3           4           2.297
4           1           2.5
4           2           1.11
4           3           0.261
4           4           2.431
5           1           2.965
5           2           3.418
5           3           0.909
5           4           2.256
6           1           1.616
6           2           4.557
6           3           0.436
6           4           0.64
7           1           1.687
7           2           1.358
7           3           0.839
7           4           2.5
8           1           1.77
8           2           1.16
8           3           0.672
8           4           1.524



hc(j) - Inventory-holding costs for one unit of item j for one period.


1           0.257
2           0.241
3           0.296
4           0.149
5           0.125
6           0.188
7           0.285
8           0.216



st(j, m) - Setup times for producing a lot of item j on machine m. The setup times are period-independent.


1           1           37.785
1           2           82.907
1           3           31.803
1           4           86.877
2           1           73.306
2           2           49.56
2           3           48.371
2           4           37.033
3           1           53.436
3           2           81.88
3           3           84.788
3           4           68.937
4           1           80.796
4           2           84.011
4           3           90.421
4           4           74.779
5           1           52.008
5           2           57.435
5           3           26.32
5           4           27.515
6           1           65.768
6           2           71.64
6           3           79.271
6           4           85.947
7           1           82.396
7           2           57.85
7           3           93.024
7           4           38.868
8           1           68.785
8           2           54.313
8           3           37.657
8           4           83.115



se(j, m) - Setup emission for producing a lot of item j on machine m. The setup emission are period-independent.


1           1           40.01
1           2           107.718
1           3           19.398
1           4           91.181
2           1           125.48
2           2           198.518
2           3           34.166
2           4           61.221
3           1           125.305
3           2           78.201
3           3           15.814
3           4           94.876
4           1           110.338
4           2           113.4
4           3           47.884
4           4           82.002
5           1           46.969
5           2           172.553
5           3           39.159
5           4           34.666
6           1           134.181
6           2           63.909
6           3           27.566
6           4           43.83
7           1           64.67
7           2           56.818
7           3           46.582
7           4           97.911
8           1           72.383
8           2           87.961
8           3           23.184
8           4           56.846



sc(j, m) - Setup costs for producing a lot of item j on machine m. The setup costs are period-independent.


1           1           18709.6
1           2           14032.2
1           3           56128.8
1           4           28064.4
2           1           17619.778
2           2           13214.833
2           3           52859.333
2           4           26429.667
3           1           22193.422
3           2           16645.067
3           3           66580.267
3           4           33290.133
4           1           11078.978
4           2           8309.233
4           3           33236.933
4           4           16618.467
5           1           9411.111
5           2           7058.333
5           3           28233.333
5           4           14116.667
6           1           14973.156
6           2           11229.867
6           3           44919.467
6           4           22459.733
7           1           20659.333
7           2           15494.5
7           3           61978.0
7           4           30989.0
8           1           16665.6
8           2           12499.2
8           3           49996.8
8           4           24998.4



bc(m) - Fixed investment cost for machine m.


1           5464.9202822463285
2           4095.224214679411
3           535.2259899628687
4           9476.564040606305



ca(m, t) - The available capacity of machine m in period t.


1           1           271.93403416666666
1           2           271.93403416666666
1           3           271.93403416666666
1           4           271.93403416666666
1           5           271.93403416666666
1           6           271.93403416666666
2           1           271.93403416666666
2           2           271.93403416666666
2           3           271.93403416666666
2           4           271.93403416666666
2           5           271.93403416666666
2           6           271.93403416666666
3           1           271.93403416666666
3           2           271.93403416666666
3           3           271.93403416666666
3           4           271.93403416666666
3           5           271.93403416666666
3           6           271.93403416666666
4           1           271.93403416666666
4           2           271.93403416666666
4           3           271.93403416666666
4           4           271.93403416666666
4           5           271.93403416666666
4           6           271.93403416666666



em(t) - The limits of carbon emissions in period t.


1           1306.261495
2           1306.261495
3           1306.261495
4           1306.261495
5           1306.261495
6           1306.261495
