Information for the currently-owned machines and the machines that may be purchased: if 1, the machine can be purchased, otherwise currently-owned.


1           0.0
2           0.0
3           1.0
4           0.0



item_machine_arc(j, m) - The relationship arc between item j and machine m, i.e., machine m is capable of producing item j if item_machine_arc(j, m) = 1.


1           1           1.0
1           2           1.0
1           3           1.0
1           4           0.0
2           1           1.0
2           2           0.0
2           3           0.0
2           4           1.0
3           1           1.0
3           2           1.0
3           3           1.0
3           4           1.0
4           1           0.0
4           2           1.0
4           3           1.0
4           4           0.0
5           1           1.0
5           2           1.0
5           3           1.0
5           4           1.0
6           1           1.0
6           2           1.0
6           3           0.0
6           4           1.0
7           1           0.0
7           2           1.0
7           3           0.0
7           4           0.0
8           1           0.0
8           2           1.0
8           3           0.0
8           4           1.0



d(j, t) - Gross demand for item j in period t.


1           1           36
1           2           44
1           3           40
1           4           35
1           5           40
1           6           39
2           1           46
2           2           35
2           3           49
2           4           50
2           5           48
2           6           34
3           1           36
3           2           50
3           3           44
3           4           32
3           5           44
3           6           43
4           1           46
4           2           42
4           3           48
4           4           47
4           5           48
4           6           31
5           1           35
5           2           31
5           3           40
5           4           47
5           5           36
5           6           42
6           1           30
6           2           43
6           3           30
6           4           44
6           5           43
6           6           42
7           1           45
7           2           37
7           3           50
7           4           43
7           5           44
7           6           34
8           1           33
8           2           41
8           3           42
8           4           40
8           5           49
8           6           45



pt(j, m) - Time required to produce one unit of item j on machine m. The production time is period-independent.


1           1           0.625
1           2           1.466
1           3           0.67
1           4           0.833
2           1           1.368
2           2           1.276
2           3           1.479
2           4           1.314
3           1           1.105
3           2           0.641
3           3           1.167
3           4           1.341
4           1           0.714
4           2           1.293
4           3           0.975
4           4           1.245
5           1           0.925
5           2           0.97
5           3           1.067
5           4           1.481
6           1           1.189
6           2           0.531
6           3           0.754
6           4           1.034
7           1           1.473
7           2           1.238
7           3           1.074
7           4           1.145
8           1           0.857
8           2           0.788
8           3           0.517
8           4           1.336



pc(j, m) - Variable costs of producing one unit of item j on machine m. The production cost is period-independent.


1           1           2.903
1           2           1.531
1           3           9.521
1           4           2.338
2           1           3.116
2           2           2.087
2           3           8.38
2           4           2.314
3           1           3.488
3           2           3.207
3           3           11.406
3           4           1.767
4           1           3.44
4           2           1.999
4           3           10.936
4           4           2.982
5           1           4.034
5           2           2.111
5           3           4.915
5           4           1.488
6           1           4.885
6           2           2.962
6           3           8.826
6           4           2.338
7           1           5.483
7           2           2.72
7           3           5.128
7           4           1.531
8           1           4.698
8           2           1.62
8           3           9.439
8           4           1.951



pe(j, m) - Production emission for producing one unit of item j on machine m. The production emission is period-independent.


1           1           1.535
1           2           2.555
1           3           0.442
1           4           2.148
2           1           0.751
2           2           1.745
2           3           1.207
2           4           1.928
3           1           0.547
3           2           0.936
3           3           1.084
3           4           2.504
4           1           2.39
4           2           2.267
4           3           0.78
4           4           2.677
5           1           1.223
5           2           0.892
5           3           1.183
5           4           1.844
6           1           1.459
6           2           1.961
6           3           0.938
6           4           3.634
7           1           0.997
7           2           1.469
7           3           0.649
7           4           4.927
8           1           1.375
8           2           3.656
8           3           0.443
8           4           1.133



hc(j) - Inventory-holding costs for one unit of item j for one period.


1           0.176
2           0.104
3           0.206
4           0.296
5           0.201
6           0.255
7           0.148
8           0.111



st(j, m) - Setup times for producing a lot of item j on machine m. The setup times are period-independent.


1           1           42.047
1           2           44.266
1           3           69.105
1           4           93.15
2           1           63.284
2           2           94.389
2           3           34.28
2           4           63.808
3           1           38.131
3           2           29.973
3           3           65.315
3           4           44.989
4           1           36.619
4           2           84.456
4           3           89.704
4           4           97.79
5           1           97.511
5           2           50.346
5           3           42.434
5           4           76.548
6           1           61.386
6           2           30.032
6           3           68.369
6           4           62.264
7           1           25.702
7           2           52.23
7           3           48.19
7           4           43.811
8           1           49.561
8           2           78.692
8           3           58.408
8           4           88.431



se(j, m) - Setup emission for producing a lot of item j on machine m. The setup emission are period-independent.


1           1           52.437
1           2           99.787
1           3           29.31
1           4           130.945
2           1           50.812
2           2           113.544
2           3           29.502
2           4           171.829
3           1           65.693
3           2           72.396
3           3           20.728
3           4           78.268
4           1           67.995
4           2           61.628
4           3           16.388
4           4           122.971
5           1           45.377
5           2           64.115
5           3           31.355
5           4           55.787
6           1           48.51
6           2           38.124
6           3           14.289
6           4           163.77
7           1           65.547
7           2           80.251
7           3           32.241
7           4           178.162
8           1           34.92
8           2           83.19
8           3           38.754
8           4           153.537



sc(j, m) - Setup costs for producing a lot of item j on machine m. The setup costs are period-independent.


1           1           21141.12
1           2           14094.08
1           3           42282.24
1           4           10570.56
2           1           13987.307
2           2           9324.871
2           3           27974.613
2           4           6993.653
3           1           26330.92
3           2           17553.947
3           3           52661.84
3           4           13165.46
4           1           39810.027
4           2           26540.018
4           3           79620.053
4           4           19905.013
5           1           23834.58
5           2           15889.72
5           3           47669.16
5           4           11917.29
6           1           30368.8
6           2           20245.867
6           3           60737.6
6           4           15184.4
7           1           19221.253
7           2           12814.169
7           3           38442.507
7           4           9610.627
8           1           14245.0
8           2           9496.667
8           3           28490.0
8           4           7122.5



bc(m) - Fixed investment cost for machine m.


1           548.6827260777038
2           1115.904628482552
3           14439.413128017044
4           2680.307290189339



ca(m, t) - The available capacity of machine m in period t.


1           1           286.1584833333333
1           2           286.1584833333333
1           3           286.1584833333333
1           4           286.1584833333333
1           5           286.1584833333333
1           6           286.1584833333333
2           1           286.1584833333333
2           2           286.1584833333333
2           3           286.1584833333333
2           4           286.1584833333333
2           5           286.1584833333333
2           6           286.1584833333333
3           1           286.1584833333333
3           2           286.1584833333333
3           3           286.1584833333333
3           4           286.1584833333333
3           5           286.1584833333333
3           6           286.1584833333333
4           1           286.1584833333333
4           2           286.1584833333333
4           3           286.1584833333333
4           4           286.1584833333333
4           5           286.1584833333333
4           6           286.1584833333333



em(t) - The limits of carbon emissions in period t.


1           1175.0829611111112
2           1175.0829611111112
3           1175.0829611111112
4           1175.0829611111112
5           1175.0829611111112
6           1175.0829611111112
