Information for the currently-owned machines and the machines that may be purchased: if 1, the machine can be purchased, otherwise currently-owned.


1           1.0
2           0.0
3           0.0
4           0.0



item_machine_arc(j, m) - The relationship arc between item j and machine m, i.e., machine m is capable of producing item j if item_machine_arc(j, m) = 1.


1           1           1.0
1           2           1.0
1           3           1.0
1           4           1.0
2           1           1.0
2           2           1.0
2           3           1.0
2           4           1.0
3           1           0.0
3           2           1.0
3           3           0.0
3           4           0.0
4           1           0.0
4           2           0.0
4           3           0.0
4           4           1.0
5           1           1.0
5           2           0.0
5           3           0.0
5           4           0.0
6           1           1.0
6           2           1.0
6           3           1.0
6           4           1.0
7           1           1.0
7           2           0.0
7           3           1.0
7           4           0.0
8           1           0.0
8           2           1.0
8           3           0.0
8           4           1.0



d(j, t) - Gross demand for item j in period t.


1           1           40
1           2           49
1           3           34
1           4           44
1           5           41
1           6           48
2           1           40
2           2           42
2           3           38
2           4           32
2           5           46
2           6           44
3           1           49
3           2           30
3           3           33
3           4           48
3           5           36
3           6           38
4           1           45
4           2           33
4           3           31
4           4           36
4           5           31
4           6           47
5           1           42
5           2           31
5           3           49
5           4           50
5           5           45
5           6           49
6           1           49
6           2           46
6           3           41
6           4           45
6           5           50
6           6           36
7           1           33
7           2           36
7           3           36
7           4           36
7           5           33
7           6           46
8           1           45
8           2           41
8           3           45
8           4           44
8           5           35
8           6           39



pt(j, m) - Time required to produce one unit of item j on machine m. The production time is period-independent.


1           1           0.909
1           2           1.408
1           3           1.262
1           4           0.691
2           1           0.914
2           2           0.572
2           3           0.782
2           4           1.432
3           1           0.528
3           2           1.044
3           3           0.862
3           4           0.697
4           1           0.855
4           2           1.288
4           3           0.684
4           4           0.894
5           1           0.846
5           2           1.181
5           3           1.452
5           4           0.713
6           1           0.591
6           2           0.773
6           3           0.717
6           4           0.639
7           1           0.52
7           2           0.931
7           3           0.76
7           4           1.318
8           1           1.134
8           2           1.204
8           3           1.321
8           4           0.56



pc(j, m) - Variable costs of producing one unit of item j on machine m. The production cost is period-independent.


1           1           8.2
1           2           4.981
1           3           1.99
1           4           1.529
2           1           11.075
2           2           4.627
2           3           1.389
2           4           3.757
3           1           5.078
3           2           4.487
3           3           2.198
3           4           3.293
4           1           8.667
4           2           2.296
4           3           1.407
4           4           2.916
5           1           11.189
5           2           4.149
5           3           2.64
5           4           3.921
6           1           5.764
6           2           3.709
6           3           1.299
6           4           3.769
7           1           6.325
7           2           5.05
7           3           2.995
7           4           1.55
8           1           7.855
8           2           2.189
8           3           2.654
8           4           2.792



pe(j, m) - Production emission for producing one unit of item j on machine m. The production emission is period-independent.


1           1           0.563
1           2           1.502
1           3           4.431
1           4           2.653
2           1           1.033
2           2           1.47
2           3           4.137
2           4           3.569
3           1           1.191
3           2           0.876
3           3           1.867
3           4           1.027
4           1           1.133
4           2           0.579
4           3           2.689
4           4           1.44
5           1           0.406
5           2           2.448
5           3           1.204
5           4           0.833
6           1           0.965
6           2           2.42
6           3           1.472
6           4           2.403
7           1           0.512
7           2           1.817
7           3           1.267
7           4           1.539
8           1           0.808
8           2           2.215
8           3           1.006
8           4           0.946



hc(j) - Inventory-holding costs for one unit of item j for one period.


1           0.128
2           0.164
3           0.225
4           0.294
5           0.29
6           0.279
7           0.246
8           0.224



st(j, m) - Setup times for producing a lot of item j on machine m. The setup times are period-independent.


1           1           15.901
1           2           14.733
1           3           18.554
1           4           17.319
2           1           12.023
2           2           7.097
2           3           5.81
2           4           12.095
3           1           9.083
3           2           10.042
3           3           7.756
3           4           15.059
4           1           15.512
4           2           7.368
4           3           11.133
4           4           13.329
5           1           8.508
5           2           10.134
5           3           18.133
5           4           16.495
6           1           14.326
6           2           13.56
6           3           9.958
6           4           18.375
7           1           10.97
7           2           9.467
7           3           12.1
7           4           10.211
8           1           7.62
8           2           11.137
8           3           19.581
8           4           18.243



se(j, m) - Setup emission for producing a lot of item j on machine m. The setup emission are period-independent.


1           1           6.7
1           2           18.463
1           3           38.722
1           4           18.961
2           1           3.763
2           2           7.59
2           3           16.852
2           4           7.656
3           1           6.008
3           2           13.935
3           3           16.77
3           4           9.171
4           1           8.617
4           2           14.758
4           3           24.649
4           4           20.458
5           1           5.167
5           2           12.149
5           3           21.848
5           4           21.504
6           1           5.553
6           2           16.256
6           3           38.04
6           4           28.393
7           1           4.687
7           2           15.438
7           3           10.604
7           4           8.244
8           1           9.77
8           2           14.658
8           3           29.964
8           4           7.788



sc(j, m) - Setup costs for producing a lot of item j on machine m. The setup costs are period-independent.


1           1           30583.467
1           2           15291.733
1           3           7645.867
1           4           10194.489
2           1           37042.133
2           2           18521.067
2           3           9260.533
2           4           12347.378
3           1           49140.0
3           2           24570.0
3           3           12285.0
3           4           16380.0
4           1           61191.2
4           2           30595.6
4           3           15297.8
4           4           20397.067
5           1           71997.333
5           2           35998.667
5           3           17999.333
5           4           23999.111
6           1           69526.8
6           2           34763.4
6           3           17381.7
6           4           23175.6
7           1           50512.0
7           2           25256.0
7           3           12628.0
7           4           16837.333
8           1           52057.6
8           2           26028.8
8           3           13014.4
8           4           17352.533



bc(m) - Fixed investment cost for machine m.


1           2260.80886655982
2           4923.3359303851985
3           1755.3855733536977
4           1245.5663764382653



ca(m, t) - The available capacity of machine m in period t.


1           1           171.27599805555556
1           2           171.27599805555556
1           3           171.27599805555556
1           4           171.27599805555556
1           5           171.27599805555556
1           6           171.27599805555556
2           1           171.27599805555556
2           2           171.27599805555556
2           3           171.27599805555556
2           4           171.27599805555556
2           5           171.27599805555556
2           6           171.27599805555556
3           1           171.27599805555556
3           2           171.27599805555556
3           3           171.27599805555556
3           4           171.27599805555556
3           5           171.27599805555556
3           6           171.27599805555556
4           1           171.27599805555556
4           2           171.27599805555556
4           3           171.27599805555556
4           4           171.27599805555556
4           5           171.27599805555556
4           6           171.27599805555556



em(t) - The limits of carbon emissions in period t.


1           832.0150941666667
2           832.0150941666667
3           832.0150941666667
4           832.0150941666667
5           832.0150941666667
6           832.0150941666667
