Information for the currently-owned machines and the machines that may be purchased: if 1, the machine can be purchased, otherwise currently-owned.


1           0.0
2           1.0
3           0.0
4           0.0



item_machine_arc(j, m) - The relationship arc between item j and machine m, i.e., machine m is capable of producing item j if item_machine_arc(j, m) = 1.


1           1           1.0
1           2           1.0
1           3           1.0
1           4           0.0
2           1           1.0
2           2           1.0
2           3           1.0
2           4           0.0
3           1           0.0
3           2           1.0
3           3           0.0
3           4           1.0
4           1           0.0
4           2           1.0
4           3           0.0
4           4           1.0
5           1           1.0
5           2           0.0
5           3           1.0
5           4           0.0
6           1           1.0
6           2           1.0
6           3           1.0
6           4           1.0
7           1           1.0
7           2           1.0
7           3           1.0
7           4           1.0
8           1           1.0
8           2           0.0
8           3           1.0
8           4           1.0



d(j, t) - Gross demand for item j in period t.


1           1           31
1           2           41
1           3           44
1           4           46
1           5           34
1           6           50
2           1           50
2           2           36
2           3           44
2           4           33
2           5           47
2           6           50
3           1           39
3           2           39
3           3           44
3           4           31
3           5           37
3           6           50
4           1           37
4           2           44
4           3           35
4           4           49
4           5           39
4           6           43
5           1           41
5           2           30
5           3           45
5           4           33
5           5           43
5           6           37
6           1           42
6           2           50
6           3           43
6           4           48
6           5           47
6           6           30
7           1           38
7           2           37
7           3           41
7           4           34
7           5           44
7           6           31
8           1           44
8           2           40
8           3           35
8           4           43
8           5           35
8           6           35



pt(j, m) - Time required to produce one unit of item j on machine m. The production time is period-independent.


1           1           0.693
1           2           1.298
1           3           0.867
1           4           1.119
2           1           0.795
2           2           1.467
2           3           1.417
2           4           0.812
3           1           1.482
3           2           0.575
3           3           0.787
3           4           1.406
4           1           0.784
4           2           0.605
4           3           1.251
4           4           0.568
5           1           0.56
5           2           0.649
5           3           1.302
5           4           1.271
6           1           1.051
6           2           1.229
6           3           0.774
6           4           1.172
7           1           0.804
7           2           0.505
7           3           1.441
7           4           0.521
8           1           1.117
8           2           0.539
8           3           0.677
8           4           1.425



pc(j, m) - Variable costs of producing one unit of item j on machine m. The production cost is period-independent.


1           1           8.882
1           2           2.982
1           3           2.647
1           4           5.679
2           1           8.024
2           2           3.077
2           3           1.069
2           4           4.822
3           1           5.167
3           2           3.924
3           3           2.658
3           4           5.945
4           1           10.578
4           2           2.414
4           3           2.697
4           4           4.699
5           1           5.642
5           2           1.742
5           3           1.619
5           4           5.748
6           1           4.809
6           2           3.527
6           3           2.327
6           4           2.851
7           1           9.364
7           2           3.404
7           3           2.414
7           4           2.994
8           1           6.025
8           2           2.464
8           3           1.042
8           4           2.079



pe(j, m) - Production emission for producing one unit of item j on machine m. The production emission is period-independent.


1           1           0.144
1           2           0.633
1           3           0.572
1           4           0.257
2           1           0.211
2           2           0.533
2           3           0.858
2           4           0.237
3           1           0.244
3           2           0.393
3           3           0.513
3           4           0.159
4           1           0.159
4           2           0.287
4           3           0.678
4           4           0.408
5           1           0.142
5           2           0.201
5           3           0.714
5           4           0.475
6           1           0.064
6           2           0.399
6           3           0.827
6           4           0.482
7           1           0.094
7           2           0.708
7           3           0.708
7           4           0.349
8           1           0.154
8           2           0.449
8           3           0.851
8           4           0.239



hc(j) - Inventory-holding costs for one unit of item j for one period.


1           0.29
2           0.299
3           0.297
4           0.234
5           0.193
6           0.284
7           0.286
8           0.236



st(j, m) - Setup times for producing a lot of item j on machine m. The setup times are period-independent.


1           1           73.519
1           2           67.84
1           3           43.629
1           4           34.399
2           1           83.215
2           2           29.817
2           3           58.428
2           4           61.426
3           1           57.406
3           2           99.627
3           3           33.809
3           4           74.935
4           1           92.981
4           2           88.878
4           3           91.878
4           4           35.251
5           1           59.688
5           2           59.108
5           3           29.647
5           4           45.205
6           1           44.117
6           2           31.727
6           3           41.959
6           4           89.038
7           1           69.295
7           2           83.088
7           3           25.171
7           4           48.995
8           1           48.671
8           2           65.2
8           3           66.446
8           4           99.5



se(j, m) - Setup emission for producing a lot of item j on machine m. The setup emission are period-independent.


1           1           29.204
1           2           95.031
1           3           192.118
1           4           80.333
2           1           48.192
2           2           104.848
2           3           160.506
2           4           80.914
3           1           42.326
3           2           55.348
3           3           103.115
3           4           90.946
4           1           40.456
4           2           127.9
4           3           107.265
4           4           41.589
5           1           32.893
5           2           42.69
5           3           57.721
5           4           64.73
6           1           33.281
6           2           71.708
6           3           103.196
6           4           69.926
7           1           19.369
7           2           79.13
7           3           117.061
7           4           49.444
8           1           27.708
8           2           63.849
8           3           124.708
8           4           71.775



sc(j, m) - Setup costs for producing a lot of item j on machine m. The setup costs are period-independent.


1           1           66584.0
1           2           22194.667
1           3           16646.0
1           4           33292.0
2           1           72557.333
2           2           24185.778
2           3           18139.333
2           4           36278.667
3           1           66528.0
3           2           22176.0
3           3           16632.0
3           4           33264.0
4           1           53944.8
4           2           17981.6
4           3           13486.2
4           4           26972.4
5           1           41250.533
5           2           13750.178
5           3           10312.633
5           4           20625.267
6           1           68917.333
6           2           22972.444
6           3           17229.333
6           4           34458.667
7           1           60060.0
7           2           20020.0
7           3           15015.0
7           4           30030.0
8           1           51101.867
8           2           17033.956
8           3           12775.467
8           4           25550.933



bc(m) - Fixed investment cost for machine m.


1           14572.471542700283
2           5842.127200188554
3           884.7325072223033
4           4927.37282045486



ca(m, t) - The available capacity of machine m in period t.


1           1           259.36971018518517
1           2           259.36971018518517
1           3           259.36971018518517
1           4           259.36971018518517
1           5           259.36971018518517
1           6           259.36971018518517
2           1           259.36971018518517
2           2           259.36971018518517
2           3           259.36971018518517
2           4           259.36971018518517
2           5           259.36971018518517
2           6           259.36971018518517
3           1           259.36971018518517
3           2           259.36971018518517
3           3           259.36971018518517
3           4           259.36971018518517
3           5           259.36971018518517
3           6           259.36971018518517
4           1           259.36971018518517
4           2           259.36971018518517
4           3           259.36971018518517
4           4           259.36971018518517
4           5           259.36971018518517
4           6           259.36971018518517



em(t) - The limits of carbon emissions in period t.


1           626.8536555555555
2           626.8536555555555
3           626.8536555555555
4           626.8536555555555
5           626.8536555555555
6           626.8536555555555
