Information for the currently-owned machines and the machines that may be purchased: if 1, the machine can be purchased, otherwise currently-owned.


1           0.0
2           1.0
3           0.0
4           0.0



item_machine_arc(j, m) - The relationship arc between item j and machine m, i.e., machine m is capable of producing item j if item_machine_arc(j, m) = 1.


1           1           0.0
1           2           1.0
1           3           0.0
1           4           1.0
2           1           0.0
2           2           1.0
2           3           0.0
2           4           0.0
3           1           1.0
3           2           1.0
3           3           1.0
3           4           1.0
4           1           0.0
4           2           0.0
4           3           1.0
4           4           0.0
5           1           1.0
5           2           0.0
5           3           0.0
5           4           0.0
6           1           1.0
6           2           0.0
6           3           0.0
6           4           0.0
7           1           1.0
7           2           1.0
7           3           1.0
7           4           1.0
8           1           1.0
8           2           0.0
8           3           1.0
8           4           0.0



d(j, t) - Gross demand for item j in period t.


1           1           31
1           2           35
1           3           47
1           4           37
1           5           46
1           6           32
2           1           40
2           2           35
2           3           30
2           4           34
2           5           30
2           6           48
3           1           50
3           2           44
3           3           37
3           4           45
3           5           33
3           6           45
4           1           45
4           2           31
4           3           40
4           4           46
4           5           32
4           6           47
5           1           32
5           2           34
5           3           49
5           4           45
5           5           35
5           6           45
6           1           35
6           2           35
6           3           37
6           4           31
6           5           40
6           6           37
7           1           33
7           2           37
7           3           30
7           4           37
7           5           33
7           6           37
8           1           38
8           2           38
8           3           48
8           4           32
8           5           30
8           6           40



pt(j, m) - Time required to produce one unit of item j on machine m. The production time is period-independent.


1           1           1.336
1           2           1.325
1           3           1.121
1           4           0.511
2           1           1.281
2           2           1.465
2           3           1.285
2           4           0.562
3           1           0.833
3           2           1.429
3           3           1.0
3           4           1.154
4           1           0.64
4           2           1.302
4           3           1.022
4           4           0.942
5           1           0.616
5           2           1.264
5           3           0.842
5           4           1.02
6           1           1.387
6           2           0.738
6           3           0.605
6           4           1.466
7           1           0.741
7           2           0.669
7           3           0.919
7           4           0.615
8           1           1.072
8           2           1.056
8           3           1.361
8           4           1.147



pc(j, m) - Variable costs of producing one unit of item j on machine m. The production cost is period-independent.


1           1           2.914
1           2           2.759
1           3           2.021
1           4           7.611
2           1           2.318
2           2           2.737
2           3           1.914
2           4           8.499
3           1           2.084
3           2           4.642
3           3           2.611
3           4           9.851
4           1           1.002
4           2           5.928
4           3           2.882
4           4           7.027
5           1           1.472
5           2           3.458
5           3           3.52
5           4           4.482
6           1           2.079
6           2           3.162
6           3           3.408
6           4           10.261
7           1           2.153
7           2           3.641
7           3           3.449
7           4           7.172
8           1           1.358
8           2           5.788
8           3           3.759
8           4           5.852



pe(j, m) - Production emission for producing one unit of item j on machine m. The production emission is period-independent.


1           1           3.578
1           2           1.35
1           3           1.279
1           4           0.561
2           1           2.432
2           2           1.622
2           3           1.389
2           4           1.055
3           1           2.034
3           2           2.327
3           3           2.746
3           4           0.963
4           1           3.074
4           2           2.426
4           3           0.754
4           4           0.849
5           1           1.493
5           2           2.468
5           3           1.307
5           4           0.517
6           1           4.673
6           2           2.07
6           3           3.717
6           4           1.173
7           1           2.288
7           2           1.269
7           3           2.489
7           4           0.988
8           1           4.604
8           2           1.278
8           3           3.307
8           4           0.652



hc(j) - Inventory-holding costs for one unit of item j for one period.


1           0.233
2           0.156
3           0.286
4           0.204
5           0.197
6           0.145
7           0.129
8           0.269



st(j, m) - Setup times for producing a lot of item j on machine m. The setup times are period-independent.


1           1           7.333
1           2           8.835
1           3           7.935
1           4           12.707
2           1           11.42
2           2           11.605
2           3           12.076
2           4           10.104
3           1           19.272
3           2           7.734
3           3           14.738
3           4           16.146
4           1           9.663
4           2           15.501
4           3           16.792
4           4           18.881
5           1           17.527
5           2           13.302
5           3           6.75
5           4           19.506
6           1           17.92
6           2           17.934
6           3           9.937
6           4           16.998
7           1           8.772
7           2           14.291
7           3           8.615
7           4           11.659
8           1           11.935
8           2           13.867
8           3           10.553
8           4           18.057



se(j, m) - Setup emission for producing a lot of item j on machine m. The setup emission are period-independent.


1           1           139.754
1           2           89.148
1           3           147.566
1           4           38.483
2           1           52.336
2           2           68.775
2           3           48.871
2           4           47.587
3           1           181.198
3           2           87.901
3           3           85.533
3           4           16.29
4           1           125.675
4           2           32.64
4           3           98.864
4           4           42.012
5           1           73.129
5           2           42.032
5           3           79.881
5           4           30.188
6           1           86.436
6           2           37.403
6           3           41.711
6           4           43.726
7           1           60.028
7           2           53.319
7           3           105.025
7           4           35.565
8           1           53.495
8           2           96.595
8           3           60.219
8           4           32.165



sc(j, m) - Setup costs for producing a lot of item j on machine m. The setup costs are period-independent.


1           1           12395.6
1           2           24791.2
1           3           16527.467
1           4           49582.4
2           1           7898.8
2           2           15797.6
2           3           10531.733
2           4           31595.2
3           1           16950.267
3           2           33900.533
3           3           22600.356
3           4           67801.067
4           1           11471.6
4           2           22943.2
4           3           15295.467
4           4           45886.4
5           1           11032.0
5           2           22064.0
5           3           14709.333
5           4           44128.0
6           1           7274.167
6           2           14548.333
6           3           9698.889
6           4           29096.667
7           1           6230.7
7           2           12461.4
7           3           8307.6
7           4           24922.8
8           1           14185.267
8           2           28370.533
8           3           18913.689
8           4           56741.067



bc(m) - Fixed investment cost for machine m.


1           2192.082976252431
2           5560.18121505384
3           3501.4558485804237
4           9933.555941286866



ca(m, t) - The available capacity of machine m in period t.


1           1           175.8361305555556
1           2           175.8361305555556
1           3           175.8361305555556
1           4           175.8361305555556
1           5           175.8361305555556
1           6           175.8361305555556
2           1           175.8361305555556
2           2           175.8361305555556
2           3           175.8361305555556
2           4           175.8361305555556
2           5           175.8361305555556
2           6           175.8361305555556
3           1           175.8361305555556
3           2           175.8361305555556
3           3           175.8361305555556
3           4           175.8361305555556
3           5           175.8361305555556
3           6           175.8361305555556
4           1           175.8361305555556
4           2           175.8361305555556
4           3           175.8361305555556
4           4           175.8361305555556
4           5           175.8361305555556
4           6           175.8361305555556



em(t) - The limits of carbon emissions in period t.


1           1462.2885841666666
2           1462.2885841666666
3           1462.2885841666666
4           1462.2885841666666
5           1462.2885841666666
6           1462.2885841666666
