Information for the currently-owned machines and the machines that may be purchased: if 1, the machine can be purchased, otherwise currently-owned.


1           0.0
2           0.0
3           1.0
4           0.0



item_machine_arc(j, m) - The relationship arc between item j and machine m, i.e., machine m is capable of producing item j if item_machine_arc(j, m) = 1.


1           1           1.0
1           2           1.0
1           3           1.0
1           4           1.0
2           1           0.0
2           2           1.0
2           3           0.0
2           4           1.0
3           1           0.0
3           2           0.0
3           3           1.0
3           4           1.0
4           1           1.0
4           2           1.0
4           3           1.0
4           4           0.0
5           1           1.0
5           2           0.0
5           3           0.0
5           4           0.0
6           1           1.0
6           2           1.0
6           3           0.0
6           4           1.0
7           1           1.0
7           2           1.0
7           3           1.0
7           4           1.0
8           1           0.0
8           2           1.0
8           3           1.0
8           4           1.0



d(j, t) - Gross demand for item j in period t.


1           1           42
1           2           37
1           3           30
1           4           44
1           5           48
1           6           30
2           1           44
2           2           32
2           3           47
2           4           46
2           5           37
2           6           34
3           1           34
3           2           43
3           3           40
3           4           35
3           5           35
3           6           47
4           1           48
4           2           39
4           3           34
4           4           30
4           5           48
4           6           39
5           1           30
5           2           33
5           3           44
5           4           48
5           5           41
5           6           40
6           1           45
6           2           36
6           3           31
6           4           39
6           5           35
6           6           31
7           1           32
7           2           50
7           3           33
7           4           48
7           5           44
7           6           36
8           1           39
8           2           42
8           3           38
8           4           50
8           5           33
8           6           40



pt(j, m) - Time required to produce one unit of item j on machine m. The production time is period-independent.


1           1           0.652
1           2           1.4
1           3           0.564
1           4           1.327
2           1           1.136
2           2           0.504
2           3           0.911
2           4           1.492
3           1           0.791
3           2           0.755
3           3           0.958
3           4           0.515
4           1           1.224
4           2           1.115
4           3           0.896
4           4           1.081
5           1           1.257
5           2           1.215
5           3           1.174
5           4           0.962
6           1           1.441
6           2           1.194
6           3           0.57
6           4           1.331
7           1           0.803
7           2           0.953
7           3           0.682
7           4           0.824
8           1           0.738
8           2           1.423
8           3           0.633
8           4           0.504



pc(j, m) - Variable costs of producing one unit of item j on machine m. The production cost is period-independent.


1           1           9.949
1           2           1.406
1           3           3.011
1           4           3.456
2           1           4.221
2           2           1.717
2           3           1.612
2           4           2.263
3           1           7.603
3           2           1.208
3           3           2.522
3           4           3.714
4           1           10.068
4           2           2.891
4           3           1.94
4           4           2.765
5           1           8.602
5           2           1.717
5           3           2.049
5           4           3.629
6           1           6.262
6           2           1.185
6           3           3.4
6           4           4.391
7           1           10.415
7           2           2.068
7           3           2.78
7           4           3.455
8           1           4.797
8           2           2.847
8           3           1.631
8           4           4.032



pe(j, m) - Production emission for producing one unit of item j on machine m. The production emission is period-independent.


1           1           0.162
1           2           0.328
1           3           0.25
1           4           0.495
2           1           0.215
2           2           0.219
2           3           0.241
2           4           0.206
3           1           0.138
3           2           0.353
3           3           0.166
3           4           0.425
4           1           0.159
4           2           0.577
4           3           0.528
4           4           0.19
5           1           0.073
5           2           0.532
5           3           0.525
5           4           0.274
6           1           0.211
6           2           0.929
6           3           0.657
6           4           0.389
7           1           0.129
7           2           0.51
7           3           0.305
7           4           0.487
8           1           0.23
8           2           0.95
8           3           0.701
8           4           0.281



hc(j) - Inventory-holding costs for one unit of item j for one period.


1           0.204
2           0.227
3           0.169
4           0.186
5           0.203
6           0.192
7           0.159
8           0.204



st(j, m) - Setup times for producing a lot of item j on machine m. The setup times are period-independent.


1           1           7.404
1           2           12.745
1           3           10.443
1           4           14.741
2           1           17.49
2           2           5.392
2           3           15.066
2           4           7.571
3           1           6.1
3           2           17.581
3           3           9.724
3           4           15.257
4           1           11.264
4           2           7.117
4           3           8.256
4           4           11.115
5           1           7.243
5           2           6.881
5           3           15.519
5           4           15.195
6           1           6.965
6           2           16.577
6           3           11.173
6           4           10.736
7           1           13.216
7           2           17.872
7           3           18.074
7           4           12.892
8           1           15.965
8           2           18.561
8           3           12.032
8           4           9.621



se(j, m) - Setup emission for producing a lot of item j on machine m. The setup emission are period-independent.


1           1           30.183
1           2           156.232
1           3           67.046
1           4           71.82
2           1           23.62
2           2           139.72
2           3           74.979
2           4           34.581
3           1           32.919
3           2           172.755
3           3           130.148
3           4           99.478
4           1           18.577
4           2           141.052
4           3           62.624
4           4           92.477
5           1           43.223
5           2           75.339
5           3           83.103
5           4           30.491
6           1           30.583
6           2           57.386
6           3           71.061
6           4           35.331
7           1           27.321
7           2           96.192
7           3           104.554
7           4           33.383
8           1           23.322
8           2           73.324
8           3           104.714
8           4           91.375



sc(j, m) - Setup costs for producing a lot of item j on machine m. The setup costs are period-independent.


1           1           43982.4
1           2           10995.6
1           3           14660.8
1           4           21991.2
2           1           50848.0
2           2           12712.0
2           3           16949.333
2           4           25424.0
3           1           36909.6
3           2           9227.4
3           3           12303.2
3           4           18454.8
4           1           41316.8
4           2           10329.2
4           3           13772.267
4           4           20658.4
5           1           44714.133
5           2           11178.533
5           3           14904.711
5           4           22357.067
6           1           38886.4
6           2           9721.6
6           3           12962.133
6           4           19443.2
7           1           36061.2
7           2           9015.3
7           3           12020.4
7           4           18030.6
8           1           46076.8
8           2           11519.2
8           3           15358.933
8           4           23038.4



bc(m) - Fixed investment cost for machine m.


1           13023.270469106148
2           3685.2161947468358
3           358.94224504016057
4           240.00644565366323



ca(m, t) - The available capacity of machine m in period t.


1           1           183.49322444444442
1           2           183.49322444444442
1           3           183.49322444444442
1           4           183.49322444444442
1           5           183.49322444444442
1           6           183.49322444444442
2           1           183.49322444444442
2           2           183.49322444444442
2           3           183.49322444444442
2           4           183.49322444444442
2           5           183.49322444444442
2           6           183.49322444444442
3           1           183.49322444444442
3           2           183.49322444444442
3           3           183.49322444444442
3           4           183.49322444444442
3           5           183.49322444444442
3           6           183.49322444444442
4           1           183.49322444444442
4           2           183.49322444444442
4           3           183.49322444444442
4           4           183.49322444444442
4           5           183.49322444444442
4           6           183.49322444444442



em(t) - The limits of carbon emissions in period t.


1           572.3494583333331
2           572.3494583333331
3           572.3494583333331
4           572.3494583333331
5           572.3494583333331
6           572.3494583333331
