Information for the currently-owned machines and the machines that may be purchased: if 1, the machine can be purchased, otherwise currently-owned.


1           0.0
2           0.0
3           0.0
4           1.0



item_machine_arc(j, m) - The relationship arc between item j and machine m, i.e., machine m is capable of producing item j if item_machine_arc(j, m) = 1.


1           1           1.0
1           2           1.0
1           3           1.0
1           4           0.0
2           1           0.0
2           2           1.0
2           3           0.0
2           4           0.0
3           1           0.0
3           2           1.0
3           3           0.0
3           4           1.0
4           1           0.0
4           2           0.0
4           3           0.0
4           4           1.0
5           1           0.0
5           2           1.0
5           3           1.0
5           4           1.0
6           1           1.0
6           2           1.0
6           3           0.0
6           4           0.0
7           1           1.0
7           2           1.0
7           3           0.0
7           4           0.0
8           1           1.0
8           2           0.0
8           3           0.0
8           4           0.0



d(j, t) - Gross demand for item j in period t.


1           1           37
1           2           37
1           3           38
1           4           34
1           5           31
1           6           32
2           1           46
2           2           33
2           3           39
2           4           40
2           5           39
2           6           37
3           1           42
3           2           47
3           3           40
3           4           46
3           5           40
3           6           38
4           1           45
4           2           46
4           3           34
4           4           40
4           5           34
4           6           46
5           1           46
5           2           31
5           3           42
5           4           43
5           5           38
5           6           32
6           1           33
6           2           47
6           3           41
6           4           44
6           5           44
6           6           45
7           1           32
7           2           38
7           3           33
7           4           50
7           5           49
7           6           41
8           1           34
8           2           43
8           3           45
8           4           44
8           5           42
8           6           30



pt(j, m) - Time required to produce one unit of item j on machine m. The production time is period-independent.


1           1           0.76
1           2           1.239
1           3           0.952
1           4           0.794
2           1           0.943
2           2           0.528
2           3           1.461
2           4           1.233
3           1           0.765
3           2           1.159
3           3           1.007
3           4           0.992
4           1           0.572
4           2           1.009
4           3           0.911
4           4           0.699
5           1           1.215
5           2           0.715
5           3           0.942
5           4           1.15
6           1           0.823
6           2           0.585
6           3           1.149
6           4           1.004
7           1           0.63
7           2           1.191
7           3           0.78
7           4           1.436
8           1           1.304
8           2           0.579
8           3           0.898
8           4           0.501



pc(j, m) - Variable costs of producing one unit of item j on machine m. The production cost is period-independent.


1           1           2.563
1           2           4.75
1           3           1.31
1           4           3.353
2           1           2.6
2           2           8.98
2           3           2.205
2           4           3.997
3           1           1.562
3           2           11.807
3           3           1.503
3           4           4.565
4           1           2.743
4           2           9.675
4           3           2.418
4           4           5.897
5           1           2.395
5           2           11.648
5           3           2.748
5           4           2.66
6           1           1.753
6           2           7.188
6           3           1.711
6           4           2.615
7           1           3.352
7           2           6.699
7           3           1.372
7           4           2.312
8           1           1.755
8           2           8.782
8           3           1.146
8           4           3.856



pe(j, m) - Production emission for producing one unit of item j on machine m. The production emission is period-independent.


1           1           0.37
1           2           0.08
1           3           0.765
1           4           0.238
2           1           0.402
2           2           0.097
2           3           0.927
2           4           0.433
3           1           0.673
3           2           0.221
3           3           0.315
3           4           0.429
4           1           0.633
4           2           0.151
4           3           0.271
4           4           0.271
5           1           0.677
5           2           0.187
5           3           0.455
5           4           0.175
6           1           0.508
6           2           0.227
6           3           0.475
6           4           0.386
7           1           0.664
7           2           0.217
7           3           0.73
7           4           0.301
8           1           0.347
8           2           0.137
8           3           0.296
8           4           0.364



hc(j) - Inventory-holding costs for one unit of item j for one period.


1           0.268
2           0.292
3           0.12
4           0.195
5           0.142
6           0.206
7           0.198
8           0.148



st(j, m) - Setup times for producing a lot of item j on machine m. The setup times are period-independent.


1           1           63.56
1           2           85.031
1           3           91.101
1           4           63.328
2           1           92.2
2           2           46.642
2           3           54.784
2           4           74.509
3           1           34.944
3           2           60.993
3           3           41.809
3           4           62.619
4           1           49.323
4           2           82.216
4           3           25.003
4           4           45.829
5           1           89.355
5           2           59.97
5           3           92.164
5           4           58.134
6           1           79.074
6           2           28.338
6           3           63.977
6           4           29.278
7           1           31.964
7           2           40.079
7           3           70.602
7           4           69.167
8           1           99.459
8           2           78.749
8           3           69.549
8           4           83.114



se(j, m) - Setup emission for producing a lot of item j on machine m. The setup emission are period-independent.


1           1           23.203
1           2           3.513
1           3           23.91
1           4           16.317
2           1           16.701
2           2           6.26
2           3           22.387
2           4           14.681
3           1           21.115
3           2           6.887
3           3           35.251
3           4           14.137
4           1           17.405
4           2           4.035
4           3           20.726
4           4           18.486
5           1           29.211
5           2           6.116
5           3           26.415
5           4           16.537
6           1           17.005
6           2           5.009
6           3           38.103
6           4           11.145
7           1           15.103
7           2           4.917
7           3           38.915
7           4           15.077
8           1           11.545
8           2           4.539
8           3           22.895
8           4           10.632



sc(j, m) - Setup costs for producing a lot of item j on machine m. The setup costs are period-independent.


1           1           17425.956
1           2           52277.867
1           3           13069.467
1           4           26138.933
2           1           21257.6
2           2           63772.8
2           3           15943.2
2           4           31886.4
3           1           9445.333
3           2           28336.0
3           3           7084.0
3           4           14168.0
4           1           14863.333
4           2           44590.0
4           3           11147.5
4           4           22295.0
5           1           10249.244
5           2           30747.733
5           3           7686.933
5           4           15373.867
6           1           16278.578
6           2           48835.733
6           3           12208.933
6           4           24417.867
7           1           14968.8
7           2           44906.4
7           3           11226.6
7           4           22453.2
8           1           10958.578
8           2           32875.733
8           3           8218.933
8           4           16437.867



bc(m) - Fixed investment cost for machine m.


1           2455.6288948250362
2           11567.73248110677
3           4568.4515989157435
4           5518.722766891024



ca(m, t) - The available capacity of machine m in period t.


1           1           272.0957127777778
1           2           272.0957127777778
1           3           272.0957127777778
1           4           272.0957127777778
1           5           272.0957127777778
1           6           272.0957127777778
2           1           272.0957127777778
2           2           272.0957127777778
2           3           272.0957127777778
2           4           272.0957127777778
2           5           272.0957127777778
2           6           272.0957127777778
3           1           272.0957127777778
3           2           272.0957127777778
3           3           272.0957127777778
3           4           272.0957127777778
3           5           272.0957127777778
3           6           272.0957127777778
4           1           272.0957127777778
4           2           272.0957127777778
4           3           272.0957127777778
4           4           272.0957127777778
4           5           272.0957127777778
4           6           272.0957127777778



em(t) - The limits of carbon emissions in period t.


1           232.35284722222224
2           232.35284722222224
3           232.35284722222224
4           232.35284722222224
5           232.35284722222224
6           232.35284722222224
