Information for the currently-owned machines and the machines that may be purchased: if 1, the machine can be purchased, otherwise currently-owned.


1           1.0
2           0.0
3           0.0
4           0.0



item_machine_arc(j, m) - The relationship arc between item j and machine m, i.e., machine m is capable of producing item j if item_machine_arc(j, m) = 1.


1           1           1.0
1           2           0.0
1           3           1.0
1           4           1.0
2           1           1.0
2           2           0.0
2           3           0.0
2           4           0.0
3           1           1.0
3           2           1.0
3           3           1.0
3           4           0.0
4           1           0.0
4           2           0.0
4           3           0.0
4           4           1.0
5           1           1.0
5           2           0.0
5           3           0.0
5           4           0.0
6           1           1.0
6           2           1.0
6           3           1.0
6           4           1.0
7           1           0.0
7           2           1.0
7           3           0.0
7           4           1.0
8           1           0.0
8           2           0.0
8           3           1.0
8           4           0.0



d(j, t) - Gross demand for item j in period t.


1           1           45
1           2           40
1           3           41
1           4           47
1           5           45
1           6           50
2           1           40
2           2           40
2           3           48
2           4           45
2           5           42
2           6           47
3           1           48
3           2           36
3           3           48
3           4           33
3           5           33
3           6           43
4           1           40
4           2           42
4           3           45
4           4           44
4           5           50
4           6           49
5           1           30
5           2           35
5           3           35
5           4           40
5           5           45
5           6           38
6           1           36
6           2           45
6           3           32
6           4           36
6           5           41
6           6           37
7           1           49
7           2           35
7           3           49
7           4           34
7           5           30
7           6           40
8           1           41
8           2           47
8           3           38
8           4           30
8           5           44
8           6           40



pt(j, m) - Time required to produce one unit of item j on machine m. The production time is period-independent.


1           1           1.082
1           2           1.09
1           3           0.988
1           4           1.413
2           1           0.575
2           2           0.561
2           3           1.201
2           4           1.263
3           1           1.472
3           2           1.121
3           3           0.549
3           4           1.082
4           1           1.436
4           2           1.453
4           3           1.472
4           4           0.654
5           1           0.76
5           2           1.344
5           3           1.442
5           4           0.686
6           1           1.178
6           2           0.68
6           3           1.221
6           4           1.092
7           1           1.338
7           2           0.766
7           3           1.157
7           4           1.135
8           1           1.278
8           2           1.31
8           3           0.514
8           4           0.871



pc(j, m) - Variable costs of producing one unit of item j on machine m. The production cost is period-independent.


1           1           8.295
1           2           4.363
1           3           1.756
1           4           3.097
2           1           5.618
2           2           4.684
2           3           1.368
2           4           2.376
3           1           5.177
3           2           4.785
3           3           1.485
3           4           2.606
4           1           9.247
4           2           4.552
4           3           2.752
4           4           3.912
5           1           4.397
5           2           2.947
5           3           2.227
5           4           1.852
6           1           11.291
6           2           4.739
6           3           1.941
6           4           3.752
7           1           7.886
7           2           3.077
7           3           2.095
7           4           3.649
8           1           7.143
8           2           5.292
8           3           1.654
8           4           1.858



pe(j, m) - Production emission for producing one unit of item j on machine m. The production emission is period-independent.


1           1           0.144
1           2           0.208
1           3           0.597
1           4           0.168
2           1           0.108
2           2           0.129
2           3           0.829
2           4           0.191
3           1           0.235
3           2           0.303
3           3           0.713
3           4           0.687
4           1           0.092
4           2           0.425
4           3           0.262
4           4           0.555
5           1           0.122
5           2           0.371
5           3           0.341
5           4           0.635
6           1           0.195
6           2           0.317
6           3           0.5
6           4           0.586
7           1           0.121
7           2           0.386
7           3           0.973
7           4           0.699
8           1           0.143
8           2           0.342
8           3           0.507
8           4           0.479



hc(j) - Inventory-holding costs for one unit of item j for one period.


1           0.157
2           0.121
3           0.232
4           0.136
5           0.131
6           0.108
7           0.147
8           0.238



st(j, m) - Setup times for producing a lot of item j on machine m. The setup times are period-independent.


1           1           5.098
1           2           6.954
1           3           14.003
1           4           12.504
2           1           13.988
2           2           8.935
2           3           9.09
2           4           8.559
3           1           11.105
3           2           17.337
3           3           19.087
3           4           17.913
4           1           19.768
4           2           11.076
4           3           9.653
4           4           9.502
5           1           11.443
5           2           18.508
5           3           16.546
5           4           16.515
6           1           12.789
6           2           16.499
6           3           18.782
6           4           18.041
7           1           17.957
7           2           16.713
7           3           13.056
7           4           9.933
8           1           12.563
8           2           8.154
8           3           15.204
8           4           13.867



se(j, m) - Setup emission for producing a lot of item j on machine m. The setup emission are period-independent.


1           1           6.17
1           2           17.643
1           3           32.186
1           4           21.675
2           1           8.23
2           2           12.928
2           3           33.854
2           4           8.29
3           1           6.056
3           2           10.616
3           3           14.787
3           4           15.089
4           1           6.377
4           2           19.887
4           3           39.461
4           4           20.465
5           1           2.876
5           2           7.381
5           3           29.396
5           4           9.848
6           1           8.595
6           2           19.623
6           3           19.151
6           4           14.497
7           1           8.645
7           2           19.965
7           3           28.98
7           4           15.514
8           1           4.017
8           2           12.998
8           3           32.863
8           4           14.718



sc(j, m) - Setup costs for producing a lot of item j on machine m. The setup costs are period-independent.


1           1           39270.933
1           2           19635.467
1           3           9817.733
1           4           13090.311
2           1           29588.533
2           2           14794.267
2           3           7397.133
2           4           9862.844
3           1           52184.533
3           2           26092.267
3           3           13046.133
3           4           17394.844
4           1           34272.0
4           2           17136.0
4           3           8568.0
4           4           11424.0
5           1           27265.467
5           2           13632.733
5           3           6816.367
5           4           9088.489
6           1           22881.6
6           2           11440.8
6           3           5720.4
6           4           7627.2
7           1           32516.4
7           2           16258.2
7           3           8129.1
7           4           10838.8
8           1           53312.0
8           2           26656.0
8           3           13328.0
8           4           17770.667



bc(m) - Fixed investment cost for machine m.


1           19884.811480237953
2           4104.169549407539
3           1412.3602025512132
4           3036.4778075154654



ca(m, t) - The available capacity of machine m in period t.


1           1           168.09060074074074
1           2           168.09060074074074
1           3           168.09060074074074
1           4           168.09060074074074
1           5           168.09060074074074
1           6           168.09060074074074
2           1           168.09060074074074
2           2           168.09060074074074
2           3           168.09060074074074
2           4           168.09060074074074
2           5           168.09060074074074
2           6           168.09060074074074
3           1           168.09060074074074
3           2           168.09060074074074
3           3           168.09060074074074
3           4           168.09060074074074
3           5           168.09060074074074
3           6           168.09060074074074
4           1           168.09060074074074
4           2           168.09060074074074
4           3           168.09060074074074
4           4           168.09060074074074
4           5           168.09060074074074
4           6           168.09060074074074



em(t) - The limits of carbon emissions in period t.


1           259.5604666666667
2           259.5604666666667
3           259.5604666666667
4           259.5604666666667
5           259.5604666666667
6           259.5604666666667
