Information for the currently-owned machines and the machines that may be purchased: if 1, the machine can be purchased, otherwise currently-owned.


1           0.0
2           0.0
3           1.0
4           0.0



item_machine_arc(j, m) - The relationship arc between item j and machine m, i.e., machine m is capable of producing item j if item_machine_arc(j, m) = 1.


1           1           0.0
1           2           1.0
1           3           1.0
1           4           1.0
2           1           0.0
2           2           1.0
2           3           1.0
2           4           1.0
3           1           0.0
3           2           0.0
3           3           0.0
3           4           1.0
4           1           1.0
4           2           1.0
4           3           1.0
4           4           1.0
5           1           1.0
5           2           1.0
5           3           1.0
5           4           1.0
6           1           0.0
6           2           1.0
6           3           1.0
6           4           1.0
7           1           0.0
7           2           1.0
7           3           0.0
7           4           1.0
8           1           1.0
8           2           0.0
8           3           0.0
8           4           0.0



d(j, t) - Gross demand for item j in period t.


1           1           38
1           2           33
1           3           34
1           4           42
1           5           48
1           6           49
2           1           47
2           2           50
2           3           37
2           4           34
2           5           30
2           6           31
3           1           31
3           2           50
3           3           36
3           4           44
3           5           43
3           6           49
4           1           32
4           2           38
4           3           42
4           4           30
4           5           38
4           6           47
5           1           49
5           2           42
5           3           30
5           4           41
5           5           33
5           6           50
6           1           47
6           2           48
6           3           42
6           4           36
6           5           46
6           6           49
7           1           31
7           2           50
7           3           40
7           4           43
7           5           47
7           6           45
8           1           48
8           2           49
8           3           31
8           4           38
8           5           31
8           6           30



pt(j, m) - Time required to produce one unit of item j on machine m. The production time is period-independent.


1           1           1.428
1           2           0.63
1           3           1.358
1           4           0.542
2           1           1.387
2           2           1.472
2           3           0.61
2           4           0.879
3           1           0.724
3           2           0.954
3           3           1.081
3           4           1.45
4           1           1.235
4           2           1.232
4           3           1.024
4           4           1.039
5           1           1.043
5           2           0.822
5           3           1.334
5           4           0.508
6           1           0.53
6           2           0.809
6           3           0.925
6           4           1.487
7           1           0.525
7           2           1.038
7           3           1.054
7           4           0.997
8           1           1.409
8           2           0.833
8           3           0.764
8           4           1.257



pc(j, m) - Variable costs of producing one unit of item j on machine m. The production cost is period-independent.


1           1           11.036
1           2           2.956
1           3           2.18
1           4           2.244
2           1           7.625
2           2           1.865
2           3           1.41
2           4           2.959
3           1           5.246
3           2           2.411
3           3           1.578
3           4           5.609
4           1           5.632
4           2           2.217
4           3           2.969
4           4           4.069
5           1           5.923
5           2           2.734
5           3           2.042
5           4           5.423
6           1           7.567
6           2           2.074
6           3           1.704
6           4           5.761
7           1           6.27
7           2           1.868
7           3           1.712
7           4           5.323
8           1           8.943
8           2           2.386
8           3           1.77
8           4           4.058



pe(j, m) - Production emission for producing one unit of item j on machine m. The production emission is period-independent.


1           1           0.213
1           2           0.623
1           3           0.356
1           4           0.296
2           1           0.075
2           2           0.217
2           3           0.477
2           4           0.276
3           1           0.112
3           2           0.238
3           3           0.15
3           4           0.495
4           1           0.131
4           2           0.8
4           3           0.271
4           4           0.121
5           1           0.078
5           2           0.93
5           3           0.329
5           4           0.107
6           1           0.079
6           2           0.923
6           3           0.554
6           4           0.213
7           1           0.126
7           2           0.534
7           3           0.472
7           4           0.306
8           1           0.064
8           2           0.81
8           3           0.479
8           4           0.284



hc(j) - Inventory-holding costs for one unit of item j for one period.


1           0.271
2           0.175
3           0.164
4           0.159
5           0.245
6           0.115
7           0.169
8           0.244



st(j, m) - Setup times for producing a lot of item j on machine m. The setup times are period-independent.


1           1           85.337
1           2           48.157
1           3           70.461
1           4           94.302
2           1           78.606
2           2           53.583
2           3           61.623
2           4           63.568
3           1           97.019
3           2           86.072
3           3           54.567
3           4           41.655
4           1           39.612
4           2           48.583
4           3           29.992
4           4           53.397
5           1           92.705
5           2           88.653
5           3           34.957
5           4           53.12
6           1           50.806
6           2           71.675
6           3           86.819
6           4           77.907
7           1           93.597
7           2           61.523
7           3           81.919
7           4           47.086
8           1           74.909
8           2           40.18
8           3           81.407
8           4           42.987



se(j, m) - Setup emission for producing a lot of item j on machine m. The setup emission are period-independent.


1           1           27.733
1           2           81.521
1           3           135.083
1           4           86.361
2           1           38.928
2           2           188.416
2           3           47.257
2           4           46.019
3           1           35.606
3           2           55.943
3           3           146.705
3           4           47.682
4           1           46.496
4           2           51.933
4           3           122.189
4           4           47.914
5           1           33.958
5           2           77.772
5           3           148.991
5           4           42.159
6           1           20.104
6           2           173.177
6           3           97.417
6           4           34.086
7           1           44.492
7           2           122.354
7           3           118.486
7           4           74.096
8           1           42.056
8           2           197.085
8           3           137.055
8           4           92.115



sc(j, m) - Setup costs for producing a lot of item j on machine m. The setup costs are period-independent.


1           1           61715.733
1           2           15428.933
1           3           20571.911
1           4           30857.867
2           1           37403.333
2           2           9350.833
2           3           12467.778
2           4           18701.667
3           1           38725.867
3           2           9681.467
3           3           12908.622
3           4           19362.933
4           1           33686.8
4           2           8421.7
4           3           11228.933
4           4           16843.4
5           1           56023.333
5           2           14005.833
5           3           18674.444
5           4           28011.667
6           1           28765.333
6           2           7191.333
6           3           9588.444
6           4           14382.667
7           1           40379.733
7           2           10094.933
7           3           13459.911
7           4           20189.867
8           1           51695.467
8           2           12923.867
8           3           17231.822
8           4           25847.733



bc(m) - Fixed investment cost for machine m.


1           15962.136629712433
2           343.01721532700725
3           6045.321294797112
4           8843.80308779301



ca(m, t) - The available capacity of machine m in period t.


1           1           309.9085733333333
1           2           309.9085733333333
1           3           309.9085733333333
1           4           309.9085733333333
1           5           309.9085733333333
1           6           309.9085733333333
2           1           309.9085733333333
2           2           309.9085733333333
2           3           309.9085733333333
2           4           309.9085733333333
2           5           309.9085733333333
2           6           309.9085733333333
3           1           309.9085733333333
3           2           309.9085733333333
3           3           309.9085733333333
3           4           309.9085733333333
3           5           309.9085733333333
3           6           309.9085733333333
4           1           309.9085733333333
4           2           309.9085733333333
4           3           309.9085733333333
4           4           309.9085733333333
4           5           309.9085733333333
4           6           309.9085733333333



em(t) - The limits of carbon emissions in period t.


1           611.6389805555556
2           611.6389805555556
3           611.6389805555556
4           611.6389805555556
5           611.6389805555556
6           611.6389805555556
