Information for the currently-owned machines and the machines that may be purchased: if 1, the machine can be purchased, otherwise currently-owned.


1           0.0
2           1.0
3           0.0
4           0.0



item_machine_arc(j, m) - The relationship arc between item j and machine m, i.e., machine m is capable of producing item j if item_machine_arc(j, m) = 1.


1           1           0.0
1           2           1.0
1           3           1.0
1           4           1.0
2           1           1.0
2           2           1.0
2           3           1.0
2           4           1.0
3           1           1.0
3           2           1.0
3           3           0.0
3           4           0.0
4           1           1.0
4           2           1.0
4           3           0.0
4           4           1.0
5           1           0.0
5           2           0.0
5           3           1.0
5           4           0.0
6           1           0.0
6           2           1.0
6           3           0.0
6           4           0.0
7           1           0.0
7           2           1.0
7           3           1.0
7           4           1.0
8           1           0.0
8           2           1.0
8           3           1.0
8           4           0.0



d(j, t) - Gross demand for item j in period t.


1           1           44
1           2           32
1           3           35
1           4           45
1           5           50
1           6           43
2           1           42
2           2           31
2           3           50
2           4           32
2           5           44
2           6           50
3           1           39
3           2           32
3           3           36
3           4           31
3           5           43
3           6           45
4           1           45
4           2           46
4           3           36
4           4           31
4           5           37
4           6           45
5           1           36
5           2           38
5           3           42
5           4           41
5           5           35
5           6           47
6           1           46
6           2           39
6           3           32
6           4           43
6           5           43
6           6           46
7           1           37
7           2           30
7           3           39
7           4           48
7           5           32
7           6           46
8           1           49
8           2           43
8           3           42
8           4           40
8           5           46
8           6           43



pt(j, m) - Time required to produce one unit of item j on machine m. The production time is period-independent.


1           1           0.952
1           2           0.62
1           3           0.691
1           4           0.992
2           1           1.334
2           2           1.368
2           3           1.069
2           4           0.51
3           1           1.348
3           2           0.57
3           3           0.779
3           4           1.209
4           1           1.496
4           2           1.464
4           3           0.519
4           4           0.728
5           1           0.926
5           2           0.513
5           3           0.875
5           4           1.284
6           1           0.872
6           2           0.889
6           3           1.147
6           4           0.62
7           1           0.54
7           2           1.269
7           3           1.122
7           4           1.065
8           1           1.109
8           2           1.272
8           3           1.38
8           4           0.929



pc(j, m) - Variable costs of producing one unit of item j on machine m. The production cost is period-independent.


1           1           2.787
1           2           4.93
1           3           10.836
1           4           2.256
2           1           2.024
2           2           3.311
2           3           9.388
2           4           2.434
3           1           1.603
3           2           2.781
3           3           11.602
3           4           2.24
4           1           2.43
4           2           4.622
4           3           5.882
4           4           3.413
5           1           1.035
5           2           5.246
5           3           7.282
5           4           1.795
6           1           2.458
6           2           5.141
6           3           5.058
6           4           1.867
7           1           1.235
7           2           5.819
7           3           11.791
7           4           1.691
8           1           1.622
8           2           4.505
8           3           11.083
8           4           2.662



pe(j, m) - Production emission for producing one unit of item j on machine m. The production emission is period-independent.


1           1           2.377
1           2           2.047
1           3           0.351
1           4           3.554
2           1           1.227
2           2           1.812
2           3           1.104
2           4           2.808
3           1           4.806
3           2           1.297
3           3           0.915
3           4           3.717
4           1           3.709
4           2           1.539
4           3           0.273
4           4           1.461
5           1           3.654
5           2           1.889
5           3           0.727
5           4           3.706
6           1           3.062
6           2           1.012
6           3           0.919
6           4           3.228
7           1           4.776
7           2           1.504
7           3           0.545
7           4           0.912
8           1           3.053
8           2           2.225
8           3           0.941
8           4           1.778



hc(j) - Inventory-holding costs for one unit of item j for one period.


1           0.202
2           0.138
3           0.108
4           0.137
5           0.237
6           0.178
7           0.214
8           0.283



st(j, m) - Setup times for producing a lot of item j on machine m. The setup times are period-independent.


1           1           7.114
1           2           5.521
1           3           5.458
1           4           6.492
2           1           9.958
2           2           12.29
2           3           9.386
2           4           7.442
3           1           8.607
3           2           9.248
3           3           16.036
3           4           17.089
4           1           12.56
4           2           5.326
4           3           15.298
4           4           17.45
5           1           5.413
5           2           11.052
5           3           15.363
5           4           11.314
6           1           14.037
6           2           14.492
6           3           10.403
6           4           11.061
7           1           8.071
7           2           5.363
7           3           10.831
7           4           13.007
8           1           18.228
8           2           10.621
8           3           8.244
8           4           10.597



se(j, m) - Setup emission for producing a lot of item j on machine m. The setup emission are period-independent.


1           1           33.482
1           2           7.114
1           3           6.51
1           4           13.191
2           1           28.014
2           2           10.422
2           3           3.931
2           4           26.402
3           1           13.007
3           2           16.791
3           3           3.758
3           4           13.462
4           1           20.25
4           2           11.405
4           3           6.638
4           4           26.439
5           1           10.465
5           2           14.016
5           3           9.491
5           4           29.374
6           1           19.067
6           2           8.59
6           3           5.868
6           4           28.652
7           1           31.674
7           2           10.832
7           3           8.639
7           4           10.752
8           1           39.083
8           2           15.544
8           3           9.34
8           4           15.791



sc(j, m) - Setup costs for producing a lot of item j on machine m. The setup costs are period-independent.


1           1           12909.82
1           2           25819.64
1           3           51639.28
1           4           17213.093
2           1           8819.58
2           2           17639.16
2           3           35278.32
2           4           11759.44
3           1           6264.72
3           2           12529.44
3           3           25058.88
3           4           8352.96
4           1           8439.2
4           2           16878.4
4           3           33756.8
4           4           11252.267
5           1           14538.37
5           2           29076.74
5           3           58153.48
5           4           19384.493
6           1           11375.98
6           2           22751.96
6           3           45503.92
6           4           15167.973
7           1           12742.987
7           2           25485.973
7           3           50971.947
7           4           16990.649
8           1           19103.443
8           2           38206.887
8           3           76413.773
8           4           25471.258



bc(m) - Fixed investment cost for machine m.


1           282.6811251490952
2           9763.163952441055
3           7377.881072194461
4           1864.7882955049645



ca(m, t) - The available capacity of machine m in period t.


1           1           176.70047499999998
1           2           176.70047499999998
1           3           176.70047499999998
1           4           176.70047499999998
1           5           176.70047499999998
1           6           176.70047499999998
2           1           176.70047499999998
2           2           176.70047499999998
2           3           176.70047499999998
2           4           176.70047499999998
2           5           176.70047499999998
2           6           176.70047499999998
3           1           176.70047499999998
3           2           176.70047499999998
3           3           176.70047499999998
3           4           176.70047499999998
3           5           176.70047499999998
3           6           176.70047499999998
4           1           176.70047499999998
4           2           176.70047499999998
4           3           176.70047499999998
4           4           176.70047499999998
4           5           176.70047499999998
4           6           176.70047499999998



em(t) - The limits of carbon emissions in period t.


1           822.9908166666667
2           822.9908166666667
3           822.9908166666667
4           822.9908166666667
5           822.9908166666667
6           822.9908166666667
