Information for the currently-owned machines and the machines that may be purchased: if 1, the machine can be purchased, otherwise currently-owned.


1           0.0
2           1.0
3           0.0
4           0.0



item_machine_arc(j, m) - The relationship arc between item j and machine m, i.e., machine m is capable of producing item j if item_machine_arc(j, m) = 1.


1           1           0.0
1           2           1.0
1           3           0.0
1           4           0.0
2           1           0.0
2           2           0.0
2           3           1.0
2           4           1.0
3           1           1.0
3           2           1.0
3           3           1.0
3           4           0.0
4           1           0.0
4           2           1.0
4           3           1.0
4           4           0.0
5           1           1.0
5           2           1.0
5           3           1.0
5           4           1.0
6           1           0.0
6           2           1.0
6           3           1.0
6           4           1.0
7           1           1.0
7           2           1.0
7           3           1.0
7           4           1.0
8           1           0.0
8           2           1.0
8           3           1.0
8           4           1.0



d(j, t) - Gross demand for item j in period t.


1           1           34
1           2           36
1           3           36
1           4           40
1           5           45
1           6           35
2           1           45
2           2           32
2           3           31
2           4           33
2           5           32
2           6           33
3           1           31
3           2           34
3           3           35
3           4           35
3           5           37
3           6           38
4           1           43
4           2           38
4           3           43
4           4           33
4           5           45
4           6           31
5           1           41
5           2           45
5           3           44
5           4           48
5           5           30
5           6           50
6           1           39
6           2           42
6           3           41
6           4           34
6           5           38
6           6           43
7           1           31
7           2           50
7           3           48
7           4           50
7           5           35
7           6           37
8           1           48
8           2           33
8           3           33
8           4           47
8           5           44
8           6           47



pt(j, m) - Time required to produce one unit of item j on machine m. The production time is period-independent.


1           1           1.28
1           2           1.331
1           3           1.007
1           4           0.818
2           1           1.141
2           2           1.353
2           3           1.325
2           4           1.135
3           1           0.908
3           2           0.733
3           3           1.058
3           4           0.915
4           1           1.026
4           2           0.657
4           3           1.26
4           4           1.378
5           1           1.159
5           2           0.895
5           3           0.644
5           4           0.933
6           1           1.253
6           2           0.94
6           3           0.81
6           4           1.005
7           1           0.757
7           2           0.543
7           3           1.035
7           4           1.499
8           1           1.308
8           2           1.32
8           3           0.72
8           4           0.919



pc(j, m) - Variable costs of producing one unit of item j on machine m. The production cost is period-independent.


1           1           3.322
1           2           1.256
1           3           1.998
1           4           7.876
2           1           5.57
2           2           2.874
2           3           2.452
2           4           11.789
3           1           5.118
3           2           1.29
3           3           1.871
3           4           11.964
4           1           3.577
4           2           1.995
4           3           1.772
4           4           4.48
5           1           5.106
5           2           1.195
5           3           2.727
5           4           5.672
6           1           3.961
6           2           1.007
6           3           3.131
6           4           6.44
7           1           4.592
7           2           1.641
7           3           1.406
7           4           11.919
8           1           4.672
8           2           1.958
8           3           1.334
8           4           9.404



pe(j, m) - Production emission for producing one unit of item j on machine m. The production emission is period-independent.


1           1           0.183
1           2           0.267
1           3           0.327
1           4           0.199
2           1           0.471
2           2           0.673
2           3           0.494
2           4           0.104
3           1           0.296
3           2           0.715
3           3           0.228
3           4           0.108
4           1           0.381
4           2           0.951
4           3           0.359
4           4           0.206
5           1           0.137
5           2           0.597
5           3           0.49
5           4           0.249
6           1           0.161
6           2           0.847
6           3           0.444
6           4           0.239
7           1           0.34
7           2           0.436
7           3           0.332
7           4           0.11
8           1           0.323
8           2           0.73
8           3           0.389
8           4           0.1



hc(j) - Inventory-holding costs for one unit of item j for one period.


1           0.252
2           0.23
3           0.125
4           0.262
5           0.246
6           0.11
7           0.13
8           0.261



st(j, m) - Setup times for producing a lot of item j on machine m. The setup times are period-independent.


1           1           9.156
1           2           18.434
1           3           19.877
1           4           19.741
2           1           8.996
2           2           8.479
2           3           15.421
2           4           18.432
3           1           14.658
3           2           13.971
3           3           19.12
3           4           10.157
4           1           18.46
4           2           5.406
4           3           8.277
4           4           14.169
5           1           12.53
5           2           5.021
5           3           16.606
5           4           11.083
6           1           15.158
6           2           16.793
6           3           10.185
6           4           13.641
7           1           13.915
7           2           9.301
7           3           18.375
7           4           7.627
8           1           8.371
8           2           10.582
8           3           5.442
8           4           15.2



se(j, m) - Setup emission for producing a lot of item j on machine m. The setup emission are period-independent.


1           1           69.032
1           2           93.481
1           3           40.47
1           4           48.606
2           1           88.978
2           2           175.976
2           3           124.484
2           4           40.538
3           1           71.523
3           2           138.98
3           3           104.902
3           4           20.481
4           1           84.483
4           2           172.414
4           3           143.389
4           4           35.229
5           1           86.223
5           2           66.394
5           3           123.376
5           4           25.015
6           1           49.618
6           2           130.637
6           3           73.409
6           4           35.493
7           1           81.042
7           2           161.537
7           3           92.988
7           4           37.312
8           1           84.296
8           2           71.919
8           3           57.843
8           4           26.565



sc(j, m) - Setup costs for producing a lot of item j on machine m. The setup costs are period-independent.


1           1           26577.6
1           2           13288.8
1           3           17718.4
1           4           53155.2
2           1           22110.667
2           2           11055.333
2           3           14740.444
2           4           44221.333
3           1           12250.0
3           2           6125.0
3           3           8166.667
3           4           24500.0
4           1           28488.133
4           2           14244.067
4           3           18992.089
4           4           56976.267
5           1           29618.4
5           2           14809.2
5           3           19745.6
5           4           59236.8
6           1           12166.0
6           2           6083.0
6           3           8110.667
6           4           24332.0
7           1           15227.333
7           2           7613.667
7           3           10151.556
7           4           30454.667
8           1           30693.6
8           2           15346.8
8           3           20462.4
8           4           61387.2



bc(m) - Fixed investment cost for machine m.


1           5655.284511237122
2           4373.283986286169
3           5274.548110317988
4           9432.967976016744



ca(m, t) - The available capacity of machine m in period t.


1           1           173.01448888888885
1           2           173.01448888888885
1           3           173.01448888888885
1           4           173.01448888888885
1           5           173.01448888888885
1           6           173.01448888888885
2           1           173.01448888888885
2           2           173.01448888888885
2           3           173.01448888888885
2           4           173.01448888888885
2           5           173.01448888888885
2           6           173.01448888888885
3           1           173.01448888888885
3           2           173.01448888888885
3           3           173.01448888888885
3           4           173.01448888888885
3           5           173.01448888888885
3           6           173.01448888888885
4           1           173.01448888888885
4           2           173.01448888888885
4           3           173.01448888888885
4           4           173.01448888888885
4           5           173.01448888888885
4           6           173.01448888888885



em(t) - The limits of carbon emissions in period t.


1           763.4169491666668
2           763.4169491666668
3           763.4169491666668
4           763.4169491666668
5           763.4169491666668
6           763.4169491666668
