Information for the currently-owned machines and the machines that may be purchased: if 1, the machine can be purchased, otherwise currently-owned.


1           0.0
2           0.0
3           0.0
4           1.0



item_machine_arc(j, m) - The relationship arc between item j and machine m, i.e., machine m is capable of producing item j if item_machine_arc(j, m) = 1.


1           1           1.0
1           2           1.0
1           3           0.0
1           4           0.0
2           1           1.0
2           2           0.0
2           3           1.0
2           4           1.0
3           1           1.0
3           2           0.0
3           3           0.0
3           4           0.0
4           1           1.0
4           2           1.0
4           3           0.0
4           4           0.0
5           1           1.0
5           2           1.0
5           3           1.0
5           4           1.0
6           1           1.0
6           2           1.0
6           3           0.0
6           4           1.0
7           1           1.0
7           2           1.0
7           3           1.0
7           4           1.0
8           1           0.0
8           2           0.0
8           3           1.0
8           4           1.0



d(j, t) - Gross demand for item j in period t.


1           1           30
1           2           45
1           3           48
1           4           41
1           5           31
1           6           31
2           1           43
2           2           50
2           3           32
2           4           32
2           5           38
2           6           44
3           1           34
3           2           48
3           3           49
3           4           41
3           5           32
3           6           36
4           1           44
4           2           37
4           3           33
4           4           50
4           5           35
4           6           43
5           1           42
5           2           33
5           3           31
5           4           44
5           5           30
5           6           31
6           1           49
6           2           40
6           3           43
6           4           32
6           5           48
6           6           30
7           1           35
7           2           35
7           3           47
7           4           46
7           5           36
7           6           39
8           1           46
8           2           39
8           3           48
8           4           50
8           5           39
8           6           38



pt(j, m) - Time required to produce one unit of item j on machine m. The production time is period-independent.


1           1           0.969
1           2           1.058
1           3           0.584
1           4           1.324
2           1           1.321
2           2           0.747
2           3           1.234
2           4           0.74
3           1           1.26
3           2           1.027
3           3           1.183
3           4           1.19
4           1           0.638
4           2           0.863
4           3           1.319
4           4           0.793
5           1           1.256
5           2           0.833
5           3           0.647
5           4           0.696
6           1           1.056
6           2           1.334
6           3           1.329
6           4           1.479
7           1           0.804
7           2           1.248
7           3           1.216
7           4           1.236
8           1           1.394
8           2           0.998
8           3           0.785
8           4           0.734



pc(j, m) - Variable costs of producing one unit of item j on machine m. The production cost is period-independent.


1           1           8.069
1           2           2.184
1           3           3.484
1           4           2.29
2           1           11.218
2           2           2.533
2           3           1.981
2           4           2.02
3           1           7.703
3           2           2.37
3           3           3.639
3           4           2.211
4           1           6.792
4           2           3.805
4           3           3.465
4           4           2.494
5           1           10.23
5           2           2.873
5           3           1.92
5           4           2.854
6           1           5.442
6           2           2.943
6           3           1.367
6           4           2.215
7           1           5.644
7           2           2.621
7           3           3.15
7           4           1.421
8           1           6.875
8           2           2.954
8           3           2.304
8           4           1.448



pe(j, m) - Production emission for producing one unit of item j on machine m. The production emission is period-independent.


1           1           0.329
1           2           2.33
1           3           2.426
1           4           1.081
2           1           0.858
2           2           1.72
2           3           2.745
2           4           1.565
3           1           0.512
3           2           1.178
3           3           3.497
3           4           2.595
4           1           0.581
4           2           1.862
4           3           2.409
4           4           1.198
5           1           0.688
5           2           0.888
5           3           1.029
5           4           2.958
6           1           0.97
6           2           1.023
6           3           2.893
6           4           4.037
7           1           1.223
7           2           1.119
7           3           2.166
7           4           3.676
8           1           0.771
8           2           1.724
8           3           3.069
8           4           1.234



hc(j) - Inventory-holding costs for one unit of item j for one period.


1           0.177
2           0.105
3           0.163
4           0.173
5           0.246
6           0.296
7           0.169
8           0.203



st(j, m) - Setup times for producing a lot of item j on machine m. The setup times are period-independent.


1           1           19.313
1           2           6.425
1           3           11.615
1           4           12.4
2           1           17.463
2           2           17.202
2           3           15.761
2           4           10.425
3           1           14.24
3           2           19.38
3           3           7.423
3           4           14.041
4           1           15.637
4           2           19.054
4           3           9.234
4           4           8.261
5           1           8.367
5           2           8.251
5           3           16.701
5           4           12.528
6           1           5.124
6           2           5.77
6           3           5.4
6           4           5.356
7           1           8.039
7           2           8.012
7           3           6.66
7           4           9.665
8           1           13.447
8           2           19.481
8           3           16.604
8           4           15.126



se(j, m) - Setup emission for producing a lot of item j on machine m. The setup emission are period-independent.


1           1           5.009
1           2           12.443
1           3           23.979
1           4           34.704
2           1           3.035
2           2           5.786
2           3           10.498
2           4           34.151
3           1           7.611
3           2           10.371
3           3           16.646
3           4           32.492
4           1           8.523
4           2           14.767
4           3           20.285
4           4           16.02
5           1           3.172
5           2           12.79
5           3           27.528
5           4           23.012
6           1           7.345
6           2           14.491
6           3           22.018
6           4           30.223
7           1           6.352
7           2           12.378
7           3           23.139
7           4           31.684
8           1           9.827
8           2           14.444
8           3           15.333
8           4           34.648



sc(j, m) - Setup costs for producing a lot of item j on machine m. The setup costs are period-independent.


1           1           37335.2
1           2           18667.6
1           3           12445.067
1           4           9333.8
2           1           23422.0
2           2           11711.0
2           3           7807.333
2           4           5855.5
3           1           36512.0
3           2           18256.0
3           3           12170.667
3           4           9128.0
4           1           39074.933
4           2           19537.467
4           3           13024.978
4           4           9768.733
5           1           48445.6
5           2           24222.8
5           3           16148.533
5           4           12111.4
6           1           66856.533
6           2           33428.267
6           3           22285.511
6           4           16714.133
7           1           37540.533
7           2           18770.267
7           3           12513.511
7           4           9385.133
8           1           49261.333
8           2           24630.667
8           3           16420.444
8           4           12315.333



bc(m) - Fixed investment cost for machine m.


1           11461.80152453089
2           9490.935085928777
3           2892.251209665402
4           4149.593205017799



ca(m, t) - The available capacity of machine m in period t.


1           1           173.7317361111111
1           2           173.7317361111111
1           3           173.7317361111111
1           4           173.7317361111111
1           5           173.7317361111111
1           6           173.7317361111111
2           1           173.7317361111111
2           2           173.7317361111111
2           3           173.7317361111111
2           4           173.7317361111111
2           5           173.7317361111111
2           6           173.7317361111111
3           1           173.7317361111111
3           2           173.7317361111111
3           3           173.7317361111111
3           4           173.7317361111111
3           5           173.7317361111111
3           6           173.7317361111111
4           1           173.7317361111111
4           2           173.7317361111111
4           3           173.7317361111111
4           4           173.7317361111111
4           5           173.7317361111111
4           6           173.7317361111111



em(t) - The limits of carbon emissions in period t.


1           852.2810022222224
2           852.2810022222224
3           852.2810022222224
4           852.2810022222224
5           852.2810022222224
6           852.2810022222224
