Information for the currently-owned machines and the machines that may be purchased: if 1, the machine can be purchased, otherwise currently-owned.


1           0.0
2           0.0
3           1.0
4           0.0



item_machine_arc(j, m) - The relationship arc between item j and machine m, i.e., machine m is capable of producing item j if item_machine_arc(j, m) = 1.


1           1           1.0
1           2           0.0
1           3           0.0
1           4           1.0
2           1           1.0
2           2           1.0
2           3           1.0
2           4           1.0
3           1           1.0
3           2           0.0
3           3           0.0
3           4           0.0
4           1           0.0
4           2           0.0
4           3           1.0
4           4           1.0
5           1           0.0
5           2           1.0
5           3           1.0
5           4           0.0
6           1           1.0
6           2           0.0
6           3           1.0
6           4           1.0
7           1           1.0
7           2           1.0
7           3           0.0
7           4           1.0
8           1           0.0
8           2           1.0
8           3           1.0
8           4           0.0



d(j, t) - Gross demand for item j in period t.


1           1           43
1           2           45
1           3           43
1           4           48
1           5           50
1           6           38
2           1           31
2           2           49
2           3           46
2           4           43
2           5           40
2           6           43
3           1           40
3           2           43
3           3           42
3           4           45
3           5           31
3           6           49
4           1           46
4           2           48
4           3           33
4           4           44
4           5           43
4           6           39
5           1           37
5           2           32
5           3           36
5           4           43
5           5           42
5           6           45
6           1           47
6           2           50
6           3           37
6           4           40
6           5           46
6           6           49
7           1           33
7           2           46
7           3           49
7           4           31
7           5           34
7           6           37
8           1           48
8           2           38
8           3           34
8           4           47
8           5           50
8           6           32



pt(j, m) - Time required to produce one unit of item j on machine m. The production time is period-independent.


1           1           1.427
1           2           0.602
1           3           1.46
1           4           1.078
2           1           1.43
2           2           1.39
2           3           1.029
2           4           0.546
3           1           0.733
3           2           0.808
3           3           1.092
3           4           0.934
4           1           0.503
4           2           1.137
4           3           1.225
4           4           1.127
5           1           1.052
5           2           0.919
5           3           1.318
5           4           0.999
6           1           1.392
6           2           1.4
6           3           1.333
6           4           0.606
7           1           0.878
7           2           1.38
7           3           0.52
7           4           1.269
8           1           0.739
8           2           1.472
8           3           1.333
8           4           1.456



pc(j, m) - Variable costs of producing one unit of item j on machine m. The production cost is period-independent.


1           1           9.235
1           2           2.733
1           3           3.736
1           4           3.506
2           1           5.695
2           2           1.934
2           3           1.42
2           4           3.642
3           1           6.033
3           2           1.988
3           3           2.343
3           4           3.059
4           1           6.503
4           2           1.198
4           3           3.298
4           4           4.656
5           1           8.304
5           2           1.859
5           3           3.923
5           4           2.96
6           1           11.756
6           2           2.997
6           3           1.909
6           4           3.392
7           1           11.448
7           2           2.542
7           3           1.738
7           4           4.018
8           1           10.895
8           2           2.378
8           3           1.516
8           4           5.344



pe(j, m) - Production emission for producing one unit of item j on machine m. The production emission is period-independent.


1           1           0.524
1           2           3.959
1           3           3.08
1           4           1.709
2           1           0.895
2           2           2.604
2           3           1.149
2           4           0.942
3           1           0.687
3           2           3.797
3           3           1.486
3           4           1.631
4           1           0.695
4           2           2.766
4           3           2.79
4           4           2.131
5           1           0.35
5           2           1.235
5           3           1.049
5           4           1.62
6           1           1.2
6           2           3.067
6           3           2.511
6           4           0.64
7           1           0.862
7           2           3.829
7           3           0.929
7           4           1.281
8           1           0.407
8           2           1.009
8           3           1.692
8           4           1.884



hc(j) - Inventory-holding costs for one unit of item j for one period.


1           0.224
2           0.153
3           0.288
4           0.112
5           0.121
6           0.136
7           0.156
8           0.145



st(j, m) - Setup times for producing a lot of item j on machine m. The setup times are period-independent.


1           1           86.091
1           2           74.861
1           3           59.91
1           4           29.128
2           1           31.29
2           2           73.022
2           3           32.508
2           4           92.53
3           1           90.327
3           2           90.648
3           3           39.947
3           4           56.275
4           1           30.352
4           2           61.36
4           3           69.687
4           4           41.721
5           1           85.157
5           2           71.113
5           3           66.153
5           4           27.608
6           1           90.235
6           2           90.314
6           3           48.206
6           4           29.765
7           1           65.272
7           2           37.568
7           3           40.66
7           4           30.853
8           1           84.299
8           2           47.83
8           3           47.133
8           4           91.987



se(j, m) - Setup emission for producing a lot of item j on machine m. The setup emission are period-independent.


1           1           3.435
1           2           32.667
1           3           9.041
1           4           16.74
2           1           3.566
2           2           32.236
2           3           15.773
2           4           19.309
3           1           3.176
3           2           15.643
3           3           12.597
3           4           13.252
4           1           8.19
4           2           10.299
4           3           11.331
4           4           5.128
5           1           6.485
5           2           36.423
5           3           14.305
5           4           19.721
6           1           4.377
6           2           24.268
6           3           10.858
6           4           5.891
7           1           4.328
7           2           30.81
7           3           8.88
7           4           5.394
8           1           8.006
8           2           10.106
8           3           10.318
8           4           11.852



sc(j, m) - Setup costs for producing a lot of item j on machine m. The setup costs are period-independent.


1           1           61402.88
1           2           15350.72
1           3           20467.627
1           4           30701.44
2           1           39584.16
2           2           9896.04
2           3           13194.72
2           4           19792.08
3           1           73920.0
3           2           18480.0
3           3           24640.0
3           4           36960.0
4           1           29091.627
4           2           7272.907
4           3           9697.209
4           4           14545.813
5           1           29193.267
5           2           7298.317
5           3           9731.089
5           4           14596.633
6           1           37559.573
6           2           9389.893
6           3           12519.858
6           4           18779.787
7           1           36836.8
7           2           9209.2
7           3           12278.933
7           4           18418.4
8           1           37067.8
8           2           9266.95
8           3           12355.933
8           4           18533.9



bc(m) - Fixed investment cost for machine m.


1           9007.713860584283
2           4810.931940131895
3           5444.119284524885
4           2144.7607270254875



ca(m, t) - The available capacity of machine m in period t.


1           1           288.27633333333324
1           2           288.27633333333324
1           3           288.27633333333324
1           4           288.27633333333324
1           5           288.27633333333324
1           6           288.27633333333324
2           1           288.27633333333324
2           2           288.27633333333324
2           3           288.27633333333324
2           4           288.27633333333324
2           5           288.27633333333324
2           6           288.27633333333324
3           1           288.27633333333324
3           2           288.27633333333324
3           3           288.27633333333324
3           4           288.27633333333324
3           5           288.27633333333324
3           6           288.27633333333324
4           1           288.27633333333324
4           2           288.27633333333324
4           3           288.27633333333324
4           4           288.27633333333324
4           5           288.27633333333324
4           6           288.27633333333324



em(t) - The limits of carbon emissions in period t.


1           742.7460833333333
2           742.7460833333333
3           742.7460833333333
4           742.7460833333333
5           742.7460833333333
6           742.7460833333333
