Information for the currently-owned machines and the machines that may be purchased: if 1, the machine can be purchased, otherwise currently-owned.


1           0.0
2           1.0
3           0.0
4           0.0



item_machine_arc(j, m) - The relationship arc between item j and machine m, i.e., machine m is capable of producing item j if item_machine_arc(j, m) = 1.


1           1           1.0
1           2           0.0
1           3           1.0
1           4           1.0
2           1           0.0
2           2           0.0
2           3           0.0
2           4           1.0
3           1           0.0
3           2           1.0
3           3           0.0
3           4           1.0
4           1           1.0
4           2           1.0
4           3           1.0
4           4           1.0
5           1           1.0
5           2           1.0
5           3           0.0
5           4           1.0
6           1           1.0
6           2           1.0
6           3           1.0
6           4           1.0
7           1           1.0
7           2           0.0
7           3           0.0
7           4           1.0
8           1           1.0
8           2           1.0
8           3           0.0
8           4           1.0



d(j, t) - Gross demand for item j in period t.


1           1           32
1           2           45
1           3           44
1           4           38
1           5           33
1           6           36
2           1           36
2           2           48
2           3           40
2           4           35
2           5           38
2           6           37
3           1           35
3           2           31
3           3           34
3           4           30
3           5           44
3           6           43
4           1           49
4           2           45
4           3           48
4           4           40
4           5           38
4           6           35
5           1           43
5           2           42
5           3           32
5           4           45
5           5           43
5           6           48
6           1           32
6           2           37
6           3           44
6           4           38
6           5           36
6           6           32
7           1           49
7           2           40
7           3           43
7           4           32
7           5           41
7           6           47
8           1           46
8           2           41
8           3           49
8           4           45
8           5           40
8           6           47



pt(j, m) - Time required to produce one unit of item j on machine m. The production time is period-independent.


1           1           0.883
1           2           1.068
1           3           1.221
1           4           0.895
2           1           0.587
2           2           0.856
2           3           0.531
2           4           0.999
3           1           0.523
3           2           1.45
3           3           1.446
3           4           0.907
4           1           0.783
4           2           0.904
4           3           1.078
4           4           1.001
5           1           0.511
5           2           0.596
5           3           0.543
5           4           0.924
6           1           1.122
6           2           1.181
6           3           1.045
6           4           1.224
7           1           0.765
7           2           1.466
7           3           1.323
7           4           0.915
8           1           1.154
8           2           0.622
8           3           1.397
8           4           0.802



pc(j, m) - Variable costs of producing one unit of item j on machine m. The production cost is period-independent.


1           1           3.685
1           2           8.794
1           3           5.055
1           4           2.038
2           1           1.479
2           2           5.985
2           3           5.484
2           4           1.688
3           1           3.29
3           2           6.974
3           3           5.064
3           4           2.123
4           1           2.404
4           2           4.199
4           3           3.142
4           4           1.975
5           1           3.837
5           2           5.042
5           3           2.564
5           4           1.271
6           1           3.278
6           2           11.21
6           3           2.325
6           4           2.404
7           1           2.645
7           2           10.9
7           3           4.024
7           4           2.567
8           1           3.115
8           2           4.826
8           3           5.155
8           4           2.702



pe(j, m) - Production emission for producing one unit of item j on machine m. The production emission is period-independent.


1           1           0.273
1           2           0.158
1           3           0.192
1           4           0.543
2           1           0.639
2           2           0.223
2           3           0.18
2           4           0.635
3           1           0.228
3           2           0.081
3           3           0.385
3           4           0.523
4           1           0.67
4           2           0.236
4           3           0.228
4           4           0.39
5           1           0.662
5           2           0.25
5           3           0.131
5           4           0.52
6           1           0.515
6           2           0.236
6           3           0.337
6           4           0.512
7           1           0.436
7           2           0.226
7           3           0.397
7           4           0.746
8           1           0.35
8           2           0.135
8           3           0.176
8           4           0.25



hc(j) - Inventory-holding costs for one unit of item j for one period.


1           0.242
2           0.233
3           0.138
4           0.231
5           0.154
6           0.129
7           0.1
8           0.166



st(j, m) - Setup times for producing a lot of item j on machine m. The setup times are period-independent.


1           1           42.291
1           2           52.246
1           3           49.463
1           4           79.428
2           1           64.123
2           2           55.197
2           3           67.608
2           4           68.778
3           1           64.674
3           2           86.341
3           3           82.313
3           4           81.839
4           1           88.21
4           2           82.089
4           3           52.917
4           4           97.85
5           1           93.006
5           2           89.24
5           3           89.57
5           4           47.989
6           1           39.724
6           2           33.378
6           3           67.369
6           4           48.262
7           1           78.695
7           2           99.302
7           3           89.599
7           4           52.061
8           1           31.077
8           2           94.287
8           3           35.861
8           4           81.095



se(j, m) - Setup emission for producing a lot of item j on machine m. The setup emission are period-independent.


1           1           64.582
1           2           20.566
1           3           99.053
1           4           52.376
2           1           148.773
2           2           39.113
2           3           94.242
2           4           94.23
3           1           145.459
3           2           25.607
3           3           85.681
3           4           181.918
4           1           82.844
4           2           33.951
4           3           44.679
4           4           196.373
5           1           129.638
5           2           48.112
5           3           88.237
5           4           115.427
6           1           48.874
6           2           46.076
6           3           49.801
6           4           80.837
7           1           55.087
7           2           36.56
7           3           44.683
7           4           53.959
8           1           112.93
8           2           49.619
8           3           63.222
8           4           174.889



sc(j, m) - Setup costs for producing a lot of item j on machine m. The setup costs are period-independent.


1           1           17165.867
1           2           51497.6
1           3           25748.8
1           4           12874.4
2           1           16962.4
2           2           50887.2
2           3           25443.6
2           4           12721.8
3           1           9316.533
3           2           27949.6
3           3           13974.8
3           4           6987.4
4           1           18326.0
4           2           54978.0
4           3           27489.0
4           4           13744.5
5           1           12121.511
5           2           36364.533
5           3           18182.267
5           4           9091.133
6           1           8789.2
6           2           26367.6
6           3           13183.8
6           4           6591.9
7           1           7840.0
7           2           23520.0
7           3           11760.0
7           4           5880.0
8           1           13840.711
8           2           41522.133
8           3           20761.067
8           4           10380.533



bc(m) - Fixed investment cost for machine m.


1           6314.664404573821
2           11348.51203981988
3           789.8019014925472
4           1258.566936194947



ca(m, t) - The available capacity of machine m in period t.


1           1           296.5397976851852
1           2           296.5397976851852
1           3           296.5397976851852
1           4           296.5397976851852
1           5           296.5397976851852
1           6           296.5397976851852
2           1           296.5397976851852
2           2           296.5397976851852
2           3           296.5397976851852
2           4           296.5397976851852
2           5           296.5397976851852
2           6           296.5397976851852
3           1           296.5397976851852
3           2           296.5397976851852
3           3           296.5397976851852
3           4           296.5397976851852
3           5           296.5397976851852
3           6           296.5397976851852
4           1           296.5397976851852
4           2           296.5397976851852
4           3           296.5397976851852
4           4           296.5397976851852
4           5           296.5397976851852
4           6           296.5397976851852



em(t) - The limits of carbon emissions in period t.


1           732.1655580555555
2           732.1655580555555
3           732.1655580555555
4           732.1655580555555
5           732.1655580555555
6           732.1655580555555
