Information for the currently-owned machines and the machines that may be purchased: if 1, the machine can be purchased, otherwise currently-owned.


1           0.0
2           1.0
3           0.0
4           0.0



item_machine_arc(j, m) - The relationship arc between item j and machine m, i.e., machine m is capable of producing item j if item_machine_arc(j, m) = 1.


1           1           1.0
1           2           1.0
1           3           1.0
1           4           1.0
2           1           0.0
2           2           1.0
2           3           1.0
2           4           0.0
3           1           0.0
3           2           1.0
3           3           0.0
3           4           1.0
4           1           1.0
4           2           1.0
4           3           0.0
4           4           1.0
5           1           0.0
5           2           1.0
5           3           0.0
5           4           1.0
6           1           1.0
6           2           0.0
6           3           0.0
6           4           1.0
7           1           1.0
7           2           1.0
7           3           1.0
7           4           1.0
8           1           1.0
8           2           1.0
8           3           1.0
8           4           1.0



d(j, t) - Gross demand for item j in period t.


1           1           36
1           2           32
1           3           39
1           4           45
1           5           33
1           6           42
2           1           45
2           2           32
2           3           35
2           4           40
2           5           37
2           6           45
3           1           40
3           2           45
3           3           49
3           4           38
3           5           49
3           6           39
4           1           45
4           2           48
4           3           39
4           4           37
4           5           50
4           6           39
5           1           43
5           2           43
5           3           48
5           4           38
5           5           35
5           6           45
6           1           40
6           2           30
6           3           50
6           4           46
6           5           35
6           6           36
7           1           32
7           2           47
7           3           38
7           4           48
7           5           46
7           6           49
8           1           32
8           2           47
8           3           37
8           4           41
8           5           40
8           6           48



pt(j, m) - Time required to produce one unit of item j on machine m. The production time is period-independent.


1           1           1.056
1           2           1.363
1           3           1.39
1           4           1.254
2           1           0.783
2           2           1.387
2           3           0.859
2           4           1.214
3           1           0.799
3           2           1.39
3           3           1.31
3           4           1.148
4           1           0.816
4           2           0.948
4           3           0.61
4           4           0.886
5           1           0.737
5           2           0.959
5           3           0.886
5           4           1.456
6           1           0.854
6           2           0.683
6           3           0.646
6           4           0.536
7           1           1.115
7           2           1.373
7           3           1.422
7           4           0.662
8           1           1.463
8           2           1.466
8           3           1.184
8           4           1.33



pc(j, m) - Variable costs of producing one unit of item j on machine m. The production cost is period-independent.


1           1           2.584
1           2           5.263
1           3           8.106
1           4           3.027
2           1           1.524
2           2           4.478
2           3           6.697
2           4           1.686
3           1           2.871
3           2           5.068
3           3           10.236
3           4           3.338
4           1           2.855
4           2           2.743
4           3           9.545
4           4           3.404
5           1           2.219
5           2           3.847
5           3           5.447
5           4           2.043
6           1           1.073
6           2           3.14
6           3           11.185
6           4           1.985
7           1           2.154
7           2           4.836
7           3           10.18
7           4           1.505
8           1           2.292
8           2           5.288
8           3           4.3
8           4           2.989



pe(j, m) - Production emission for producing one unit of item j on machine m. The production emission is period-independent.


1           1           0.444
1           2           0.429
1           3           0.201
1           4           0.433
2           1           0.703
2           2           0.176
2           3           0.18
2           4           0.275
3           1           0.724
3           2           0.154
3           3           0.136
3           4           0.606
4           1           0.74
4           2           0.284
4           3           0.242
4           4           0.52
5           1           0.858
5           2           0.465
5           3           0.089
5           4           0.339
6           1           0.957
6           2           0.106
6           3           0.103
6           4           0.285
7           1           0.419
7           2           0.354
7           3           0.233
7           4           0.707
8           1           0.563
8           2           0.252
8           3           0.137
8           4           0.431



hc(j) - Inventory-holding costs for one unit of item j for one period.


1           0.263
2           0.18
3           0.189
4           0.186
5           0.165
6           0.193
7           0.215
8           0.198



st(j, m) - Setup times for producing a lot of item j on machine m. The setup times are period-independent.


1           1           85.546
1           2           52.742
1           3           44.068
1           4           93.164
2           1           76.994
2           2           58.782
2           3           98.259
2           4           29.328
3           1           39.677
3           2           96.001
3           3           89.477
3           4           49.678
4           1           99.551
4           2           69.466
4           3           64.866
4           4           55.64
5           1           86.909
5           2           39.45
5           3           74.723
5           4           97.675
6           1           73.016
6           2           77.172
6           3           82.688
6           4           68.028
7           1           35.754
7           2           55.34
7           3           74.489
7           4           87.619
8           1           26.679
8           2           99.301
8           3           32.954
8           4           43.114



se(j, m) - Setup emission for producing a lot of item j on machine m. The setup emission are period-independent.


1           1           52.178
1           2           91.923
1           3           43.255
1           4           130.687
2           1           153.496
2           2           92.968
2           3           48.535
2           4           107.144
3           1           126.25
3           2           61.907
3           3           14.96
3           4           57.874
4           1           125.193
4           2           33.2
4           3           44.602
4           4           61.744
5           1           125.65
5           2           99.188
5           3           17.953
5           4           141.62
6           1           143.477
6           2           39.062
6           3           42.756
6           4           131.225
7           1           112.202
7           2           32.373
7           3           33.806
7           4           103.627
8           1           66.93
8           2           78.576
8           3           18.626
8           4           93.586



sc(j, m) - Setup costs for producing a lot of item j on machine m. The setup costs are period-independent.


1           1           15323.257
1           2           30646.513
1           3           61293.027
1           4           20431.009
2           1           10810.8
2           2           21621.6
2           3           43243.2
2           4           14414.4
3           1           12612.6
3           2           25225.2
3           3           50450.4
3           4           16816.8
4           1           12316.92
4           2           24633.84
4           3           49267.68
4           4           16422.56
5           1           10672.2
5           2           21344.4
5           3           42688.8
5           4           14229.6
6           1           11740.19
6           2           23480.38
6           3           46960.76
6           4           15653.587
7           1           14347.667
7           2           28695.333
7           3           57390.667
7           4           19130.222
8           1           12450.9
8           2           24901.8
8           3           49803.6
8           4           16601.2



bc(m) - Fixed investment cost for machine m.


1           1192.5720298764686
2           70.51066582065557
3           18255.01213925847
4           579.4401418453931



ca(m, t) - The available capacity of machine m in period t.


1           1           299.56764444444445
1           2           299.56764444444445
1           3           299.56764444444445
1           4           299.56764444444445
1           5           299.56764444444445
1           6           299.56764444444445
2           1           299.56764444444445
2           2           299.56764444444445
2           3           299.56764444444445
2           4           299.56764444444445
2           5           299.56764444444445
2           6           299.56764444444445
3           1           299.56764444444445
3           2           299.56764444444445
3           3           299.56764444444445
3           4           299.56764444444445
3           5           299.56764444444445
3           6           299.56764444444445
4           1           299.56764444444445
4           2           299.56764444444445
4           3           299.56764444444445
4           4           299.56764444444445
4           5           299.56764444444445
4           6           299.56764444444445



em(t) - The limits of carbon emissions in period t.


1           726.8665891666666
2           726.8665891666666
3           726.8665891666666
4           726.8665891666666
5           726.8665891666666
6           726.8665891666666
