Information for the currently-owned machines and the machines that may be purchased: if 1, the machine can be purchased, otherwise currently-owned.


1           0.0
2           1.0
3           0.0
4           0.0



item_machine_arc(j, m) - The relationship arc between item j and machine m, i.e., machine m is capable of producing item j if item_machine_arc(j, m) = 1.


1           1           1.0
1           2           0.0
1           3           1.0
1           4           1.0
2           1           0.0
2           2           0.0
2           3           1.0
2           4           0.0
3           1           1.0
3           2           1.0
3           3           0.0
3           4           0.0
4           1           1.0
4           2           1.0
4           3           1.0
4           4           1.0
5           1           1.0
5           2           0.0
5           3           0.0
5           4           1.0
6           1           0.0
6           2           1.0
6           3           1.0
6           4           1.0
7           1           0.0
7           2           1.0
7           3           0.0
7           4           1.0
8           1           1.0
8           2           0.0
8           3           0.0
8           4           0.0



d(j, t) - Gross demand for item j in period t.


1           1           35
1           2           49
1           3           43
1           4           30
1           5           48
1           6           31
2           1           46
2           2           42
2           3           42
2           4           50
2           5           40
2           6           37
3           1           38
3           2           50
3           3           41
3           4           32
3           5           38
3           6           49
4           1           40
4           2           49
4           3           34
4           4           38
4           5           42
4           6           37
5           1           38
5           2           45
5           3           37
5           4           43
5           5           40
5           6           38
6           1           36
6           2           48
6           3           45
6           4           47
6           5           48
6           6           41
7           1           49
7           2           35
7           3           36
7           4           38
7           5           46
7           6           35
8           1           31
8           2           38
8           3           50
8           4           44
8           5           50
8           6           40



pt(j, m) - Time required to produce one unit of item j on machine m. The production time is period-independent.


1           1           0.901
1           2           1.064
1           3           0.653
1           4           0.743
2           1           0.787
2           2           0.56
2           3           0.931
2           4           1.29
3           1           0.947
3           2           0.776
3           3           1.168
3           4           1.223
4           1           0.695
4           2           0.715
4           3           0.61
4           4           1.271
5           1           0.864
5           2           1.131
5           3           1.199
5           4           0.79
6           1           0.766
6           2           0.54
6           3           1.02
6           4           0.967
7           1           1.348
7           2           1.025
7           3           0.54
7           4           0.723
8           1           1.194
8           2           0.529
8           3           1.384
8           4           0.602



pc(j, m) - Variable costs of producing one unit of item j on machine m. The production cost is period-independent.


1           1           1.988
1           2           11.042
1           3           1.806
1           4           4.151
2           1           1.35
2           2           8.277
2           3           2.338
2           4           3.138
3           1           2.783
3           2           10.683
3           3           2.482
3           4           3.243
4           1           3.994
4           2           11.24
4           3           2.638
4           4           3.608
5           1           3.967
5           2           10.401
5           3           1.375
5           4           2.694
6           1           3.562
6           2           9.407
6           3           1.8
6           4           4.12
7           1           3.68
7           2           11.467
7           3           2.886
7           4           3.377
8           1           1.787
8           2           8.355
8           3           2.389
8           4           2.556



pe(j, m) - Production emission for producing one unit of item j on machine m. The production emission is period-independent.


1           1           0.728
1           2           0.228
1           3           0.204
1           4           0.41
2           1           0.264
2           2           0.202
2           3           0.435
2           4           0.222
3           1           0.342
3           2           0.234
3           3           0.905
3           4           0.11
4           1           0.44
4           2           0.173
4           3           0.492
4           4           0.25
5           1           0.601
5           2           0.123
5           3           0.837
5           4           0.219
6           1           0.315
6           2           0.215
6           3           0.447
6           4           0.321
7           1           0.165
7           2           0.203
7           3           0.521
7           4           0.101
8           1           0.634
8           2           0.139
8           3           0.567
8           4           0.427



hc(j) - Inventory-holding costs for one unit of item j for one period.


1           0.187
2           0.284
3           0.192
4           0.204
5           0.176
6           0.271
7           0.212
8           0.143



st(j, m) - Setup times for producing a lot of item j on machine m. The setup times are period-independent.


1           1           15.272
1           2           6.947
1           3           17.247
1           4           16.383
2           1           10.854
2           2           7.298
2           3           6.54
2           4           17.965
3           1           12.83
3           2           18.705
3           3           6.312
3           4           7.999
4           1           14.705
4           2           16.45
4           3           9.239
4           4           15.925
5           1           16.94
5           2           13.559
5           3           10.984
5           4           17.427
6           1           8.142
6           2           17.356
6           3           10.984
6           4           12.385
7           1           9.061
7           2           18.449
7           3           8.679
7           4           11.924
8           1           7.14
8           2           9.233
8           3           13.07
8           4           19.062



se(j, m) - Setup emission for producing a lot of item j on machine m. The setup emission are period-independent.


1           1           18.294
1           2           8.895
1           3           10.465
1           4           19.229
2           1           15.875
2           2           6.165
2           3           15.268
2           4           8.234
3           1           21.37
3           2           9.064
3           3           33.305
3           4           7.83
4           1           25.134
4           2           3.285
4           3           30.282
4           4           18.41
5           1           24.28
5           2           6.107
5           3           19.377
5           4           15.695
6           1           19.616
6           2           3.353
6           3           36.009
6           4           13.51
7           1           23.335
7           2           9.807
7           3           26.473
7           4           14.066
8           1           9.572
8           2           4.001
8           3           20.3
8           4           6.819



sc(j, m) - Setup costs for producing a lot of item j on machine m. The setup costs are period-independent.


1           1           13729.956
1           2           41189.867
1           3           10297.467
1           4           20594.933
2           1           22707.378
2           2           68122.133
2           3           17030.533
2           4           34061.067
3           1           14813.867
3           2           44441.6
3           3           11110.4
3           4           22220.8
4           1           15232.0
4           2           45696.0
4           3           11424.0
4           4           22848.0
5           1           13196.089
5           2           39588.267
5           3           9897.067
5           4           19794.133
6           1           22342.444
6           2           67027.333
6           3           16756.833
6           4           33513.667
7           1           15763.378
7           2           47290.133
7           3           11822.533
7           4           23645.067
8           1           11255.689
8           2           33767.067
8           3           8441.767
8           4           16883.533



bc(m) - Fixed investment cost for machine m.


1           3217.635440695688
2           7252.505966066523
3           4144.61173332236
4           4587.31940206855



ca(m, t) - The available capacity of machine m in period t.


1           1           178.11712009259261
1           2           178.11712009259261
1           3           178.11712009259261
1           4           178.11712009259261
1           5           178.11712009259261
1           6           178.11712009259261
2           1           178.11712009259261
2           2           178.11712009259261
2           3           178.11712009259261
2           4           178.11712009259261
2           5           178.11712009259261
2           6           178.11712009259261
3           1           178.11712009259261
3           2           178.11712009259261
3           3           178.11712009259261
3           4           178.11712009259261
3           5           178.11712009259261
3           6           178.11712009259261
4           1           178.11712009259261
4           2           178.11712009259261
4           3           178.11712009259261
4           4           178.11712009259261
4           5           178.11712009259261
4           6           178.11712009259261



em(t) - The limits of carbon emissions in period t.


1           289.28837972222226
2           289.28837972222226
3           289.28837972222226
4           289.28837972222226
5           289.28837972222226
6           289.28837972222226
