Information for the currently-owned machines and the machines that may be purchased: if 1, the machine can be purchased, otherwise currently-owned.


1           1.0
2           0.0
3           0.0
4           0.0



item_machine_arc(j, m) - The relationship arc between item j and machine m, i.e., machine m is capable of producing item j if item_machine_arc(j, m) = 1.


1           1           1.0
1           2           0.0
1           3           1.0
1           4           1.0
2           1           1.0
2           2           1.0
2           3           0.0
2           4           1.0
3           1           1.0
3           2           1.0
3           3           0.0
3           4           1.0
4           1           0.0
4           2           1.0
4           3           0.0
4           4           0.0
5           1           0.0
5           2           1.0
5           3           0.0
5           4           0.0
6           1           0.0
6           2           1.0
6           3           1.0
6           4           1.0
7           1           1.0
7           2           1.0
7           3           1.0
7           4           1.0
8           1           0.0
8           2           0.0
8           3           0.0
8           4           1.0



d(j, t) - Gross demand for item j in period t.


1           1           34
1           2           37
1           3           44
1           4           50
1           5           31
1           6           30
2           1           45
2           2           37
2           3           49
2           4           39
2           5           31
2           6           33
3           1           48
3           2           38
3           3           33
3           4           32
3           5           38
3           6           46
4           1           41
4           2           40
4           3           40
4           4           31
4           5           35
4           6           48
5           1           31
5           2           36
5           3           41
5           4           34
5           5           50
5           6           44
6           1           38
6           2           41
6           3           41
6           4           35
6           5           35
6           6           41
7           1           43
7           2           48
7           3           38
7           4           32
7           5           40
7           6           37
8           1           47
8           2           44
8           3           44
8           4           36
8           5           40
8           6           50



pt(j, m) - Time required to produce one unit of item j on machine m. The production time is period-independent.


1           1           1.187
1           2           0.797
1           3           0.999
1           4           0.84
2           1           0.612
2           2           1.301
2           3           1.14
2           4           0.721
3           1           0.733
3           2           0.745
3           3           0.784
3           4           0.739
4           1           1.051
4           2           0.551
4           3           0.745
4           4           0.785
5           1           0.989
5           2           1.249
5           3           0.562
5           4           1.445
6           1           1.449
6           2           0.705
6           3           1.032
6           4           0.698
7           1           1.041
7           2           0.669
7           3           0.87
7           4           0.667
8           1           1.216
8           2           1.196
8           3           0.584
8           4           0.798



pc(j, m) - Variable costs of producing one unit of item j on machine m. The production cost is period-independent.


1           1           7.729
1           2           3.748
1           3           1.348
1           4           2.478
2           1           8.269
2           2           3.065
2           3           2.149
2           4           4.755
3           1           10.422
3           2           1.566
3           3           2.91
3           4           2.115
4           1           9.975
4           2           3.312
4           3           2.385
4           4           3.277
5           1           10.85
5           2           3.418
5           3           1.648
5           4           3.35
6           1           4.97
6           2           2.403
6           3           2.221
6           4           3.688
7           1           7.166
7           2           1.343
7           3           2.218
7           4           2.413
8           1           4.608
8           2           2.581
8           3           2.872
8           4           4.279



pe(j, m) - Production emission for producing one unit of item j on machine m. The production emission is period-independent.


1           1           1.046
1           2           1.63
1           3           1.667
1           4           0.895
2           1           0.84
2           2           2.758
2           3           4.8
2           4           1.568
3           1           1.242
3           2           2.251
3           3           1.39
3           4           1.161
4           1           0.753
4           2           2.453
4           3           2.282
4           4           1.036
5           1           1.03
5           2           1.53
5           3           4.426
5           4           1.1
6           1           0.704
6           2           0.78
6           3           2.451
6           4           1.756
7           1           0.512
7           2           1.629
7           3           3.855
7           4           0.533
8           1           0.508
8           2           2.24
8           3           1.917
8           4           0.733



hc(j) - Inventory-holding costs for one unit of item j for one period.


1           0.245
2           0.215
3           0.182
4           0.103
5           0.198
6           0.275
7           0.277
8           0.242



st(j, m) - Setup times for producing a lot of item j on machine m. The setup times are period-independent.


1           1           71.95
1           2           86.896
1           3           44.705
1           4           34.064
2           1           57.495
2           2           99.989
2           3           30.759
2           4           32.124
3           1           44.633
3           2           25.827
3           3           48.297
3           4           76.039
4           1           47.144
4           2           75.65
4           3           30.276
4           4           38.684
5           1           28.277
5           2           83.387
5           3           39.673
5           4           43.783
6           1           72.079
6           2           77.054
6           3           25.903
6           4           69.963
7           1           56.096
7           2           47.187
7           3           31.361
7           4           59.48
8           1           89.525
8           2           95.064
8           3           94.112
8           4           39.665



se(j, m) - Setup emission for producing a lot of item j on machine m. The setup emission are period-independent.


1           1           2.548
1           2           19.161
1           3           23.396
1           4           11.868
2           1           7.477
2           2           22.784
2           3           28.987
2           4           8.089
3           1           8.799
3           2           21.269
3           3           33.284
3           4           18.501
4           1           4.138
4           2           17.072
4           3           35.895
4           4           12.62
5           1           9.77
5           2           23.012
5           3           17.814
5           4           18.331
6           1           6.986
6           2           17.526
6           3           13.833
6           4           14.573
7           1           9.067
7           2           25.385
7           3           37.398
7           4           14.3
8           1           7.695
8           2           19.601
8           3           26.887
8           4           7.289



sc(j, m) - Setup costs for producing a lot of item j on machine m. The setup costs are period-independent.


1           1           56846.533
1           2           18948.844
1           3           14211.633
1           4           28423.267
2           1           51651.6
2           2           17217.2
2           3           12912.9
2           4           25825.8
3           1           43910.533
3           2           14636.844
3           3           10977.633
3           4           21955.267
4           1           24850.467
4           2           8283.489
4           3           6212.617
4           4           12425.233
5           1           47974.08
5           2           15991.36
5           3           11993.52
5           4           23987.04
6           1           65219.0
6           2           21739.667
6           3           16304.75
6           4           32609.5
7           1           67684.027
7           2           22561.342
7           3           16921.007
7           4           33842.013
8           1           64846.32
8           2           21615.44
8           3           16211.58
8           4           32423.16



bc(m) - Fixed investment cost for machine m.


1           18796.773263088842
2           2800.517616089144
3           4413.304012209586
4           2755.4447776252146



ca(m, t) - The available capacity of machine m in period t.


1           1           235.0241574074074
1           2           235.0241574074074
1           3           235.0241574074074
1           4           235.0241574074074
1           5           235.0241574074074
1           6           235.0241574074074
2           1           235.0241574074074
2           2           235.0241574074074
2           3           235.0241574074074
2           4           235.0241574074074
2           5           235.0241574074074
2           6           235.0241574074074
3           1           235.0241574074074
3           2           235.0241574074074
3           3           235.0241574074074
3           4           235.0241574074074
3           5           235.0241574074074
3           6           235.0241574074074
4           1           235.0241574074074
4           2           235.0241574074074
4           3           235.0241574074074
4           4           235.0241574074074
4           5           235.0241574074074
4           6           235.0241574074074



em(t) - The limits of carbon emissions in period t.


1           774.2072333333333
2           774.2072333333333
3           774.2072333333333
4           774.2072333333333
5           774.2072333333333
6           774.2072333333333
