Information for the currently-owned machines and the machines that may be purchased: if 1, the machine can be purchased, otherwise currently-owned.


1           0.0
2           0.0
3           0.0
4           1.0



item_machine_arc(j, m) - The relationship arc between item j and machine m, i.e., machine m is capable of producing item j if item_machine_arc(j, m) = 1.


1           1           0.0
1           2           0.0
1           3           1.0
1           4           0.0
2           1           1.0
2           2           1.0
2           3           1.0
2           4           0.0
3           1           1.0
3           2           1.0
3           3           0.0
3           4           0.0
4           1           1.0
4           2           1.0
4           3           0.0
4           4           0.0
5           1           1.0
5           2           1.0
5           3           0.0
5           4           0.0
6           1           1.0
6           2           1.0
6           3           1.0
6           4           1.0
7           1           0.0
7           2           0.0
7           3           0.0
7           4           1.0
8           1           1.0
8           2           1.0
8           3           1.0
8           4           1.0



d(j, t) - Gross demand for item j in period t.


1           1           43
1           2           48
1           3           35
1           4           47
1           5           49
1           6           33
2           1           48
2           2           44
2           3           35
2           4           32
2           5           48
2           6           36
3           1           31
3           2           32
3           3           36
3           4           35
3           5           42
3           6           42
4           1           49
4           2           41
4           3           30
4           4           50
4           5           36
4           6           36
5           1           35
5           2           45
5           3           31
5           4           37
5           5           46
5           6           36
6           1           43
6           2           38
6           3           42
6           4           31
6           5           48
6           6           33
7           1           31
7           2           40
7           3           36
7           4           44
7           5           30
7           6           42
8           1           49
8           2           34
8           3           45
8           4           46
8           5           38
8           6           42



pt(j, m) - Time required to produce one unit of item j on machine m. The production time is period-independent.


1           1           0.656
1           2           1.204
1           3           0.644
1           4           1.45
2           1           0.866
2           2           1.451
2           3           0.825
2           4           1.148
3           1           1.298
3           2           0.521
3           3           1.449
3           4           0.837
4           1           1.437
4           2           0.856
4           3           1.14
4           4           0.542
5           1           1.484
5           2           0.988
5           3           1.293
5           4           0.526
6           1           0.978
6           2           1.061
6           3           1.176
6           4           1.012
7           1           1.21
7           2           0.628
7           3           0.748
7           4           0.731
8           1           0.645
8           2           0.847
8           3           1.267
8           4           1.366



pc(j, m) - Variable costs of producing one unit of item j on machine m. The production cost is period-independent.


1           1           4.313
1           2           2.402
1           3           2.388
1           4           2.107
2           1           4.497
2           2           3.688
2           3           2.437
2           4           2.484
3           1           11.343
3           2           3.503
3           3           2.856
3           4           4.112
4           1           7.729
4           2           3.42
4           3           1.805
4           4           5.564
5           1           11.978
5           2           1.535
5           3           1.576
5           4           4.308
6           1           5.692
6           2           2.976
6           3           2.073
6           4           3.725
7           1           5.355
7           2           2.346
7           3           1.481
7           4           2.142
8           1           11.567
8           2           3.85
8           3           1.921
8           4           3.22



pe(j, m) - Production emission for producing one unit of item j on machine m. The production emission is period-independent.


1           1           0.15
1           2           0.322
1           3           0.541
1           4           0.469
2           1           0.114
2           2           0.43
2           3           0.246
2           4           0.232
3           1           0.192
3           2           0.198
3           3           0.912
3           4           0.179
4           1           0.068
4           2           0.544
4           3           0.492
4           4           0.441
5           1           0.18
5           2           0.262
5           3           0.417
5           4           0.364
6           1           0.18
6           2           0.548
6           3           0.615
6           4           0.349
7           1           0.204
7           2           0.4
7           3           0.449
7           4           0.247
8           1           0.147
8           2           0.684
8           3           0.385
8           4           0.408



hc(j) - Inventory-holding costs for one unit of item j for one period.


1           0.296
2           0.234
3           0.246
4           0.266
5           0.197
6           0.206
7           0.196
8           0.24



st(j, m) - Setup times for producing a lot of item j on machine m. The setup times are period-independent.


1           1           11.414
1           2           9.304
1           3           16.223
1           4           16.019
2           1           11.816
2           2           7.573
2           3           5.634
2           4           15.667
3           1           15.413
3           2           17.492
3           3           16.332
3           4           14.739
4           1           12.111
4           2           11.87
4           3           6.164
4           4           8.754
5           1           7.553
5           2           18.753
5           3           19.882
5           4           10.802
6           1           17.663
6           2           8.55
6           3           10.518
6           4           5.246
7           1           9.284
7           2           18.234
7           3           12.409
7           4           12.775
8           1           19.37
8           2           7.642
8           3           17.656
8           4           8.794



se(j, m) - Setup emission for producing a lot of item j on machine m. The setup emission are period-independent.


1           1           42.211
1           2           50.813
1           3           92.932
1           4           72.192
2           1           46.816
2           2           56.946
2           3           174.551
2           4           77.266
3           1           47.514
3           2           46.513
3           3           62.592
3           4           57.615
4           1           27.076
4           2           70.898
4           3           134.451
4           4           39.935
5           1           40.709
5           2           77.423
5           3           96.22
5           4           88.367
6           1           18.56
6           2           89.536
6           3           80.669
6           4           33.418
7           1           46.244
7           2           89.972
7           3           108.702
7           4           94.65
8           1           18.271
8           2           122.841
8           3           65.986
8           4           77.658



sc(j, m) - Setup costs for producing a lot of item j on machine m. The setup costs are period-independent.


1           1           70448.0
1           2           23482.667
1           3           17612.0
1           4           35224.0
2           1           53071.2
2           2           17690.4
2           3           13267.8
2           4           26535.6
3           1           50052.8
3           2           16684.267
3           3           12513.2
3           4           25026.4
4           1           60080.533
4           2           20026.844
4           3           15020.133
4           4           30040.267
5           1           42289.333
5           2           14096.444
5           3           10572.333
5           4           21144.667
6           1           45182.667
6           2           15060.889
6           3           11295.667
6           4           22591.333
7           1           40794.133
7           2           13598.044
7           3           10198.533
7           4           20397.067
8           1           56896.0
8           2           18965.333
8           3           14224.0
8           4           28448.0



bc(m) - Fixed investment cost for machine m.


1           6215.178252280673
2           4445.9184202753295
3           3751.1812108015065
4           9754.353941412495



ca(m, t) - The available capacity of machine m in period t.


1           1           168.03087777777776
1           2           168.03087777777776
1           3           168.03087777777776
1           4           168.03087777777776
1           5           168.03087777777776
1           6           168.03087777777776
2           1           168.03087777777776
2           2           168.03087777777776
2           3           168.03087777777776
2           4           168.03087777777776
2           5           168.03087777777776
2           6           168.03087777777776
3           1           168.03087777777776
3           2           168.03087777777776
3           3           168.03087777777776
3           4           168.03087777777776
3           5           168.03087777777776
3           6           168.03087777777776
4           1           168.03087777777776
4           2           168.03087777777776
4           3           168.03087777777776
4           4           168.03087777777776
4           5           168.03087777777776
4           6           168.03087777777776



em(t) - The limits of carbon emissions in period t.


1           593.7751691666667
2           593.7751691666667
3           593.7751691666667
4           593.7751691666667
5           593.7751691666667
6           593.7751691666667
