Information for the currently-owned machines and the machines that may be purchased: if 1, the machine can be purchased, otherwise currently-owned.


1           0.0
2           0.0
3           0.0
4           1.0



item_machine_arc(j, m) - The relationship arc between item j and machine m, i.e., machine m is capable of producing item j if item_machine_arc(j, m) = 1.


1           1           1.0
1           2           0.0
1           3           0.0
1           4           0.0
2           1           1.0
2           2           0.0
2           3           1.0
2           4           0.0
3           1           1.0
3           2           1.0
3           3           0.0
3           4           0.0
4           1           1.0
4           2           1.0
4           3           1.0
4           4           1.0
5           1           0.0
5           2           0.0
5           3           1.0
5           4           1.0
6           1           1.0
6           2           1.0
6           3           1.0
6           4           1.0
7           1           1.0
7           2           1.0
7           3           0.0
7           4           1.0
8           1           1.0
8           2           1.0
8           3           1.0
8           4           1.0



d(j, t) - Gross demand for item j in period t.


1           1           49
1           2           48
1           3           45
1           4           49
1           5           43
1           6           42
2           1           36
2           2           35
2           3           41
2           4           30
2           5           48
2           6           50
3           1           43
3           2           41
3           3           31
3           4           37
3           5           41
3           6           43
4           1           33
4           2           38
4           3           47
4           4           41
4           5           46
4           6           32
5           1           31
5           2           42
5           3           40
5           4           37
5           5           46
5           6           49
6           1           38
6           2           37
6           3           41
6           4           33
6           5           30
6           6           45
7           1           32
7           2           33
7           3           41
7           4           45
7           5           38
7           6           30
8           1           32
8           2           30
8           3           33
8           4           49
8           5           49
8           6           46



pt(j, m) - Time required to produce one unit of item j on machine m. The production time is period-independent.


1           1           1.396
1           2           1.327
1           3           1.233
1           4           0.806
2           1           1.292
2           2           0.925
2           3           0.946
2           4           1.12
3           1           1.314
3           2           0.834
3           3           0.565
3           4           0.542
4           1           1.324
4           2           1.189
4           3           0.899
4           4           0.907
5           1           0.669
5           2           0.855
5           3           0.525
5           4           0.508
6           1           0.877
6           2           0.965
6           3           1.258
6           4           1.026
7           1           0.512
7           2           0.959
7           3           1.44
7           4           1.212
8           1           1.474
8           2           0.902
8           3           1.392
8           4           0.63



pc(j, m) - Variable costs of producing one unit of item j on machine m. The production cost is period-independent.


1           1           1.833
1           2           5.101
1           3           8.303
1           4           3.881
2           1           1.249
2           2           5.203
2           3           7.051
2           4           3.025
3           1           2.257
3           2           4.819
3           3           8.554
3           4           2.572
4           1           2.611
4           2           2.563
4           3           11.161
4           4           1.959
5           1           2.717
5           2           3.154
5           3           4.823
5           4           1.552
6           1           1.463
6           2           4.053
6           3           11.284
6           4           2.585
7           1           2.267
7           2           2.895
7           3           11.136
7           4           3.44
8           1           2.178
8           2           5.845
8           3           8.22
8           4           3.127



pe(j, m) - Production emission for producing one unit of item j on machine m. The production emission is period-independent.


1           1           2.504
1           2           1.715
1           3           0.327
1           4           1.912
2           1           1.213
2           2           1.719
2           3           0.487
2           4           3.296
3           1           1.123
3           2           2.236
3           3           0.668
3           4           3.087
4           1           4.579
4           2           2.018
4           3           0.534
4           4           1.26
5           1           3.998
5           2           2.185
5           3           0.374
5           4           1.829
6           1           3.219
6           2           1.477
6           3           0.508
6           4           0.903
7           1           4.872
7           2           1.037
7           3           0.572
7           4           2.139
8           1           1.551
8           2           2.287
8           3           0.44
8           4           1.371



hc(j) - Inventory-holding costs for one unit of item j for one period.


1           0.189
2           0.175
3           0.118
4           0.256
5           0.234
6           0.2
7           0.124
8           0.25



st(j, m) - Setup times for producing a lot of item j on machine m. The setup times are period-independent.


1           1           41.958
1           2           66.181
1           3           32.799
1           4           50.407
2           1           81.412
2           2           64.718
2           3           65.122
2           4           67.218
3           1           78.757
3           2           66.288
3           3           82.808
3           4           42.741
4           1           52.184
4           2           99.751
4           3           76.139
4           4           42.619
5           1           44.062
5           2           99.767
5           3           84.495
5           4           78.663
6           1           63.199
6           2           81.386
6           3           41.673
6           4           44.681
7           1           84.379
7           2           33.626
7           3           94.061
7           4           95.678
8           1           50.927
8           2           98.41
8           3           65.088
8           4           73.112



se(j, m) - Setup emission for producing a lot of item j on machine m. The setup emission are period-independent.


1           1           28.592
1           2           17.703
1           3           2.607
1           4           16.894
2           1           11.365
2           2           6.942
2           3           4.472
2           4           21.645
3           1           18.297
3           2           11.732
3           3           5.354
3           4           27.369
4           1           13.692
4           2           6.007
4           3           7.825
4           4           14.098
5           1           25.987
5           2           8.134
5           3           4.859
5           4           22.211
6           1           26.965
6           2           10.647
6           3           4.137
6           4           20.216
7           1           11.44
7           2           7.548
7           3           9.472
7           4           8.815
8           1           13.267
8           2           10.969
8           3           5.402
8           4           24.896



sc(j, m) - Setup costs for producing a lot of item j on machine m. The setup costs are period-independent.


1           1           13388.76
1           2           26777.52
1           3           53555.04
1           4           17851.68
2           1           10780.0
2           2           21560.0
2           3           43120.0
2           4           14373.333
3           1           7147.653
3           2           14295.307
3           3           28590.613
3           4           9530.204
4           1           15572.48
4           2           31144.96
4           3           62289.92
4           4           20763.307
5           1           14714.7
5           2           29429.4
5           3           58858.8
5           4           19619.6
6           1           11498.667
6           2           22997.333
6           3           45994.667
6           4           15331.556
7           1           6970.04
7           2           13940.08
7           3           27880.16
7           4           9293.387
8           1           15335.833
8           2           30671.667
8           3           61343.333
8           4           20447.778



bc(m) - Fixed investment cost for machine m.


1           4460.845444628704
2           4480.424847648013
3           7177.3557919132045
4           244.7838154105201



ca(m, t) - The available capacity of machine m in period t.


1           1           307.40094
1           2           307.40094
1           3           307.40094
1           4           307.40094
1           5           307.40094
1           6           307.40094
2           1           307.40094
2           2           307.40094
2           3           307.40094
2           4           307.40094
2           5           307.40094
2           6           307.40094
3           1           307.40094
3           2           307.40094
3           3           307.40094
3           4           307.40094
3           5           307.40094
3           6           307.40094
4           1           307.40094
4           2           307.40094
4           3           307.40094
4           4           307.40094
4           5           307.40094
4           6           307.40094



em(t) - The limits of carbon emissions in period t.


1           855.6561416666666
2           855.6561416666666
3           855.6561416666666
4           855.6561416666666
5           855.6561416666666
6           855.6561416666666
