Information for the currently-owned machines and the machines that may be purchased: if 1, the machine can be purchased, otherwise currently-owned.


1           1.0
2           0.0
3           0.0
4           0.0



item_machine_arc(j, m) - The relationship arc between item j and machine m, i.e., machine m is capable of producing item j if item_machine_arc(j, m) = 1.


1           1           0.0
1           2           1.0
1           3           1.0
1           4           1.0
2           1           1.0
2           2           1.0
2           3           1.0
2           4           1.0
3           1           1.0
3           2           0.0
3           3           0.0
3           4           0.0
4           1           1.0
4           2           1.0
4           3           1.0
4           4           0.0
5           1           1.0
5           2           0.0
5           3           1.0
5           4           1.0
6           1           1.0
6           2           0.0
6           3           0.0
6           4           0.0
7           1           0.0
7           2           1.0
7           3           1.0
7           4           1.0
8           1           1.0
8           2           1.0
8           3           1.0
8           4           1.0



d(j, t) - Gross demand for item j in period t.


1           1           43
1           2           43
1           3           46
1           4           45
1           5           50
1           6           36
2           1           31
2           2           39
2           3           35
2           4           32
2           5           47
2           6           42
3           1           33
3           2           40
3           3           34
3           4           36
3           5           34
3           6           30
4           1           42
4           2           45
4           3           33
4           4           45
4           5           44
4           6           48
5           1           34
5           2           31
5           3           47
5           4           45
5           5           36
5           6           39
6           1           37
6           2           34
6           3           44
6           4           46
6           5           41
6           6           47
7           1           43
7           2           45
7           3           34
7           4           46
7           5           34
7           6           33
8           1           41
8           2           43
8           3           46
8           4           48
8           5           35
8           6           47



pt(j, m) - Time required to produce one unit of item j on machine m. The production time is period-independent.


1           1           1.489
1           2           1.002
1           3           1.115
1           4           1.361
2           1           0.746
2           2           1.085
2           3           0.787
2           4           1.459
3           1           0.955
3           2           1.227
3           3           1.137
3           4           1.351
4           1           1.193
4           2           1.37
4           3           1.214
4           4           0.949
5           1           1.215
5           2           1.067
5           3           1.302
5           4           0.757
6           1           0.788
6           2           0.745
6           3           0.576
6           4           0.855
7           1           1.068
7           2           1.418
7           3           0.905
7           4           1.402
8           1           0.934
8           2           1.387
8           3           0.533
8           4           1.243



pc(j, m) - Variable costs of producing one unit of item j on machine m. The production cost is period-independent.


1           1           8.693
1           2           2.795
1           3           3.38
1           4           2.292
2           1           6.056
2           2           2.314
2           3           3.876
2           4           1.607
3           1           10.215
3           2           1.315
3           3           2.106
3           4           2.795
4           1           6.822
4           2           2.891
4           3           4.601
4           4           3.134
5           1           6.604
5           2           2.207
5           3           3.126
5           4           3.897
6           1           9.107
6           2           1.957
6           3           5.232
6           4           3.504
7           1           6.05
7           2           1.164
7           3           2.131
7           4           2.258
8           1           9.704
8           2           2.521
8           3           5.446
8           4           1.63



pe(j, m) - Production emission for producing one unit of item j on machine m. The production emission is period-independent.


1           1           0.066
1           2           0.764
1           3           0.121
1           4           0.75
2           1           0.211
2           2           0.269
2           3           0.274
2           4           0.307
3           1           0.161
3           2           0.7
3           3           0.334
3           4           0.161
4           1           0.119
4           2           0.712
4           3           0.418
4           4           0.18
5           1           0.191
5           2           0.877
5           3           0.189
5           4           0.745
6           1           0.248
6           2           0.875
6           3           0.308
6           4           0.541
7           1           0.235
7           2           0.945
7           3           0.396
7           4           0.164
8           1           0.141
8           2           0.966
8           3           0.268
8           4           0.354



hc(j) - Inventory-holding costs for one unit of item j for one period.


1           0.174
2           0.275
3           0.231
4           0.145
5           0.103
6           0.225
7           0.182
8           0.291



st(j, m) - Setup times for producing a lot of item j on machine m. The setup times are period-independent.


1           1           17.208
1           2           18.199
1           3           7.476
1           4           16.752
2           1           18.101
2           2           7.505
2           3           14.869
2           4           8.357
3           1           13.387
3           2           8.258
3           3           16.884
3           4           18.773
4           1           5.545
4           2           15.906
4           3           16.108
4           4           9.899
5           1           6.488
5           2           18.753
5           3           19.109
5           4           13.384
6           1           11.788
6           2           5.688
6           3           11.316
6           4           13.077
7           1           6.676
7           2           13.934
7           3           6.192
7           4           8.933
8           1           9.858
8           2           15.663
8           3           9.046
8           4           19.321



se(j, m) - Setup emission for producing a lot of item j on machine m. The setup emission are period-independent.


1           1           3.023
1           2           37.248
1           3           11.526
1           4           12.184
2           1           4.71
2           2           11.237
2           3           6.277
2           4           23.865
3           1           7.37
3           2           21.861
3           3           15.04
3           4           22.514
4           1           8.482
4           2           29.453
4           3           5.499
4           4           29.645
5           1           3.37
5           2           36.496
5           3           19.781
5           4           16.493
6           1           4.793
6           2           17.112
6           3           17.67
6           4           12.29
7           1           9.515
7           2           24.136
7           3           10.116
7           4           21.658
8           1           9.645
8           2           35.413
8           3           17.489
8           4           24.544



sc(j, m) - Setup costs for producing a lot of item j on machine m. The setup costs are period-independent.


1           1           42711.2
1           2           10677.8
1           3           21355.6
1           4           14237.067
2           1           58006.667
2           2           14501.667
2           3           29003.333
2           4           19335.556
3           1           44629.2
3           2           11157.3
3           3           22314.6
3           4           14876.4
4           1           34780.667
4           2           8695.167
4           3           17390.333
4           4           11593.556
5           1           22302.933
5           2           5575.733
5           3           11151.467
5           4           7434.311
6           1           52290.0
6           2           13072.5
6           3           26145.0
6           4           17430.0
7           1           39918.667
7           2           9979.667
7           3           19959.333
7           4           13306.222
8           1           70616.0
8           2           17654.0
8           3           35308.0
8           4           23538.667



bc(m) - Fixed investment cost for machine m.


1           12138.27114850361
2           1554.6828549620395
3           2038.267837031319
4           192.01982687602128



ca(m, t) - The available capacity of machine m in period t.


1           1           202.3039964814815
1           2           202.3039964814815
1           3           202.3039964814815
1           4           202.3039964814815
1           5           202.3039964814815
1           6           202.3039964814815
2           1           202.3039964814815
2           2           202.3039964814815
2           3           202.3039964814815
2           4           202.3039964814815
2           5           202.3039964814815
2           6           202.3039964814815
3           1           202.3039964814815
3           2           202.3039964814815
3           3           202.3039964814815
3           4           202.3039964814815
3           5           202.3039964814815
3           6           202.3039964814815
4           1           202.3039964814815
4           2           202.3039964814815
4           3           202.3039964814815
4           4           202.3039964814815
4           5           202.3039964814815
4           6           202.3039964814815



em(t) - The limits of carbon emissions in period t.


1           271.7984072222222
2           271.7984072222222
3           271.7984072222222
4           271.7984072222222
5           271.7984072222222
6           271.7984072222222
