Information for the currently-owned machines and the machines that may be purchased: if 1, the machine can be purchased, otherwise currently-owned.


1           0.0
2           1.0
3           0.0
4           0.0



item_machine_arc(j, m) - The relationship arc between item j and machine m, i.e., machine m is capable of producing item j if item_machine_arc(j, m) = 1.


1           1           1.0
1           2           1.0
1           3           1.0
1           4           0.0
2           1           0.0
2           2           0.0
2           3           1.0
2           4           0.0
3           1           0.0
3           2           0.0
3           3           0.0
3           4           1.0
4           1           0.0
4           2           0.0
4           3           1.0
4           4           0.0
5           1           1.0
5           2           0.0
5           3           0.0
5           4           0.0
6           1           1.0
6           2           1.0
6           3           1.0
6           4           1.0
7           1           0.0
7           2           1.0
7           3           1.0
7           4           0.0
8           1           1.0
8           2           1.0
8           3           1.0
8           4           1.0



d(j, t) - Gross demand for item j in period t.


1           1           40
1           2           45
1           3           41
1           4           47
1           5           33
1           6           35
2           1           42
2           2           44
2           3           35
2           4           39
2           5           39
2           6           32
3           1           34
3           2           35
3           3           33
3           4           39
3           5           31
3           6           33
4           1           43
4           2           36
4           3           36
4           4           37
4           5           45
4           6           42
5           1           45
5           2           30
5           3           50
5           4           45
5           5           41
5           6           35
6           1           43
6           2           32
6           3           35
6           4           50
6           5           38
6           6           31
7           1           33
7           2           39
7           3           41
7           4           46
7           5           32
7           6           39
8           1           38
8           2           37
8           3           36
8           4           35
8           5           30
8           6           37



pt(j, m) - Time required to produce one unit of item j on machine m. The production time is period-independent.


1           1           1.086
1           2           1.456
1           3           0.511
1           4           1.249
2           1           0.885
2           2           0.979
2           3           1.298
2           4           1.27
3           1           0.599
3           2           1.039
3           3           1.206
3           4           0.568
4           1           1.008
4           2           1.024
4           3           1.328
4           4           0.545
5           1           0.793
5           2           0.581
5           3           0.753
5           4           0.985
6           1           0.608
6           2           0.523
6           3           0.694
6           4           0.827
7           1           1.373
7           2           1.292
7           3           0.685
7           4           0.54
8           1           1.449
8           2           1.083
8           3           0.744
8           4           0.75



pc(j, m) - Variable costs of producing one unit of item j on machine m. The production cost is period-independent.


1           1           2.215
1           2           2.263
1           3           2.597
1           4           8.608
2           1           5.591
2           2           2.166
2           3           2.187
2           4           6.636
3           1           3.166
3           2           2.623
3           3           2.671
3           4           6.142
4           1           2.73
4           2           3.701
4           3           1.849
4           4           11.983
5           1           5.126
5           2           1.758
5           3           2.652
5           4           5.201
6           1           3.689
6           2           3.576
6           3           1.446
6           4           10.458
7           1           2.675
7           2           1.795
7           3           2.419
7           4           9.019
8           1           3.618
8           2           3.675
8           3           2.732
8           4           7.636



pe(j, m) - Production emission for producing one unit of item j on machine m. The production emission is period-independent.


1           1           2.332
1           2           2.807
1           3           2.644
1           4           0.581
2           1           0.527
2           2           2.034
2           3           2.928
2           4           1.209
3           1           1.515
3           2           3.637
3           3           3.769
3           4           0.837
4           1           1.363
4           2           2.796
4           3           2.298
4           4           0.884
5           1           2.191
5           2           3.612
5           3           4.947
5           4           0.557
6           1           0.611
6           2           2.575
6           3           3.541
6           4           0.499
7           1           2.497
7           2           2.889
7           3           2.5
7           4           0.964
8           1           0.509
8           2           3.627
8           3           3.298
8           4           0.429



hc(j) - Inventory-holding costs for one unit of item j for one period.


1           0.149
2           0.192
3           0.199
4           0.147
5           0.169
6           0.228
7           0.248
8           0.229



st(j, m) - Setup times for producing a lot of item j on machine m. The setup times are period-independent.


1           1           90.154
1           2           59.306
1           3           95.495
1           4           69.31
2           1           50.899
2           2           50.987
2           3           29.331
2           4           99.075
3           1           66.944
3           2           57.209
3           3           25.488
3           4           36.741
4           1           35.067
4           2           76.859
4           3           33.982
4           4           89.302
5           1           32.933
5           2           28.323
5           3           49.047
5           4           76.69
6           1           84.965
6           2           94.648
6           3           41.436
6           4           38.045
7           1           29.469
7           2           95.423
7           3           46.502
7           4           49.46
8           1           75.8
8           2           56.047
8           3           48.005
8           4           65.297



se(j, m) - Setup emission for producing a lot of item j on machine m. The setup emission are period-independent.


1           1           53.598
1           2           100.181
1           3           93.102
1           4           18.077
2           1           83.083
2           2           117.294
2           3           160.406
2           4           46.913
3           1           43.361
3           2           102.53
3           3           165.428
3           4           37.53
4           1           35.766
4           2           42.271
4           3           70.116
4           4           48.34
5           1           81.005
5           2           112.598
5           3           117.465
5           4           17.333
6           1           40.56
6           2           91.13
6           3           146.1
6           4           42.984
7           1           45.547
7           2           144.273
7           3           85.138
7           4           38.414
8           1           93.477
8           2           99.318
8           3           110.695
8           4           49.893



sc(j, m) - Setup costs for producing a lot of item j on machine m. The setup costs are period-independent.


1           1           18433.287
1           2           12288.858
1           3           9216.643
1           4           36866.573
2           1           22767.36
2           2           15178.24
2           3           11383.68
2           4           45534.72
3           1           20941.433
3           2           13960.956
3           3           10470.717
3           4           41882.867
4           1           18034.94
4           2           12023.293
4           3           9017.47
4           4           36069.88
5           1           21341.32
5           2           14227.547
5           3           10670.66
5           4           42682.64
6           1           26802.16
6           2           17868.107
6           3           13401.08
6           4           53604.32
7           1           29280.533
7           2           19520.356
7           3           14640.267
7           4           58561.067
8           1           25038.86
8           2           16692.573
8           3           12519.43
8           4           50077.72



bc(m) - Fixed investment cost for machine m.


1           949.9377366641992
2           5527.903013958382
3           1646.3238786554691
4           13330.396915341227



ca(m, t) - The available capacity of machine m in period t.


1           1           256.8855106481481
1           2           256.8855106481481
1           3           256.8855106481481
1           4           256.8855106481481
1           5           256.8855106481481
1           6           256.8855106481481
2           1           256.8855106481481
2           2           256.8855106481481
2           3           256.8855106481481
2           4           256.8855106481481
2           5           256.8855106481481
2           6           256.8855106481481
3           1           256.8855106481481
3           2           256.8855106481481
3           3           256.8855106481481
3           4           256.8855106481481
3           5           256.8855106481481
3           6           256.8855106481481
4           1           256.8855106481481
4           2           256.8855106481481
4           3           256.8855106481481
4           4           256.8855106481481
4           5           256.8855106481481
4           6           256.8855106481481



em(t) - The limits of carbon emissions in period t.


1           1436.705627777778
2           1436.705627777778
3           1436.705627777778
4           1436.705627777778
5           1436.705627777778
6           1436.705627777778
