Information for the currently-owned machines and the machines that may be purchased: if 1, the machine can be purchased, otherwise currently-owned.


1           1.0
2           0.0
3           0.0
4           0.0



item_machine_arc(j, m) - The relationship arc between item j and machine m, i.e., machine m is capable of producing item j if item_machine_arc(j, m) = 1.


1           1           1.0
1           2           0.0
1           3           1.0
1           4           1.0
2           1           1.0
2           2           1.0
2           3           1.0
2           4           1.0
3           1           1.0
3           2           0.0
3           3           1.0
3           4           0.0
4           1           1.0
4           2           1.0
4           3           1.0
4           4           1.0
5           1           0.0
5           2           1.0
5           3           1.0
5           4           1.0
6           1           0.0
6           2           0.0
6           3           1.0
6           4           1.0
7           1           1.0
7           2           1.0
7           3           1.0
7           4           1.0
8           1           1.0
8           2           0.0
8           3           0.0
8           4           1.0



d(j, t) - Gross demand for item j in period t.


1           1           36
1           2           44
1           3           43
1           4           42
1           5           39
1           6           38
2           1           37
2           2           47
2           3           38
2           4           37
2           5           33
2           6           41
3           1           40
3           2           37
3           3           42
3           4           45
3           5           40
3           6           50
4           1           42
4           2           38
4           3           31
4           4           38
4           5           43
4           6           47
5           1           35
5           2           48
5           3           39
5           4           36
5           5           32
5           6           31
6           1           47
6           2           48
6           3           30
6           4           50
6           5           44
6           6           45
7           1           38
7           2           32
7           3           35
7           4           32
7           5           35
7           6           49
8           1           38
8           2           38
8           3           46
8           4           38
8           5           44
8           6           42



pt(j, m) - Time required to produce one unit of item j on machine m. The production time is period-independent.


1           1           1.385
1           2           0.932
1           3           1.333
1           4           0.986
2           1           1.124
2           2           1.298
2           3           1.383
2           4           1.062
3           1           0.753
3           2           0.836
3           3           0.756
3           4           1.206
4           1           1.096
4           2           1.472
4           3           1.004
4           4           1.333
5           1           0.616
5           2           1.121
5           3           0.679
5           4           0.816
6           1           0.87
6           2           1.383
6           3           0.824
6           4           0.726
7           1           0.824
7           2           1.064
7           3           0.887
7           4           1.4
8           1           1.355
8           2           1.166
8           3           0.938
8           4           0.833



pc(j, m) - Variable costs of producing one unit of item j on machine m. The production cost is period-independent.


1           1           6.239
1           2           2.712
1           3           4.202
1           4           3.97
2           1           11.003
2           2           2.842
2           3           2.124
2           4           2.228
3           1           8.699
3           2           2.619
3           3           3.497
3           4           2.672
4           1           8.751
4           2           2.537
4           3           5.287
4           4           2.086
5           1           4.898
5           2           2.303
5           3           4.049
5           4           3.384
6           1           6.594
6           2           1.418
6           3           5.881
6           4           3.824
7           1           6.348
7           2           1.606
7           3           3.973
7           4           3.886
8           1           5.812
8           2           2.769
8           3           2.644
8           4           1.527



pe(j, m) - Production emission for producing one unit of item j on machine m. The production emission is period-independent.


1           1           1.226
1           2           4.866
1           3           1.989
1           4           0.852
2           1           0.378
2           2           3.927
2           3           1.63
2           4           0.771
3           1           0.824
3           2           2.437
3           3           1.649
3           4           1.518
4           1           0.296
4           2           3.115
4           3           0.61
4           4           3.211
5           1           0.877
5           2           1.898
5           3           0.565
5           4           2.377
6           1           1.075
6           2           1.515
6           3           0.615
6           4           1.819
7           1           0.818
7           2           2.278
7           3           1.998
7           4           3.379
8           1           0.645
8           2           1.359
8           3           2.248
8           4           1.278



hc(j) - Inventory-holding costs for one unit of item j for one period.


1           0.246
2           0.142
3           0.288
4           0.138
5           0.103
6           0.244
7           0.275
8           0.169



st(j, m) - Setup times for producing a lot of item j on machine m. The setup times are period-independent.


1           1           13.713
1           2           10.707
1           3           8.747
1           4           19.77
2           1           16.582
2           2           9.444
2           3           9.993
2           4           11.139
3           1           16.222
3           2           9.775
3           3           19.168
3           4           11.205
4           1           8.951
4           2           15.285
4           3           10.823
4           4           11.14
5           1           5.702
5           2           6.129
5           3           10.889
5           4           19.724
6           1           5.54
6           2           19.582
6           3           5.772
6           4           15.998
7           1           16.714
7           2           12.226
7           3           15.973
7           4           8.877
8           1           10.407
8           2           9.526
8           3           11.454
8           4           10.647



se(j, m) - Setup emission for producing a lot of item j on machine m. The setup emission are period-independent.


1           1           7.942
1           2           20.327
1           3           15.788
1           4           11.981
2           1           9.786
2           2           29.496
2           3           15.228
2           4           19.913
3           1           4.13
3           2           25.382
3           3           13.815
3           4           7.866
4           1           3.657
4           2           30.811
4           3           10.376
4           4           24.446
5           1           7.278
5           2           25.246
5           3           13.358
5           4           20.436
6           1           8.013
6           2           36.16
6           3           18.878
6           4           26.626
7           1           6.144
7           2           14.727
7           3           17.016
7           4           10.751
8           1           9.633
8           2           29.58
8           3           12.394
8           4           11.236



sc(j, m) - Setup costs for producing a lot of item j on machine m. The setup costs are period-independent.


1           1           55563.2
1           2           13890.8
1           3           27781.6
1           4           18521.067
2           1           30880.267
2           2           7720.067
2           3           15440.133
2           4           10293.422
3           1           68275.2
3           2           17068.8
3           3           34137.6
3           4           22758.4
4           1           30783.2
4           2           7695.8
4           3           15391.6
4           4           10261.067
5           1           21245.467
5           2           5311.367
5           3           10622.733
5           4           7081.822
6           1           60121.6
6           2           15030.4
6           3           30060.8
6           4           20040.533
7           1           56723.333
7           2           14180.833
7           3           28361.667
7           4           18907.778
8           1           38802.4
8           2           9700.6
8           3           19401.2
8           4           12934.133



bc(m) - Fixed investment cost for machine m.


1           7292.861125098187
2           2916.6112036893783
3           4420.5158787563905
4           6189.203000920815



ca(m, t) - The available capacity of machine m in period t.


1           1           194.27671796296295
1           2           194.27671796296295
1           3           194.27671796296295
1           4           194.27671796296295
1           5           194.27671796296295
1           6           194.27671796296295
2           1           194.27671796296295
2           2           194.27671796296295
2           3           194.27671796296295
2           4           194.27671796296295
2           5           194.27671796296295
2           6           194.27671796296295
3           1           194.27671796296295
3           2           194.27671796296295
3           3           194.27671796296295
3           4           194.27671796296295
3           5           194.27671796296295
3           6           194.27671796296295
4           1           194.27671796296295
4           2           194.27671796296295
4           3           194.27671796296295
4           4           194.27671796296295
4           5           194.27671796296295
4           6           194.27671796296295



em(t) - The limits of carbon emissions in period t.


1           824.6358633333332
2           824.6358633333332
3           824.6358633333332
4           824.6358633333332
5           824.6358633333332
6           824.6358633333332
