Information for the currently-owned machines and the machines that may be purchased: if 1, the machine can be purchased, otherwise currently-owned.


1           0.0
2           0.0
3           0.0
4           1.0



item_machine_arc(j, m) - The relationship arc between item j and machine m, i.e., machine m is capable of producing item j if item_machine_arc(j, m) = 1.


1           1           1.0
1           2           0.0
1           3           0.0
1           4           0.0
2           1           1.0
2           2           0.0
2           3           1.0
2           4           0.0
3           1           0.0
3           2           0.0
3           3           1.0
3           4           0.0
4           1           0.0
4           2           0.0
4           3           1.0
4           4           1.0
5           1           1.0
5           2           1.0
5           3           1.0
5           4           0.0
6           1           0.0
6           2           0.0
6           3           0.0
6           4           1.0
7           1           1.0
7           2           1.0
7           3           1.0
7           4           1.0
8           1           1.0
8           2           1.0
8           3           1.0
8           4           1.0



d(j, t) - Gross demand for item j in period t.


1           1           33
1           2           32
1           3           49
1           4           34
1           5           42
1           6           48
2           1           40
2           2           49
2           3           38
2           4           34
2           5           36
2           6           43
3           1           37
3           2           35
3           3           33
3           4           35
3           5           50
3           6           37
4           1           42
4           2           36
4           3           38
4           4           31
4           5           41
4           6           31
5           1           41
5           2           36
5           3           31
5           4           38
5           5           41
5           6           39
6           1           50
6           2           36
6           3           33
6           4           31
6           5           30
6           6           46
7           1           43
7           2           33
7           3           50
7           4           43
7           5           43
7           6           36
8           1           46
8           2           38
8           3           37
8           4           31
8           5           39
8           6           48



pt(j, m) - Time required to produce one unit of item j on machine m. The production time is period-independent.


1           1           1.261
1           2           0.809
1           3           0.884
1           4           1.472
2           1           0.848
2           2           1.22
2           3           0.866
2           4           1.486
3           1           0.947
3           2           1.292
3           3           1.156
3           4           0.506
4           1           0.518
4           2           1.323
4           3           1.481
4           4           0.877
5           1           1.232
5           2           1.17
5           3           0.911
5           4           1.006
6           1           0.847
6           2           1.059
6           3           0.615
6           4           0.75
7           1           1.144
7           2           0.776
7           3           1.472
7           4           0.906
8           1           0.568
8           2           1.29
8           3           1.133
8           4           1.392



pc(j, m) - Variable costs of producing one unit of item j on machine m. The production cost is period-independent.


1           1           4.348
1           2           2.406
1           3           3.972
1           4           2.187
2           1           7.705
2           2           3.243
2           3           1.791
2           4           2.33
3           1           6.009
3           2           4.919
3           3           3.615
3           4           2.611
4           1           7.689
4           2           2.911
4           3           1.544
4           4           2.661
5           1           7.076
5           2           2.86
5           3           2.379
5           4           2.559
6           1           5.56
6           2           5.969
6           3           3.025
6           4           2.392
7           1           9.908
7           2           3.077
7           3           1.734
7           4           2.148
8           1           6.41
8           2           5.507
8           3           2.938
8           4           2.676



pe(j, m) - Production emission for producing one unit of item j on machine m. The production emission is period-independent.


1           1           1.24
1           2           2.055
1           3           3.122
1           4           2.421
2           1           0.359
2           2           1.155
2           3           2.602
2           4           1.36
3           1           1.074
3           2           2.159
3           3           2.828
3           4           4.464
4           1           1.11
4           2           1.274
4           3           3.23
4           4           2.889
5           1           0.851
5           2           2.022
5           3           1.386
5           4           2.886
6           1           0.71
6           2           0.538
6           3           3.201
6           4           4.985
7           1           0.934
7           2           2.118
7           3           2.758
7           4           3.626
8           1           0.469
8           2           0.889
8           3           1.846
8           4           1.305



hc(j) - Inventory-holding costs for one unit of item j for one period.


1           0.249
2           0.142
3           0.234
4           0.131
5           0.241
6           0.207
7           0.174
8           0.165



st(j, m) - Setup times for producing a lot of item j on machine m. The setup times are period-independent.


1           1           73.972
1           2           46.59
1           3           28.071
1           4           35.517
2           1           74.861
2           2           67.998
2           3           79.384
2           4           79.627
3           1           98.432
3           2           80.673
3           3           29.022
3           4           49.692
4           1           76.557
4           2           71.312
4           3           66.492
4           4           64.452
5           1           53.134
5           2           89.847
5           3           91.334
5           4           40.659
6           1           92.109
6           2           84.599
6           3           42.513
6           4           79.672
7           1           73.089
7           2           83.479
7           3           70.429
7           4           83.015
8           1           25.032
8           2           86.599
8           3           37.738
8           4           50.684



se(j, m) - Setup emission for producing a lot of item j on machine m. The setup emission are period-independent.


1           1           42.847
1           2           33.288
1           3           56.837
1           4           154.59
2           1           29.681
2           2           25.051
2           3           136.805
2           4           79.485
3           1           29.464
3           2           89.433
3           3           79.259
3           4           95.084
4           1           45.082
4           2           60.591
4           3           63.266
4           4           165.657
5           1           23.734
5           2           68.068
5           3           71.78
5           4           127.279
6           1           13.068
6           2           51.334
6           3           114.123
6           4           62.41
7           1           46.117
7           2           60.907
7           3           85.375
7           4           63.163
8           1           15.847
8           2           98.205
8           3           143.702
8           4           143.291



sc(j, m) - Setup costs for producing a lot of item j on machine m. The setup costs are period-independent.


1           1           55311.2
1           2           27655.6
1           3           18437.067
1           4           13827.8
2           1           31808.0
2           2           15904.0
2           3           10602.667
2           4           7952.0
3           1           49576.8
3           2           24788.4
3           3           16525.6
3           4           12394.2
4           1           26776.4
4           2           13388.2
4           3           8925.467
4           4           6694.1
5           1           50834.933
5           2           25417.467
5           3           16944.978
5           4           12708.733
6           1           43663.2
6           2           21831.6
6           3           14554.4
6           4           10915.8
7           1           40275.2
7           2           20137.6
7           3           13425.067
7           4           10068.8
8           1           36806.0
8           2           18403.0
8           3           12268.667
8           4           9201.5



bc(m) - Fixed investment cost for machine m.


1           12415.901567300389
2           3481.6987109104334
3           515.4867122569295
4           4098.4464565421595



ca(m, t) - The available capacity of machine m in period t.


1           1           277.39412037037033
1           2           277.39412037037033
1           3           277.39412037037033
1           4           277.39412037037033
1           5           277.39412037037033
1           6           277.39412037037033
2           1           277.39412037037033
2           2           277.39412037037033
2           3           277.39412037037033
2           4           277.39412037037033
2           5           277.39412037037033
2           6           277.39412037037033
3           1           277.39412037037033
3           2           277.39412037037033
3           3           277.39412037037033
3           4           277.39412037037033
3           5           277.39412037037033
3           6           277.39412037037033
4           1           277.39412037037033
4           2           277.39412037037033
4           3           277.39412037037033
4           4           277.39412037037033
4           5           277.39412037037033
4           6           277.39412037037033



em(t) - The limits of carbon emissions in period t.


1           1557.2029977777777
2           1557.2029977777777
3           1557.2029977777777
4           1557.2029977777777
5           1557.2029977777777
6           1557.2029977777777
