Information for the currently-owned machines and the machines that may be purchased: if 1, the machine can be purchased, otherwise currently-owned.


1           1.0
2           0.0
3           0.0
4           0.0



item_machine_arc(j, m) - The relationship arc between item j and machine m, i.e., machine m is capable of producing item j if item_machine_arc(j, m) = 1.


1           1           1.0
1           2           1.0
1           3           0.0
1           4           1.0
2           1           0.0
2           2           1.0
2           3           1.0
2           4           0.0
3           1           1.0
3           2           1.0
3           3           1.0
3           4           1.0
4           1           1.0
4           2           1.0
4           3           1.0
4           4           0.0
5           1           1.0
5           2           0.0
5           3           0.0
5           4           0.0
6           1           1.0
6           2           0.0
6           3           0.0
6           4           0.0
7           1           1.0
7           2           1.0
7           3           1.0
7           4           1.0
8           1           1.0
8           2           1.0
8           3           1.0
8           4           1.0



d(j, t) - Gross demand for item j in period t.


1           1           45
1           2           42
1           3           35
1           4           46
1           5           34
1           6           48
2           1           41
2           2           45
2           3           41
2           4           33
2           5           34
2           6           47
3           1           31
3           2           38
3           3           35
3           4           46
3           5           38
3           6           38
4           1           39
4           2           41
4           3           42
4           4           38
4           5           40
4           6           37
5           1           50
5           2           39
5           3           32
5           4           42
5           5           42
5           6           31
6           1           35
6           2           33
6           3           30
6           4           40
6           5           45
6           6           46
7           1           36
7           2           45
7           3           42
7           4           33
7           5           40
7           6           44
8           1           44
8           2           44
8           3           32
8           4           35
8           5           41
8           6           32



pt(j, m) - Time required to produce one unit of item j on machine m. The production time is period-independent.


1           1           1.099
1           2           0.972
1           3           1.141
1           4           1.486
2           1           0.812
2           2           0.606
2           3           1.452
2           4           1.217
3           1           0.991
3           2           1.239
3           3           0.814
3           4           0.648
4           1           1.168
4           2           1.426
4           3           0.583
4           4           1.366
5           1           1.292
5           2           0.962
5           3           1.049
5           4           1.055
6           1           0.728
6           2           1.213
6           3           1.46
6           4           1.409
7           1           1.058
7           2           1.012
7           3           0.554
7           4           0.608
8           1           1.363
8           2           0.734
8           3           0.873
8           4           0.666



pc(j, m) - Variable costs of producing one unit of item j on machine m. The production cost is period-independent.


1           1           2.299
1           2           11.75
1           3           2.065
1           4           1.337
2           1           2.032
2           2           9.701
2           3           4.517
2           4           2.076
3           1           3.436
3           2           4.267
3           3           5.839
3           4           2.42
4           1           1.676
4           2           7.063
4           3           2.912
4           4           1.391
5           1           1.529
5           2           6.348
5           3           3.655
5           4           2.49
6           1           3.254
6           2           6.583
6           3           3.632
6           4           2.157
7           1           3.827
7           2           8.451
7           3           5.044
7           4           2.364
8           1           2.502
8           2           4.301
8           3           4.903
8           4           1.278



pe(j, m) - Production emission for producing one unit of item j on machine m. The production emission is period-independent.


1           1           0.598
1           2           0.165
1           3           0.122
1           4           0.732
2           1           0.441
2           2           0.051
2           3           0.33
2           4           0.226
3           1           0.612
3           2           0.054
3           3           0.269
3           4           0.245
4           1           0.459
4           2           0.168
4           3           0.45
4           4           0.737
5           1           0.29
5           2           0.183
5           3           0.38
5           4           0.411
6           1           0.515
6           2           0.156
6           3           0.473
6           4           0.755
7           1           0.424
7           2           0.071
7           3           0.292
7           4           0.9
8           1           0.207
8           2           0.077
8           3           0.179
8           4           0.611



hc(j) - Inventory-holding costs for one unit of item j for one period.


1           0.246
2           0.233
3           0.243
4           0.295
5           0.206
6           0.261
7           0.102
8           0.17



st(j, m) - Setup times for producing a lot of item j on machine m. The setup times are period-independent.


1           1           57.445
1           2           70.029
1           3           96.117
1           4           79.675
2           1           95.005
2           2           53.368
2           3           56.104
2           4           63.343
3           1           73.694
3           2           99.906
3           3           54.822
3           4           74.878
4           1           32.34
4           2           56.802
4           3           55.213
4           4           81.049
5           1           44.474
5           2           64.706
5           3           54.799
5           4           94.821
6           1           40.105
6           2           26.488
6           3           89.847
6           4           29.032
7           1           50.241
7           2           93.404
7           3           36.769
7           4           75.396
8           1           35.471
8           2           51.177
8           3           77.599
8           4           97.995



se(j, m) - Setup emission for producing a lot of item j on machine m. The setup emission are period-independent.


1           1           14.489
1           2           8.414
1           3           5.839
1           4           14.104
2           1           22.306
2           2           8.236
2           3           16.069
2           4           20.669
3           1           13.706
3           2           5.05
3           3           19.746
3           4           13.059
4           1           18.08
4           2           7.156
4           3           15.843
4           4           28.205
5           1           28.773
5           2           8.051
5           3           18.295
5           4           13.112
6           1           21.898
6           2           8.044
6           3           7.493
6           4           38.701
7           1           16.432
7           2           6.772
7           3           13.713
7           4           18.262
8           1           14.797
8           2           8.356
8           3           11.827
8           4           25.487



sc(j, m) - Setup costs for producing a lot of item j on machine m. The setup costs are period-independent.


1           1           21046.667
1           2           63140.0
1           3           31570.0
1           4           15785.0
2           1           19216.804
2           2           57650.413
2           3           28825.207
2           4           14412.603
3           1           18794.16
3           2           56382.48
3           3           28191.24
3           4           14095.62
4           1           23926.467
4           2           71779.4
4           3           35889.7
4           4           17944.85
5           1           16637.476
5           2           49912.427
5           3           24956.213
5           4           12478.107
6           1           20454.28
6           2           61362.84
6           3           30681.42
6           4           15340.71
7           1           8377.6
7           2           25132.8
7           3           12566.4
7           4           6283.2
8           1           13264.533
8           2           39793.6
8           3           19896.8
8           4           9948.4



bc(m) - Fixed investment cost for machine m.


1           1877.9469573275728
2           14097.433890227467
3           1005.9927621605136
4           2185.104381080863



ca(m, t) - The available capacity of machine m in period t.


1           1           279.1032403703704
1           2           279.1032403703704
1           3           279.1032403703704
1           4           279.1032403703704
1           5           279.1032403703704
1           6           279.1032403703704
2           1           279.1032403703704
2           2           279.1032403703704
2           3           279.1032403703704
2           4           279.1032403703704
2           5           279.1032403703704
2           6           279.1032403703704
3           1           279.1032403703704
3           2           279.1032403703704
3           3           279.1032403703704
3           4           279.1032403703704
3           5           279.1032403703704
3           6           279.1032403703704
4           1           279.1032403703704
4           2           279.1032403703704
4           3           279.1032403703704
4           4           279.1032403703704
4           5           279.1032403703704
4           6           279.1032403703704



em(t) - The limits of carbon emissions in period t.


1           272.8422063888889
2           272.8422063888889
3           272.8422063888889
4           272.8422063888889
5           272.8422063888889
6           272.8422063888889
