Information for the currently-owned machines and the machines that may be purchased: if 1, the machine can be purchased, otherwise currently-owned.


1           0.0
2           0.0
3           0.0
4           1.0



item_machine_arc(j, m) - The relationship arc between item j and machine m, i.e., machine m is capable of producing item j if item_machine_arc(j, m) = 1.


1           1           0.0
1           2           0.0
1           3           1.0
1           4           0.0
2           1           1.0
2           2           1.0
2           3           1.0
2           4           1.0
3           1           1.0
3           2           1.0
3           3           1.0
3           4           1.0
4           1           0.0
4           2           0.0
4           3           0.0
4           4           1.0
5           1           1.0
5           2           0.0
5           3           0.0
5           4           0.0
6           1           0.0
6           2           0.0
6           3           0.0
6           4           1.0
7           1           0.0
7           2           1.0
7           3           0.0
7           4           1.0
8           1           0.0
8           2           0.0
8           3           1.0
8           4           1.0



d(j, t) - Gross demand for item j in period t.


1           1           42
1           2           41
1           3           48
1           4           32
1           5           47
1           6           47
2           1           34
2           2           47
2           3           32
2           4           34
2           5           39
2           6           41
3           1           44
3           2           46
3           3           33
3           4           35
3           5           40
3           6           39
4           1           40
4           2           33
4           3           37
4           4           46
4           5           31
4           6           32
5           1           33
5           2           38
5           3           38
5           4           40
5           5           42
5           6           45
6           1           44
6           2           36
6           3           48
6           4           41
6           5           42
6           6           38
7           1           42
7           2           30
7           3           39
7           4           41
7           5           39
7           6           49
8           1           33
8           2           38
8           3           44
8           4           36
8           5           40
8           6           45



pt(j, m) - Time required to produce one unit of item j on machine m. The production time is period-independent.


1           1           1.391
1           2           0.941
1           3           0.859
1           4           0.796
2           1           0.908
2           2           1.298
2           3           1.46
2           4           1.394
3           1           0.9
3           2           1.063
3           3           0.713
3           4           1.259
4           1           1.49
4           2           1.41
4           3           0.95
4           4           0.998
5           1           1.331
5           2           1.183
5           3           1.32
5           4           0.61
6           1           0.999
6           2           1.44
6           3           0.66
6           4           0.995
7           1           1.295
7           2           0.977
7           3           1.456
7           4           0.763
8           1           0.962
8           2           0.915
8           3           0.847
8           4           0.842



pc(j, m) - Variable costs of producing one unit of item j on machine m. The production cost is period-independent.


1           1           8.493
1           2           3.966
1           3           3.627
1           4           1.668
2           1           6.382
2           2           4.71
2           3           3.148
2           4           1.573
3           1           9.813
3           2           4.075
3           3           2.83
3           4           1.532
4           1           6.602
4           2           2.092
4           3           3.553
4           4           2.0
5           1           10.867
5           2           3.14
5           3           1.436
5           4           2.236
6           1           7.645
6           2           5.249
6           3           1.497
6           4           2.646
7           1           11.527
7           2           5.858
7           3           2.771
7           4           2.771
8           1           7.735
8           2           2.156
8           3           3.161
8           4           1.09



pe(j, m) - Production emission for producing one unit of item j on machine m. The production emission is period-independent.


1           1           0.395
1           2           1.533
1           3           1.509
1           4           2.714
2           1           0.348
2           2           1.803
2           3           3.638
2           4           2.446
3           1           0.965
3           2           2.005
3           3           1.647
3           4           3.035
4           1           0.268
4           2           1.449
4           3           1.27
4           4           2.707
5           1           1.247
5           2           1.317
5           3           2.589
5           4           3.163
6           1           1.143
6           2           0.861
6           3           1.453
6           4           1.84
7           1           0.541
7           2           2.098
7           3           2.437
7           4           4.263
8           1           0.618
8           2           2.143
8           3           3.043
8           4           3.606



hc(j) - Inventory-holding costs for one unit of item j for one period.


1           0.106
2           0.235
3           0.243
4           0.159
5           0.155
6           0.186
7           0.283
8           0.139



st(j, m) - Setup times for producing a lot of item j on machine m. The setup times are period-independent.


1           1           8.422
1           2           9.833
1           3           11.803
1           4           17.337
2           1           19.217
2           2           17.759
2           3           14.242
2           4           18.476
3           1           15.918
3           2           18.986
3           3           9.406
3           4           5.222
4           1           8.659
4           2           16.713
4           3           19.626
4           4           10.775
5           1           14.757
5           2           11.115
5           3           11.184
5           4           10.403
6           1           17.706
6           2           5.87
6           3           15.559
6           4           8.041
7           1           12.343
7           2           19.638
7           3           7.722
7           4           7.217
8           1           13.765
8           2           8.009
8           3           16.724
8           4           18.021



se(j, m) - Setup emission for producing a lot of item j on machine m. The setup emission are period-independent.


1           1           31.235
1           2           27.424
1           3           42.712
1           4           174.652
2           1           30.331
2           2           28.648
2           3           89.27
2           4           180.915
3           1           45.173
3           2           41.883
3           3           148.318
3           4           144.03
4           1           45.012
4           2           45.097
4           3           88.214
4           4           66.665
5           1           26.013
5           2           56.965
5           3           69.977
5           4           157.561
6           1           25.308
6           2           29.651
6           3           87.04
6           4           138.532
7           1           25.856
7           2           75.306
7           3           58.067
7           4           65.85
8           1           21.11
8           2           48.862
8           3           67.738
8           4           112.638



sc(j, m) - Setup costs for producing a lot of item j on machine m. The setup costs are period-independent.


1           1           25425.867
1           2           12712.933
1           3           8475.289
1           4           6356.467
2           1           49788.667
2           2           24894.333
2           3           16596.222
2           4           12447.167
3           1           53751.6
3           2           26875.8
3           3           17917.2
3           4           13437.9
4           1           32499.6
4           2           16249.8
4           3           10833.2
4           4           8124.9
5           1           34141.333
5           2           17070.667
5           3           11380.444
5           4           8535.333
6           1           43226.4
6           2           21613.2
6           3           14408.8
6           4           10806.6
7           1           63392.0
7           2           31696.0
7           3           21130.667
7           4           15848.0
8           1           30617.067
8           2           15308.533
8           3           10205.689
8           4           7654.267



bc(m) - Fixed investment cost for machine m.


1           6743.594393414915
2           5874.535613810235
3           5220.020179200754
4           930.4142850826286



ca(m, t) - The available capacity of machine m in period t.


1           1           192.29032472222227
1           2           192.29032472222227
1           3           192.29032472222227
1           4           192.29032472222227
1           5           192.29032472222227
1           6           192.29032472222227
2           1           192.29032472222227
2           2           192.29032472222227
2           3           192.29032472222227
2           4           192.29032472222227
2           5           192.29032472222227
2           6           192.29032472222227
3           1           192.29032472222227
3           2           192.29032472222227
3           3           192.29032472222227
3           4           192.29032472222227
3           5           192.29032472222227
3           6           192.29032472222227
4           1           192.29032472222227
4           2           192.29032472222227
4           3           192.29032472222227
4           4           192.29032472222227
4           5           192.29032472222227
4           6           192.29032472222227



em(t) - The limits of carbon emissions in period t.


1           1549.5498608333332
2           1549.5498608333332
3           1549.5498608333332
4           1549.5498608333332
5           1549.5498608333332
6           1549.5498608333332
