Information for the currently-owned machines and the machines that may be purchased: if 1, the machine can be purchased, otherwise currently-owned.


1           0.0
2           1.0
3           0.0
4           0.0



item_machine_arc(j, m) - The relationship arc between item j and machine m, i.e., machine m is capable of producing item j if item_machine_arc(j, m) = 1.


1           1           1.0
1           2           1.0
1           3           1.0
1           4           1.0
2           1           0.0
2           2           1.0
2           3           0.0
2           4           0.0
3           1           0.0
3           2           0.0
3           3           0.0
3           4           1.0
4           1           1.0
4           2           1.0
4           3           0.0
4           4           1.0
5           1           0.0
5           2           0.0
5           3           1.0
5           4           1.0
6           1           0.0
6           2           1.0
6           3           1.0
6           4           0.0
7           1           1.0
7           2           1.0
7           3           0.0
7           4           1.0
8           1           1.0
8           2           1.0
8           3           1.0
8           4           1.0



d(j, t) - Gross demand for item j in period t.


1           1           32
1           2           31
1           3           48
1           4           30
1           5           42
1           6           50
2           1           32
2           2           38
2           3           41
2           4           42
2           5           47
2           6           37
3           1           35
3           2           35
3           3           36
3           4           32
3           5           31
3           6           46
4           1           43
4           2           35
4           3           43
4           4           30
4           5           48
4           6           34
5           1           32
5           2           44
5           3           46
5           4           42
5           5           42
5           6           50
6           1           43
6           2           41
6           3           32
6           4           48
6           5           32
6           6           47
7           1           44
7           2           50
7           3           40
7           4           42
7           5           45
7           6           40
8           1           31
8           2           34
8           3           36
8           4           32
8           5           31
8           6           41



pt(j, m) - Time required to produce one unit of item j on machine m. The production time is period-independent.


1           1           0.794
1           2           0.522
1           3           0.752
1           4           0.51
2           1           1.211
2           2           0.876
2           3           0.512
2           4           1.138
3           1           1.039
3           2           1.491
3           3           0.552
3           4           0.827
4           1           0.791
4           2           0.591
4           3           1.428
4           4           1.401
5           1           1.274
5           2           1.341
5           3           1.359
5           4           1.163
6           1           0.974
6           2           0.952
6           3           0.654
6           4           0.621
7           1           1.01
7           2           1.329
7           3           0.806
7           4           0.673
8           1           1.478
8           2           1.491
8           3           1.153
8           4           1.274



pc(j, m) - Variable costs of producing one unit of item j on machine m. The production cost is period-independent.


1           1           4.346
1           2           2.275
1           3           6.597
1           4           3.578
2           1           3.78
2           2           1.686
2           3           8.179
2           4           3.68
3           1           5.628
3           2           2.652
3           3           11.201
3           4           2.464
4           1           3.963
4           2           1.616
4           3           6.916
4           4           3.786
5           1           3.241
5           2           2.054
5           3           10.043
5           4           3.113
6           1           3.613
6           2           2.441
6           3           10.435
6           4           3.102
7           1           5.092
7           2           1.522
7           3           7.394
7           4           1.628
8           1           4.316
8           2           2.637
8           3           7.757
8           4           3.148



pe(j, m) - Production emission for producing one unit of item j on machine m. The production emission is period-independent.


1           1           0.198
1           2           0.366
1           3           0.142
1           4           0.507
2           1           0.267
2           2           0.61
2           3           0.087
2           4           0.673
3           1           0.229
3           2           0.801
3           3           0.069
3           4           0.746
4           1           0.236
4           2           0.953
4           3           0.17
4           4           0.495
5           1           0.287
5           2           0.797
5           3           0.207
5           4           0.372
6           1           0.419
6           2           0.331
6           3           0.067
6           4           0.406
7           1           0.436
7           2           0.993
7           3           0.177
7           4           0.666
8           1           0.152
8           2           0.858
8           3           0.091
8           4           0.559



hc(j) - Inventory-holding costs for one unit of item j for one period.


1           0.196
2           0.143
3           0.207
4           0.126
5           0.256
6           0.126
7           0.209
8           0.117



st(j, m) - Setup times for producing a lot of item j on machine m. The setup times are period-independent.


1           1           13.293
1           2           7.664
1           3           17.752
1           4           10.675
2           1           8.864
2           2           13.665
2           3           18.121
2           4           5.017
3           1           9.031
3           2           9.334
3           3           10.591
3           4           17.866
4           1           16.786
4           2           7.02
4           3           15.516
4           4           8.935
5           1           10.479
5           2           19.944
5           3           14.874
5           4           17.741
6           1           6.677
6           2           6.53
6           3           18.71
6           4           8.405
7           1           19.086
7           2           17.278
7           3           11.322
7           4           13.844
8           1           18.29
8           2           18.814
8           3           11.701
8           4           14.219



se(j, m) - Setup emission for producing a lot of item j on machine m. The setup emission are period-independent.


1           1           71.577
1           2           121.661
1           3           43.59
1           4           106.516
2           1           92.728
2           2           189.709
2           3           15.347
2           4           55.773
3           1           47.015
3           2           161.045
3           3           24.669
3           4           125.3
4           1           49.388
4           2           79.886
4           3           33.561
4           4           129.502
5           1           71.171
5           2           75.707
5           3           36.806
5           4           49.892
6           1           59.025
6           2           78.887
6           3           48.566
6           4           39.597
7           1           75.144
7           2           56.364
7           3           49.978
7           4           48.482
8           1           98.996
8           2           81.002
8           3           31.637
8           4           85.048



sc(j, m) - Setup costs for producing a lot of item j on machine m. The setup costs are period-independent.


1           1           23442.907
1           2           11721.453
1           3           46885.813
1           4           15628.604
2           1           17397.38
2           2           8698.69
2           3           34794.76
2           4           11598.253
3           1           22845.9
3           2           11422.95
3           3           45691.8
3           4           15230.6
4           1           15070.44
4           2           7535.22
4           3           30140.88
4           4           10046.96
5           1           33641.813
5           2           16820.907
5           3           67283.627
5           4           22427.876
6           1           15717.24
6           2           7858.62
6           3           31434.48
6           4           10478.16
7           1           28001.82
7           2           14000.91
7           3           56003.64
7           4           18667.88
8           1           12312.3
8           2           6156.15
8           3           24624.6
8           4           8208.2



bc(m) - Fixed investment cost for machine m.


1           2912.0742489714426
2           2526.2333785064325
3           1112.49107961229
4           4517.818124864989



ca(m, t) - The available capacity of machine m in period t.


1           1           184.53446407407407
1           2           184.53446407407407
1           3           184.53446407407407
1           4           184.53446407407407
1           5           184.53446407407407
1           6           184.53446407407407
2           1           184.53446407407407
2           2           184.53446407407407
2           3           184.53446407407407
2           4           184.53446407407407
2           5           184.53446407407407
2           6           184.53446407407407
3           1           184.53446407407407
3           2           184.53446407407407
3           3           184.53446407407407
3           4           184.53446407407407
3           5           184.53446407407407
3           6           184.53446407407407
4           1           184.53446407407407
4           2           184.53446407407407
4           3           184.53446407407407
4           4           184.53446407407407
4           5           184.53446407407407
4           6           184.53446407407407



em(t) - The limits of carbon emissions in period t.


1           718.9598888888887
2           718.9598888888887
3           718.9598888888887
4           718.9598888888887
5           718.9598888888887
6           718.9598888888887
