Information for the currently-owned machines and the machines that may be purchased: if 1, the machine can be purchased, otherwise currently-owned.


1           1.0
2           0.0
3           0.0
4           0.0



item_machine_arc(j, m) - The relationship arc between item j and machine m, i.e., machine m is capable of producing item j if item_machine_arc(j, m) = 1.


1           1           1.0
1           2           1.0
1           3           1.0
1           4           1.0
2           1           1.0
2           2           0.0
2           3           0.0
2           4           0.0
3           1           1.0
3           2           1.0
3           3           0.0
3           4           1.0
4           1           0.0
4           2           0.0
4           3           0.0
4           4           1.0
5           1           1.0
5           2           0.0
5           3           0.0
5           4           0.0
6           1           1.0
6           2           1.0
6           3           1.0
6           4           1.0
7           1           0.0
7           2           0.0
7           3           0.0
7           4           1.0
8           1           0.0
8           2           1.0
8           3           1.0
8           4           1.0



d(j, t) - Gross demand for item j in period t.


1           1           36
1           2           30
1           3           47
1           4           30
1           5           40
1           6           47
2           1           42
2           2           44
2           3           38
2           4           42
2           5           46
2           6           46
3           1           30
3           2           44
3           3           42
3           4           50
3           5           40
3           6           30
4           1           39
4           2           48
4           3           45
4           4           37
4           5           42
4           6           33
5           1           42
5           2           49
5           3           32
5           4           45
5           5           34
5           6           37
6           1           35
6           2           48
6           3           41
6           4           31
6           5           40
6           6           31
7           1           36
7           2           47
7           3           41
7           4           49
7           5           34
7           6           36
8           1           38
8           2           45
8           3           42
8           4           33
8           5           31
8           6           34



pt(j, m) - Time required to produce one unit of item j on machine m. The production time is period-independent.


1           1           1.006
1           2           0.795
1           3           1.137
1           4           1.018
2           1           1.031
2           2           0.684
2           3           0.855
2           4           0.666
3           1           0.924
3           2           1.366
3           3           0.868
3           4           0.848
4           1           0.922
4           2           0.693
4           3           0.907
4           4           0.643
5           1           0.848
5           2           1.181
5           3           0.949
5           4           1.032
6           1           0.744
6           2           0.841
6           3           1.227
6           4           0.881
7           1           0.933
7           2           1.059
7           3           1.143
7           4           1.161
8           1           1.299
8           2           1.287
8           3           1.461
8           4           0.715



pc(j, m) - Variable costs of producing one unit of item j on machine m. The production cost is period-independent.


1           1           2.629
1           2           3.133
1           3           11.154
1           4           1.808
2           1           2.785
2           2           4.127
2           3           11.825
2           4           3.606
3           1           1.769
3           2           5.063
3           3           7.465
3           4           3.084
4           1           1.733
4           2           5.386
4           3           8.987
4           4           2.117
5           1           2.091
5           2           3.149
5           3           6.365
5           4           1.475
6           1           1.171
6           2           2.017
6           3           11.73
6           4           3.253
7           1           1.514
7           2           4.037
7           3           7.437
7           4           3.618
8           1           2.843
8           2           5.124
8           3           6.835
8           4           3.93



pe(j, m) - Production emission for producing one unit of item j on machine m. The production emission is period-independent.


1           1           0.666
1           2           0.193
1           3           0.19
1           4           0.501
2           1           0.455
2           2           0.352
2           3           0.188
2           4           0.275
3           1           0.931
3           2           0.331
3           3           0.161
3           4           0.312
4           1           0.335
4           2           0.323
4           3           0.151
4           4           0.359
5           1           0.647
5           2           0.448
5           3           0.237
5           4           0.464
6           1           0.574
6           2           0.122
6           3           0.2
6           4           0.435
7           1           0.229
7           2           0.134
7           3           0.113
7           4           0.388
8           1           0.863
8           2           0.352
8           3           0.053
8           4           0.19



hc(j) - Inventory-holding costs for one unit of item j for one period.


1           0.249
2           0.143
3           0.135
4           0.184
5           0.205
6           0.278
7           0.12
8           0.224



st(j, m) - Setup times for producing a lot of item j on machine m. The setup times are period-independent.


1           1           8.33
1           2           17.004
1           3           11.337
1           4           7.764
2           1           19.491
2           2           10.521
2           3           7.598
2           4           17.776
3           1           15.39
3           2           18.575
3           3           16.993
3           4           5.61
4           1           7.195
4           2           14.582
4           3           17.025
4           4           10.178
5           1           19.326
5           2           12.287
5           3           12.007
5           4           9.439
6           1           18.676
6           2           9.508
6           3           19.659
6           4           17.761
7           1           14.693
7           2           5.45
7           3           6.49
7           4           13.866
8           1           17.853
8           2           14.396
8           3           13.813
8           4           16.242



se(j, m) - Setup emission for producing a lot of item j on machine m. The setup emission are period-independent.


1           1           33.468
1           2           18.048
1           3           2.957
1           4           12.243
2           1           27.005
2           2           16.387
2           3           5.543
2           4           17.571
3           1           17.471
3           2           14.832
3           3           9.215
3           4           23.407
4           1           18.109
4           2           13.026
4           3           7.818
4           4           25.025
5           1           28.662
5           2           7.158
5           3           9.392
5           4           8.952
6           1           17.615
6           2           17.019
6           3           6.846
6           4           22.209
7           1           12.127
7           2           9.052
7           3           9.477
7           4           20.23
8           1           11.739
8           2           16.713
8           3           7.718
8           4           28.151



sc(j, m) - Setup costs for producing a lot of item j on machine m. The setup costs are period-independent.


1           1           14699.3
1           2           29398.6
1           3           58797.2
1           4           19599.067
2           1           9469.46
2           2           18938.92
2           3           37877.84
2           4           12625.947
3           1           8177.4
3           2           16354.8
3           3           32709.6
3           4           10903.2
4           1           11523.307
4           2           23046.613
4           3           46093.227
4           4           15364.409
5           1           12575.383
5           2           25150.767
5           3           50301.533
5           4           16767.178
6           1           16125.853
6           2           32251.707
6           3           64503.413
6           4           21501.138
7           1           7484.4
7           2           14968.8
7           3           29937.6
7           4           9979.2
8           1           12821.013
8           2           25642.027
8           3           51284.053
8           4           17094.684



bc(m) - Fixed investment cost for machine m.


1           1442.1079928304887
2           1114.0507737661853
3           7472.70521641705
4           5478.002351832064



ca(m, t) - The available capacity of machine m in period t.


1           1           188.49771824074077
1           2           188.49771824074077
1           3           188.49771824074077
1           4           188.49771824074077
1           5           188.49771824074077
1           6           188.49771824074077
2           1           188.49771824074077
2           2           188.49771824074077
2           3           188.49771824074077
2           4           188.49771824074077
2           5           188.49771824074077
2           6           188.49771824074077
3           1           188.49771824074077
3           2           188.49771824074077
3           3           188.49771824074077
3           4           188.49771824074077
3           5           188.49771824074077
3           6           188.49771824074077
4           1           188.49771824074077
4           2           188.49771824074077
4           3           188.49771824074077
4           4           188.49771824074077
4           5           188.49771824074077
4           6           188.49771824074077



em(t) - The limits of carbon emissions in period t.


1           302.19954722222224
2           302.19954722222224
3           302.19954722222224
4           302.19954722222224
5           302.19954722222224
6           302.19954722222224
