Information for the currently-owned machines and the machines that may be purchased: if 1, the machine can be purchased, otherwise currently-owned.


1           0.0
2           0.0
3           1.0
4           0.0



item_machine_arc(j, m) - The relationship arc between item j and machine m, i.e., machine m is capable of producing item j if item_machine_arc(j, m) = 1.


1           1           1.0
1           2           1.0
1           3           1.0
1           4           0.0
2           1           1.0
2           2           0.0
2           3           1.0
2           4           0.0
3           1           0.0
3           2           0.0
3           3           0.0
3           4           1.0
4           1           0.0
4           2           1.0
4           3           1.0
4           4           1.0
5           1           0.0
5           2           1.0
5           3           0.0
5           4           1.0
6           1           0.0
6           2           1.0
6           3           0.0
6           4           0.0
7           1           1.0
7           2           1.0
7           3           1.0
7           4           1.0
8           1           0.0
8           2           1.0
8           3           0.0
8           4           1.0



d(j, t) - Gross demand for item j in period t.


1           1           44
1           2           36
1           3           49
1           4           36
1           5           37
1           6           36
2           1           40
2           2           48
2           3           44
2           4           40
2           5           40
2           6           38
3           1           38
3           2           45
3           3           37
3           4           35
3           5           44
3           6           50
4           1           35
4           2           39
4           3           30
4           4           34
4           5           48
4           6           31
5           1           33
5           2           41
5           3           50
5           4           41
5           5           31
5           6           41
6           1           49
6           2           38
6           3           35
6           4           32
6           5           35
6           6           37
7           1           48
7           2           44
7           3           44
7           4           30
7           5           39
7           6           44
8           1           42
8           2           41
8           3           42
8           4           44
8           5           31
8           6           44



pt(j, m) - Time required to produce one unit of item j on machine m. The production time is period-independent.


1           1           1.427
1           2           1.246
1           3           1.413
1           4           1.285
2           1           0.817
2           2           0.661
2           3           1.474
2           4           0.724
3           1           1.309
3           2           1.231
3           3           0.955
3           4           0.561
4           1           1.178
4           2           0.762
4           3           1.372
4           4           0.905
5           1           1.112
5           2           0.571
5           3           1.046
5           4           0.877
6           1           0.83
6           2           0.664
6           3           0.859
6           4           1.008
7           1           1.199
7           2           1.352
7           3           0.828
7           4           0.94
8           1           0.648
8           2           1.139
8           3           0.618
8           4           1.37



pc(j, m) - Variable costs of producing one unit of item j on machine m. The production cost is period-independent.


1           1           2.017
1           2           3.868
1           3           2.67
1           4           4.939
2           1           4.863
2           2           2.756
2           3           2.911
2           4           5.175
3           1           5.637
3           2           3.072
3           3           2.4
3           4           11.807
4           1           5.811
4           2           3.2
4           3           2.102
4           4           9.071
5           1           3.104
5           2           3.73
5           3           1.989
5           4           9.116
6           1           4.004
6           2           2.02
6           3           2.395
6           4           9.197
7           1           2.999
7           2           1.538
7           3           1.545
7           4           4.703
8           1           3.587
8           2           3.739
8           3           1.29
8           4           5.795



pe(j, m) - Production emission for producing one unit of item j on machine m. The production emission is period-independent.


1           1           0.416
1           2           0.201
1           3           0.305
1           4           0.201
2           1           0.109
2           2           0.486
2           3           0.432
2           4           0.1
3           1           0.109
3           2           0.193
3           3           0.831
3           4           0.067
4           1           0.252
4           2           0.499
4           3           0.606
4           4           0.068
5           1           0.214
5           2           0.724
5           3           0.739
5           4           0.052
6           1           0.277
6           2           0.72
6           3           0.359
6           4           0.119
7           1           0.27
7           2           0.71
7           3           0.482
7           4           0.171
8           1           0.391
8           2           0.613
8           3           0.964
8           4           0.142



hc(j) - Inventory-holding costs for one unit of item j for one period.


1           0.157
2           0.267
3           0.215
4           0.25
5           0.265
6           0.172
7           0.245
8           0.221



st(j, m) - Setup times for producing a lot of item j on machine m. The setup times are period-independent.


1           1           97.213
1           2           75.543
1           3           53.604
1           4           51.001
2           1           93.656
2           2           52.276
2           3           84.076
2           4           28.734
3           1           31.612
3           2           31.804
3           3           97.279
3           4           39.165
4           1           67.188
4           2           33.685
4           3           70.264
4           4           44.903
5           1           55.809
5           2           39.618
5           3           34.308
5           4           53.149
6           1           97.108
6           2           64.178
6           3           27.197
6           4           67.572
7           1           43.822
7           2           81.119
7           3           33.795
7           4           59.392
8           1           50.773
8           2           84.596
8           3           71.632
8           4           94.148



se(j, m) - Setup emission for producing a lot of item j on machine m. The setup emission are period-independent.


1           1           93.917
1           2           121.084
1           3           99.345
1           4           37.322
2           1           52.13
2           2           141.603
2           3           86.526
2           4           27.129
3           1           94.399
3           2           117.442
3           3           181.543
3           4           43.646
4           1           99.386
4           2           67.152
4           3           121.46
4           4           36.908
5           1           75.252
5           2           117.524
5           3           54.369
5           4           49.011
6           1           29.475
6           2           104.156
6           3           164.063
6           4           28.601
7           1           53.836
7           2           135.738
7           3           72.677
7           4           26.713
8           1           37.985
8           2           101.23
8           3           170.276
8           4           17.687



sc(j, m) - Setup costs for producing a lot of item j on machine m. The setup costs are period-independent.


1           1           19181.213
1           2           12787.476
1           3           9590.607
1           4           38362.427
2           1           34265.0
2           2           22843.333
2           3           17132.5
2           4           68530.0
3           1           27481.3
3           2           18320.867
3           3           13740.65
3           4           54962.6
4           1           27848.333
4           2           18565.556
4           3           13924.167
4           4           55696.667
5           1           32239.9
5           2           21493.267
5           3           16119.95
5           4           64479.8
6           1           19954.293
6           2           13302.862
6           3           9977.147
6           4           39908.587
7           1           31315.9
7           2           20877.267
7           3           15657.95
7           4           62631.8
8           1           27680.987
8           2           18453.991
8           3           13840.493
8           4           55361.973



bc(m) - Fixed investment cost for machine m.


1           4261.551385500112
2           5066.270528073997
3           2437.4230740068565
4           3079.5976022031637



ca(m, t) - The available capacity of machine m in period t.


1           1           263.61613055555557
1           2           263.61613055555557
1           3           263.61613055555557
1           4           263.61613055555557
1           5           263.61613055555557
1           6           263.61613055555557
2           1           263.61613055555557
2           2           263.61613055555557
2           3           263.61613055555557
2           4           263.61613055555557
2           5           263.61613055555557
2           6           263.61613055555557
3           1           263.61613055555557
3           2           263.61613055555557
3           3           263.61613055555557
3           4           263.61613055555557
3           5           263.61613055555557
3           6           263.61613055555557
4           1           263.61613055555557
4           2           263.61613055555557
4           3           263.61613055555557
4           4           263.61613055555557
4           5           263.61613055555557
4           6           263.61613055555557



em(t) - The limits of carbon emissions in period t.


1           648.5703797222222
2           648.5703797222222
3           648.5703797222222
4           648.5703797222222
5           648.5703797222222
6           648.5703797222222
