Information for the currently-owned machines and the machines that may be purchased: if 1, the machine can be purchased, otherwise currently-owned.


1           0.0
2           1.0
3           0.0
4           0.0



item_machine_arc(j, m) - The relationship arc between item j and machine m, i.e., machine m is capable of producing item j if item_machine_arc(j, m) = 1.


1           1           0.0
1           2           0.0
1           3           1.0
1           4           1.0
2           1           1.0
2           2           1.0
2           3           1.0
2           4           1.0
3           1           1.0
3           2           0.0
3           3           1.0
3           4           0.0
4           1           0.0
4           2           1.0
4           3           0.0
4           4           0.0
5           1           0.0
5           2           1.0
5           3           1.0
5           4           0.0
6           1           1.0
6           2           0.0
6           3           1.0
6           4           1.0
7           1           0.0
7           2           0.0
7           3           0.0
7           4           1.0
8           1           0.0
8           2           1.0
8           3           1.0
8           4           1.0



d(j, t) - Gross demand for item j in period t.


1           1           47
1           2           46
1           3           49
1           4           45
1           5           34
1           6           35
2           1           47
2           2           38
2           3           35
2           4           48
2           5           42
2           6           40
3           1           31
3           2           40
3           3           38
3           4           33
3           5           38
3           6           42
4           1           47
4           2           47
4           3           42
4           4           33
4           5           50
4           6           31
5           1           35
5           2           32
5           3           49
5           4           42
5           5           42
5           6           35
6           1           41
6           2           50
6           3           46
6           4           40
6           5           48
6           6           32
7           1           41
7           2           38
7           3           47
7           4           45
7           5           36
7           6           35
8           1           35
8           2           33
8           3           47
8           4           39
8           5           43
8           6           31



pt(j, m) - Time required to produce one unit of item j on machine m. The production time is period-independent.


1           1           1.381
1           2           1.181
1           3           1.368
1           4           1.306
2           1           0.958
2           2           1.294
2           3           1.478
2           4           1.372
3           1           1.076
3           2           0.572
3           3           0.977
3           4           0.908
4           1           0.817
4           2           1.475
4           3           1.243
4           4           0.978
5           1           1.207
5           2           0.893
5           3           1.032
5           4           0.971
6           1           0.586
6           2           0.945
6           3           1.304
6           4           0.934
7           1           1.036
7           2           0.877
7           3           0.647
7           4           1.208
8           1           0.534
8           2           0.984
8           3           1.456
8           4           1.249



pc(j, m) - Variable costs of producing one unit of item j on machine m. The production cost is period-independent.


1           1           9.06
1           2           1.686
1           3           2.358
1           4           4.818
2           1           7.329
2           2           1.579
2           3           2.791
2           4           4.578
3           1           8.672
3           2           2.529
3           3           3.546
3           4           3.915
4           1           4.071
4           2           1.584
4           3           2.859
4           4           5.581
5           1           10.954
5           2           1.522
5           3           2.147
5           4           5.494
6           1           5.166
6           2           1.776
6           3           1.467
6           4           3.245
7           1           5.764
7           2           2.737
7           3           1.555
7           4           2.398
8           1           10.106
8           2           1.071
8           3           1.638
8           4           5.932



pe(j, m) - Production emission for producing one unit of item j on machine m. The production emission is period-independent.


1           1           0.65
1           2           2.203
1           3           2.11
1           4           1.712
2           1           1.186
2           2           1.304
2           3           2.48
2           4           1.285
3           1           0.766
3           2           4.25
3           3           1.364
3           4           1.751
4           1           0.83
4           2           1.813
4           3           3.185
4           4           1.505
5           1           0.751
5           2           3.375
5           3           1.73
5           4           2.15
6           1           0.631
6           2           1.839
6           3           2.43
6           4           1.52
7           1           0.524
7           2           1.601
7           3           2.705
7           4           1.634
8           1           0.852
8           2           4.158
8           3           3.407
8           4           2.096



hc(j) - Inventory-holding costs for one unit of item j for one period.


1           0.106
2           0.21
3           0.228
4           0.14
5           0.114
6           0.249
7           0.149
8           0.202



st(j, m) - Setup times for producing a lot of item j on machine m. The setup times are period-independent.


1           1           87.358
1           2           46.258
1           3           88.662
1           4           69.467
2           1           78.128
2           2           32.577
2           3           39.041
2           4           34.479
3           1           42.837
3           2           46.735
3           3           58.45
3           4           81.656
4           1           75.096
4           2           39.819
4           3           26.275
4           4           48.959
5           1           58.309
5           2           78.335
5           3           81.454
5           4           96.286
6           1           35.498
6           2           47.356
6           3           32.951
6           4           82.535
7           1           51.372
7           2           64.736
7           3           68.795
7           4           58.707
8           1           44.238
8           2           95.517
8           3           48.816
8           4           74.747



se(j, m) - Setup emission for producing a lot of item j on machine m. The setup emission are period-independent.


1           1           27.914
1           2           117.673
1           3           40.681
1           4           69.575
2           1           29.95
2           2           183.75
2           3           99.498
2           4           90.824
3           1           24.793
3           2           185.201
3           3           121.72
3           4           50.434
4           1           43.028
4           2           139.406
4           3           87.575
4           4           87.982
5           1           12.635
5           2           137.77
5           3           107.119
5           4           30.545
6           1           26.766
6           2           54.542
6           3           128.903
6           4           78.482
7           1           16.4
7           2           186.985
7           3           50.559
7           4           62.209
8           1           48.132
8           2           65.386
8           3           118.346
8           4           42.857



sc(j, m) - Setup costs for producing a lot of item j on machine m. The setup costs are period-independent.


1           1           27859.627
1           2           6964.907
1           3           9286.542
1           4           13929.813
2           1           53900.0
2           2           13475.0
2           3           17966.667
2           4           26950.0
3           1           51965.76
3           2           12991.44
3           3           17321.92
3           4           25982.88
4           1           35933.333
4           2           8983.333
4           3           11977.778
4           4           17966.667
5           1           27504.4
5           2           6876.1
5           3           9168.133
5           4           13752.2
6           1           65699.48
6           2           16424.87
6           3           21899.827
6           4           32849.74
7           1           37019.547
7           2           9254.887
7           3           12339.849
7           4           18509.773
8           1           47284.16
8           2           11821.04
8           3           15761.387
8           4           23642.08



bc(m) - Fixed investment cost for machine m.


1           18527.20601465488
2           4168.453152013007
3           4940.180922704518
4           9621.569330588312



ca(m, t) - The available capacity of machine m in period t.


1           1           319.22560898148146
1           2           319.22560898148146
1           3           319.22560898148146
1           4           319.22560898148146
1           5           319.22560898148146
1           6           319.22560898148146
2           1           319.22560898148146
2           2           319.22560898148146
2           3           319.22560898148146
2           4           319.22560898148146
2           5           319.22560898148146
2           6           319.22560898148146
3           1           319.22560898148146
3           2           319.22560898148146
3           3           319.22560898148146
3           4           319.22560898148146
3           5           319.22560898148146
3           6           319.22560898148146
4           1           319.22560898148146
4           2           319.22560898148146
4           3           319.22560898148146
4           4           319.22560898148146
4           5           319.22560898148146
4           6           319.22560898148146



em(t) - The limits of carbon emissions in period t.


1           1491.9680416666667
2           1491.9680416666667
3           1491.9680416666667
4           1491.9680416666667
5           1491.9680416666667
6           1491.9680416666667
