Information for the currently-owned machines and the machines that may be purchased: if 1, the machine can be purchased, otherwise currently-owned.


1           1.0
2           0.0
3           0.0
4           0.0



item_machine_arc(j, m) - The relationship arc between item j and machine m, i.e., machine m is capable of producing item j if item_machine_arc(j, m) = 1.


1           1           1.0
1           2           1.0
1           3           1.0
1           4           0.0
2           1           1.0
2           2           0.0
2           3           0.0
2           4           1.0
3           1           1.0
3           2           1.0
3           3           1.0
3           4           1.0
4           1           0.0
4           2           0.0
4           3           0.0
4           4           1.0
5           1           0.0
5           2           0.0
5           3           1.0
5           4           0.0
6           1           0.0
6           2           0.0
6           3           0.0
6           4           1.0
7           1           0.0
7           2           0.0
7           3           1.0
7           4           0.0
8           1           1.0
8           2           1.0
8           3           1.0
8           4           1.0



d(j, t) - Gross demand for item j in period t.


1           1           49
1           2           46
1           3           30
1           4           33
1           5           34
1           6           36
2           1           45
2           2           32
2           3           47
2           4           33
2           5           45
2           6           44
3           1           47
3           2           49
3           3           32
3           4           48
3           5           32
3           6           50
4           1           44
4           2           43
4           3           50
4           4           31
4           5           45
4           6           38
5           1           47
5           2           47
5           3           49
5           4           48
5           5           49
5           6           50
6           1           38
6           2           42
6           3           34
6           4           40
6           5           42
6           6           44
7           1           49
7           2           36
7           3           50
7           4           33
7           5           40
7           6           43
8           1           38
8           2           47
8           3           43
8           4           46
8           5           47
8           6           35



pt(j, m) - Time required to produce one unit of item j on machine m. The production time is period-independent.


1           1           1.142
1           2           0.804
1           3           1.452
1           4           0.709
2           1           1.069
2           2           0.608
2           3           1.206
2           4           1.147
3           1           1.372
3           2           1.07
3           3           0.729
3           4           1.488
4           1           0.538
4           2           1.255
4           3           0.511
4           4           0.929
5           1           0.797
5           2           0.925
5           3           1.429
5           4           0.535
6           1           0.786
6           2           1.45
6           3           0.907
6           4           1.072
7           1           0.718
7           2           1.08
7           3           0.844
7           4           1.326
8           1           1.388
8           2           1.11
8           3           0.587
8           4           1.033



pc(j, m) - Variable costs of producing one unit of item j on machine m. The production cost is period-independent.


1           1           3.46
1           2           2.591
1           3           1.854
1           4           7.396
2           1           3.059
2           2           2.47
2           3           1.517
2           4           10.513
3           1           3.743
3           2           1.761
3           3           1.97
3           4           11.035
4           1           3.815
4           2           2.747
4           3           2.401
4           4           5.696
5           1           3.482
5           2           3.177
5           3           1.547
5           4           7.566
6           1           4.21
6           2           1.758
6           3           2.616
6           4           4.805
7           1           5.133
7           2           1.453
7           3           2.418
7           4           7.521
8           1           5.46
8           2           3.603
8           3           2.66
8           4           7.233



pe(j, m) - Production emission for producing one unit of item j on machine m. The production emission is period-independent.


1           1           0.165
1           2           0.412
1           3           0.714
1           4           0.222
2           1           0.401
2           2           0.499
2           3           0.788
2           4           0.071
3           1           0.378
3           2           0.727
3           3           0.398
3           4           0.073
4           1           0.199
4           2           0.474
4           3           0.479
4           4           0.231
5           1           0.109
5           2           0.5
5           3           0.402
5           4           0.136
6           1           0.297
6           2           0.572
6           3           0.879
6           4           0.143
7           1           0.413
7           2           0.167
7           3           0.525
7           4           0.175
8           1           0.478
8           2           0.507
8           3           0.252
8           4           0.053



hc(j) - Inventory-holding costs for one unit of item j for one period.


1           0.104
2           0.149
3           0.224
4           0.191
5           0.102
6           0.26
7           0.271
8           0.205



st(j, m) - Setup times for producing a lot of item j on machine m. The setup times are period-independent.


1           1           14.303
1           2           5.431
1           3           8.234
1           4           18.348
2           1           10.451
2           2           8.758
2           3           17.872
2           4           16.586
3           1           17.926
3           2           17.699
3           3           9.041
3           4           9.436
4           1           15.498
4           2           7.202
4           3           6.101
4           4           9.167
5           1           14.125
5           2           12.857
5           3           10.786
5           4           13.278
6           1           19.3
6           2           12.059
6           3           6.143
6           4           9.073
7           1           14.664
7           2           16.208
7           3           12.008
7           4           13.746
8           1           17.389
8           2           13.957
8           3           11.082
8           4           14.573



se(j, m) - Setup emission for producing a lot of item j on machine m. The setup emission are period-independent.


1           1           9.509
1           2           12.005
1           3           28.803
1           4           6.798
2           1           9.232
2           2           24.106
2           3           31.82
2           4           3.01
3           1           16.676
3           2           27.125
3           3           38.458
3           4           6.546
4           1           17.173
4           2           24.837
4           3           30.071
4           4           6.189
5           1           13.596
5           2           28.837
5           3           36.787
5           4           9.113
6           1           13.894
6           2           17.945
6           3           14.197
6           4           9.294
7           1           18.925
7           2           9.365
7           3           26.606
7           4           9.152
8           1           15.984
8           2           20.38
8           3           38.086
8           4           8.57



sc(j, m) - Setup costs for producing a lot of item j on machine m. The setup costs are period-independent.


1           1           11065.6
1           2           7377.067
1           3           5532.8
1           4           22131.2
2           1           17105.2
2           2           11403.467
2           3           8552.6
2           4           34210.4
3           1           26969.6
3           2           17979.733
3           3           13484.8
3           4           53939.2
4           1           22372.467
4           2           14914.978
4           3           11186.233
4           4           44744.933
5           1           13804.0
5           2           9202.667
5           3           6902.0
5           4           27608.0
6           1           29120.0
6           2           19413.333
6           3           14560.0
6           4           58240.0
7           1           31743.133
7           2           21162.089
7           3           15871.567
7           4           63486.267
8           1           24490.667
8           2           16327.111
8           3           12245.333
8           4           48981.333



bc(m) - Fixed investment cost for machine m.


1           747.2647728620318
2           333.04990671246514
3           4373.9175968218515
4           3797.0337874535808



ca(m, t) - The available capacity of machine m in period t.


1           1           212.7372469444444
1           2           212.7372469444444
1           3           212.7372469444444
1           4           212.7372469444444
1           5           212.7372469444444
1           6           212.7372469444444
2           1           212.7372469444444
2           2           212.7372469444444
2           3           212.7372469444444
2           4           212.7372469444444
2           5           212.7372469444444
2           6           212.7372469444444
3           1           212.7372469444444
3           2           212.7372469444444
3           3           212.7372469444444
3           4           212.7372469444444
3           5           212.7372469444444
3           6           212.7372469444444
4           1           212.7372469444444
4           2           212.7372469444444
4           3           212.7372469444444
4           4           212.7372469444444
4           5           212.7372469444444
4           6           212.7372469444444



em(t) - The limits of carbon emissions in period t.


1           286.23896583333334
2           286.23896583333334
3           286.23896583333334
4           286.23896583333334
5           286.23896583333334
6           286.23896583333334
