Information for the currently-owned machines and the machines that may be purchased: if 1, the machine can be purchased, otherwise currently-owned.


1           1.0
2           0.0
3           0.0
4           0.0



item_machine_arc(j, m) - The relationship arc between item j and machine m, i.e., machine m is capable of producing item j if item_machine_arc(j, m) = 1.


1           1           1.0
1           2           1.0
1           3           0.0
1           4           0.0
2           1           1.0
2           2           1.0
2           3           1.0
2           4           1.0
3           1           1.0
3           2           1.0
3           3           1.0
3           4           1.0
4           1           1.0
4           2           0.0
4           3           0.0
4           4           0.0
5           1           1.0
5           2           1.0
5           3           1.0
5           4           1.0
6           1           0.0
6           2           1.0
6           3           1.0
6           4           1.0
7           1           1.0
7           2           1.0
7           3           0.0
7           4           0.0
8           1           1.0
8           2           0.0
8           3           1.0
8           4           1.0



d(j, t) - Gross demand for item j in period t.


1           1           41
1           2           35
1           3           43
1           4           41
1           5           32
1           6           34
2           1           39
2           2           42
2           3           39
2           4           40
2           5           43
2           6           38
3           1           44
3           2           40
3           3           41
3           4           32
3           5           43
3           6           37
4           1           41
4           2           43
4           3           42
4           4           33
4           5           45
4           6           33
5           1           32
5           2           39
5           3           46
5           4           40
5           5           45
5           6           36
6           1           43
6           2           49
6           3           41
6           4           47
6           5           36
6           6           34
7           1           42
7           2           48
7           3           39
7           4           33
7           5           41
7           6           46
8           1           34
8           2           32
8           3           37
8           4           50
8           5           32
8           6           47



pt(j, m) - Time required to produce one unit of item j on machine m. The production time is period-independent.


1           1           1.472
1           2           1.261
1           3           0.689
1           4           1.254
2           1           1.301
2           2           1.174
2           3           0.565
2           4           0.765
3           1           0.849
3           2           1.098
3           3           1.051
3           4           1.006
4           1           1.418
4           2           1.089
4           3           1.424
4           4           1.247
5           1           0.737
5           2           0.884
5           3           0.578
5           4           0.86
6           1           0.983
6           2           0.781
6           3           0.624
6           4           0.989
7           1           1.151
7           2           1.055
7           3           0.851
7           4           0.622
8           1           1.301
8           2           0.968
8           3           0.781
8           4           0.793



pc(j, m) - Variable costs of producing one unit of item j on machine m. The production cost is period-independent.


1           1           2.198
1           2           5.824
1           3           2.343
1           4           2.137
2           1           2.637
2           2           11.047
2           3           2.437
2           4           2.381
3           1           1.891
3           2           7.902
3           3           4.49
3           4           1.787
4           1           1.534
4           2           5.8
4           3           5.797
4           4           1.555
5           1           1.794
5           2           4.588
5           3           3.14
5           4           2.742
6           1           1.293
6           2           11.819
6           3           2.835
6           4           3.957
7           1           1.124
7           2           5.547
7           3           2.076
7           4           3.192
8           1           2.061
8           2           5.623
8           3           5.984
8           4           3.172



pe(j, m) - Production emission for producing one unit of item j on machine m. The production emission is period-independent.


1           1           1.793
1           2           0.963
1           3           0.833
1           4           1.428
2           1           2.973
2           2           0.559
2           3           2.312
2           4           1.65
3           1           1.469
3           2           0.253
3           3           0.53
3           4           2.647
4           1           2.879
4           2           0.622
4           3           0.545
4           4           3.727
5           1           3.292
5           2           0.341
5           3           1.497
5           4           2.154
6           1           4.947
6           2           0.524
6           3           1.208
6           4           3.671
7           1           1.171
7           2           1.113
7           3           1.483
7           4           0.778
8           1           4.729
8           2           0.759
8           3           1.738
8           4           1.822



hc(j) - Inventory-holding costs for one unit of item j for one period.


1           0.202
2           0.159
3           0.213
4           0.111
5           0.119
6           0.22
7           0.252
8           0.233



st(j, m) - Setup times for producing a lot of item j on machine m. The setup times are period-independent.


1           1           63.318
1           2           77.807
1           3           90.01
1           4           39.558
2           1           55.8
2           2           58.206
2           3           56.583
2           4           30.829
3           1           93.837
3           2           94.566
3           3           37.663
3           4           54.822
4           1           88.896
4           2           71.98
4           3           59.411
4           4           65.555
5           1           33.498
5           2           62.435
5           3           81.476
5           4           40.893
6           1           50.495
6           2           59.819
6           3           46.051
6           4           45.264
7           1           28.555
7           2           37.236
7           3           64.504
7           4           65.493
8           1           64.017
8           2           36.634
8           3           77.725
8           4           94.9



se(j, m) - Setup emission for producing a lot of item j on machine m. The setup emission are period-independent.


1           1           38.096
1           2           2.759
1           3           6.305
1           4           18.01
2           1           19.741
2           2           8.346
2           3           16.261
2           4           9.333
3           1           24.478
3           2           4.82
3           3           11.842
3           4           21.974
4           1           22.631
4           2           7.332
4           3           12.828
4           4           21.417
5           1           14.37
5           2           8.885
5           3           19.241
5           4           11.094
6           1           37.71
6           2           8.02
6           3           18.197
6           4           16.74
7           1           30.307
7           2           3.088
7           3           17.212
7           4           14.54
8           1           36.824
8           2           8.539
8           3           8.48
8           4           23.326



sc(j, m) - Setup costs for producing a lot of item j on machine m. The setup costs are period-independent.


1           1           11717.347
1           2           46869.387
1           3           23434.693
1           4           15623.129
2           1           9835.21
2           2           39340.84
2           3           19670.42
2           4           13113.613
3           1           12956.79
3           2           51827.16
3           3           25913.58
3           4           17275.72
4           1           6752.13
4           2           27008.52
4           3           13504.26
4           4           9002.84
5           1           7269.313
5           2           29077.253
5           3           14538.627
5           4           9692.418
6           1           14116.667
6           2           56466.667
6           3           28233.333
6           4           18822.222
7           1           16105.32
7           2           64421.28
7           3           32210.64
7           4           21473.76
8           1           13874.373
8           2           55497.493
8           3           27748.747
8           4           18499.164



bc(m) - Fixed investment cost for machine m.


1           2593.2958846658016
2           938.8449635560892
3           9399.768389258086
4           3789.2485345241575



ca(m, t) - The available capacity of machine m in period t.


1           1           297.7477137962963
1           2           297.7477137962963
1           3           297.7477137962963
1           4           297.7477137962963
1           5           297.7477137962963
1           6           297.7477137962963
2           1           297.7477137962963
2           2           297.7477137962963
2           3           297.7477137962963
2           4           297.7477137962963
2           5           297.7477137962963
2           6           297.7477137962963
3           1           297.7477137962963
3           2           297.7477137962963
3           3           297.7477137962963
3           4           297.7477137962963
3           5           297.7477137962963
3           6           297.7477137962963
4           1           297.7477137962963
4           2           297.7477137962963
4           3           297.7477137962963
4           4           297.7477137962963
4           5           297.7477137962963
4           6           297.7477137962963



em(t) - The limits of carbon emissions in period t.


1           1017.2203066666666
2           1017.2203066666666
3           1017.2203066666666
4           1017.2203066666666
5           1017.2203066666666
6           1017.2203066666666
