Information for the currently-owned machines and the machines that may be purchased: if 1, the machine can be purchased, otherwise currently-owned.


1           0.0
2           1.0
3           0.0
4           0.0



item_machine_arc(j, m) - The relationship arc between item j and machine m, i.e., machine m is capable of producing item j if item_machine_arc(j, m) = 1.


1           1           1.0
1           2           1.0
1           3           1.0
1           4           1.0
2           1           1.0
2           2           0.0
2           3           0.0
2           4           1.0
3           1           1.0
3           2           1.0
3           3           0.0
3           4           1.0
4           1           0.0
4           2           0.0
4           3           0.0
4           4           1.0
5           1           1.0
5           2           1.0
5           3           1.0
5           4           1.0
6           1           1.0
6           2           1.0
6           3           1.0
6           4           0.0
7           1           1.0
7           2           1.0
7           3           1.0
7           4           1.0
8           1           0.0
8           2           0.0
8           3           1.0
8           4           0.0



d(j, t) - Gross demand for item j in period t.


1           1           33
1           2           33
1           3           44
1           4           43
1           5           41
1           6           33
2           1           35
2           2           48
2           3           45
2           4           36
2           5           46
2           6           30
3           1           35
3           2           34
3           3           43
3           4           45
3           5           36
3           6           32
4           1           33
4           2           45
4           3           34
4           4           37
4           5           46
4           6           43
5           1           36
5           2           36
5           3           41
5           4           50
5           5           35
5           6           46
6           1           49
6           2           32
6           3           44
6           4           32
6           5           30
6           6           47
7           1           43
7           2           48
7           3           38
7           4           38
7           5           34
7           6           45
8           1           31
8           2           43
8           3           43
8           4           43
8           5           44
8           6           42



pt(j, m) - Time required to produce one unit of item j on machine m. The production time is period-independent.


1           1           1.34
1           2           0.622
1           3           0.794
1           4           0.647
2           1           1.09
2           2           0.871
2           3           1.424
2           4           1.307
3           1           1.436
3           2           1.474
3           3           0.7
3           4           0.792
4           1           1.057
4           2           1.111
4           3           1.049
4           4           1.295
5           1           1.499
5           2           0.806
5           3           0.844
5           4           1.359
6           1           0.598
6           2           1.01
6           3           1.423
6           4           0.583
7           1           1.005
7           2           1.372
7           3           1.441
7           4           0.748
8           1           0.907
8           2           1.299
8           3           0.953
8           4           0.89



pc(j, m) - Variable costs of producing one unit of item j on machine m. The production cost is period-independent.


1           1           1.58
1           2           1.481
1           3           4.582
1           4           5.411
2           1           1.821
2           2           3.5
2           3           5.966
2           4           10.651
3           1           2.706
3           2           2.233
3           3           4.638
3           4           8.383
4           1           1.498
4           2           1.857
4           3           4.793
4           4           8.154
5           1           1.047
5           2           2.725
5           3           3.958
5           4           5.993
6           1           2.385
6           2           1.919
6           3           5.669
6           4           8.419
7           1           2.26
7           2           2.378
7           3           5.241
7           4           5.9
8           1           1.7
8           2           1.584
8           3           2.307
8           4           9.962



pe(j, m) - Production emission for producing one unit of item j on machine m. The production emission is period-independent.


1           1           0.222
1           2           0.666
1           3           0.402
1           4           0.217
2           1           0.719
2           2           0.242
2           3           0.283
2           4           0.1
3           1           0.503
3           2           0.407
3           3           0.126
3           4           0.129
4           1           0.938
4           2           0.423
4           3           0.141
4           4           0.165
5           1           0.77
5           2           0.646
5           3           0.186
5           4           0.225
6           1           0.364
6           2           0.327
6           3           0.424
6           4           0.186
7           1           0.739
7           2           0.375
7           3           0.322
7           4           0.231
8           1           0.42
8           2           0.348
8           3           0.228
8           4           0.059



hc(j) - Inventory-holding costs for one unit of item j for one period.


1           0.238
2           0.152
3           0.139
4           0.116
5           0.114
6           0.265
7           0.201
8           0.283



st(j, m) - Setup times for producing a lot of item j on machine m. The setup times are period-independent.


1           1           17.157
1           2           12.414
1           3           19.154
1           4           11.057
2           1           11.948
2           2           16.277
2           3           12.642
2           4           14.266
3           1           6.399
3           2           19.244
3           3           7.062
3           4           13.686
4           1           9.805
4           2           12.008
4           3           18.684
4           4           6.022
5           1           14.63
5           2           13.953
5           3           13.671
5           4           5.051
6           1           19.463
6           2           16.803
6           3           6.299
6           4           16.623
7           1           18.15
7           2           15.887
7           3           18.083
7           4           8.115
8           1           9.922
8           2           14.825
8           3           16.015
8           4           13.175



se(j, m) - Setup emission for producing a lot of item j on machine m. The setup emission are period-independent.


1           1           63.737
1           2           127.602
1           3           52.891
1           4           48.623
2           1           123.291
2           2           88.977
2           3           74.937
2           4           18.652
3           1           57.966
3           2           38.045
3           3           97.556
3           4           20.788
4           1           125.622
4           2           43.613
4           3           52.037
4           4           29.702
5           1           104.274
5           2           94.407
5           3           55.861
5           4           20.079
6           1           69.975
6           2           88.964
6           3           38.638
6           4           25.304
7           1           72.047
7           2           145.024
7           3           65.185
7           4           30.478
8           1           197.817
8           2           110.719
8           3           93.535
8           4           43.603



sc(j, m) - Setup costs for producing a lot of item j on machine m. The setup costs are period-independent.


1           1           13866.673
1           2           18488.898
1           3           27733.347
1           4           55466.693
2           1           9363.2
2           2           12484.267
2           3           18726.4
2           4           37452.8
3           1           8027.25
3           2           10703.0
3           3           16054.5
3           4           32109.0
4           1           7086.053
4           2           9448.071
4           3           14172.107
4           4           28344.213
5           1           7139.44
5           2           9519.253
5           3           14278.88
5           4           28557.76
6           1           15915.9
6           2           21221.2
6           3           31831.8
6           4           63663.6
7           1           12691.14
7           2           16921.52
7           3           25382.28
7           4           50764.56
8           1           17868.62
8           2           23824.827
8           3           35737.24
8           4           71474.48



bc(m) - Fixed investment cost for machine m.


1           2713.3744686547707
2           1987.722662428877
3           4974.770439604593
4           19816.71091366021



ca(m, t) - The available capacity of machine m in period t.


1           1           205.85443083333334
1           2           205.85443083333334
1           3           205.85443083333334
1           4           205.85443083333334
1           5           205.85443083333334
1           6           205.85443083333334
2           1           205.85443083333334
2           2           205.85443083333334
2           3           205.85443083333334
2           4           205.85443083333334
2           5           205.85443083333334
2           6           205.85443083333334
3           1           205.85443083333334
3           2           205.85443083333334
3           3           205.85443083333334
3           4           205.85443083333334
3           5           205.85443083333334
3           6           205.85443083333334
4           1           205.85443083333334
4           2           205.85443083333334
4           3           205.85443083333334
4           4           205.85443083333334
4           5           205.85443083333334
4           6           205.85443083333334



em(t) - The limits of carbon emissions in period t.


1           516.8753916666667
2           516.8753916666667
3           516.8753916666667
4           516.8753916666667
5           516.8753916666667
6           516.8753916666667
