Information for the currently-owned machines and the machines that may be purchased: if 1, the machine can be purchased, otherwise currently-owned.


1           1.0
2           0.0
3           0.0
4           0.0



item_machine_arc(j, m) - The relationship arc between item j and machine m, i.e., machine m is capable of producing item j if item_machine_arc(j, m) = 1.


1           1           1.0
1           2           0.0
1           3           1.0
1           4           0.0
2           1           1.0
2           2           1.0
2           3           0.0
2           4           1.0
3           1           1.0
3           2           1.0
3           3           0.0
3           4           1.0
4           1           1.0
4           2           1.0
4           3           1.0
4           4           0.0
5           1           1.0
5           2           1.0
5           3           1.0
5           4           1.0
6           1           1.0
6           2           1.0
6           3           1.0
6           4           1.0
7           1           0.0
7           2           1.0
7           3           1.0
7           4           1.0
8           1           0.0
8           2           0.0
8           3           1.0
8           4           0.0



d(j, t) - Gross demand for item j in period t.


1           1           45
1           2           43
1           3           36
1           4           41
1           5           36
1           6           36
2           1           33
2           2           47
2           3           47
2           4           30
2           5           40
2           6           48
3           1           46
3           2           30
3           3           43
3           4           45
3           5           43
3           6           35
4           1           36
4           2           40
4           3           47
4           4           36
4           5           44
4           6           41
5           1           37
5           2           35
5           3           36
5           4           50
5           5           43
5           6           30
6           1           47
6           2           40
6           3           47
6           4           43
6           5           41
6           6           44
7           1           41
7           2           33
7           3           46
7           4           45
7           5           30
7           6           43
8           1           41
8           2           46
8           3           31
8           4           41
8           5           47
8           6           46



pt(j, m) - Time required to produce one unit of item j on machine m. The production time is period-independent.


1           1           0.82
1           2           0.702
1           3           0.77
1           4           0.566
2           1           0.542
2           2           0.652
2           3           1.367
2           4           0.897
3           1           1.028
3           2           1.422
3           3           1.455
3           4           1.03
4           1           0.913
4           2           1.085
4           3           0.697
4           4           0.969
5           1           0.713
5           2           1.0
5           3           0.927
5           4           1.085
6           1           1.485
6           2           0.892
6           3           1.414
6           4           1.002
7           1           0.512
7           2           1.408
7           3           1.17
7           4           0.979
8           1           0.671
8           2           0.717
8           3           0.602
8           4           1.014



pc(j, m) - Variable costs of producing one unit of item j on machine m. The production cost is period-independent.


1           1           4.55
1           2           3.033
1           3           4.996
1           4           2.109
2           1           4.236
2           2           1.767
2           3           9.052
2           4           1.728
3           1           5.108
3           2           2.565
3           3           5.706
3           4           2.107
4           1           2.475
4           2           3.836
4           3           4.085
4           4           2.57
5           1           2.896
5           2           3.821
5           3           4.215
5           4           2.674
6           1           3.595
6           2           1.897
6           3           11.659
6           4           2.198
7           1           5.874
7           2           1.843
7           3           6.739
7           4           1.187
8           1           2.645
8           2           2.637
8           3           11.158
8           4           2.78



pe(j, m) - Production emission for producing one unit of item j on machine m. The production emission is period-independent.


1           1           0.208
1           2           0.195
1           3           0.055
1           4           0.357
2           1           0.448
2           2           0.686
2           3           0.123
2           4           0.534
3           1           0.341
3           2           0.338
3           3           0.077
3           4           0.892
4           1           0.356
4           2           0.538
4           3           0.076
4           4           0.335
5           1           0.216
5           2           0.369
5           3           0.073
5           4           0.647
6           1           0.179
6           2           0.225
6           3           0.183
6           4           0.6
7           1           0.288
7           2           0.343
7           3           0.203
7           4           0.439
8           1           0.252
8           2           0.496
8           3           0.113
8           4           0.536



hc(j) - Inventory-holding costs for one unit of item j for one period.


1           0.153
2           0.289
3           0.241
4           0.15
5           0.261
6           0.243
7           0.156
8           0.238



st(j, m) - Setup times for producing a lot of item j on machine m. The setup times are period-independent.


1           1           51.646
1           2           57.487
1           3           41.193
1           4           79.308
2           1           43.566
2           2           64.215
2           3           37.862
2           4           99.064
3           1           79.286
3           2           38.422
3           3           49.511
3           4           41.421
4           1           45.165
4           2           44.875
4           3           77.565
4           4           50.652
5           1           86.709
5           2           37.384
5           3           92.391
5           4           86.674
6           1           49.408
6           2           43.041
6           3           87.611
6           4           67.918
7           1           50.801
7           2           56.156
7           3           32.139
7           4           53.182
8           1           63.518
8           2           63.773
8           3           37.274
8           4           40.631



se(j, m) - Setup emission for producing a lot of item j on machine m. The setup emission are period-independent.


1           1           75.554
1           2           38.708
1           3           19.821
1           4           182.429
2           1           53.419
2           2           79.71
2           3           47.236
2           4           144.928
3           1           46.119
3           2           128.996
3           3           32.457
3           4           189.914
4           1           40.014
4           2           144.018
4           3           35.143
4           4           117.661
5           1           61.316
5           2           59.294
5           3           49.664
5           4           54.455
6           1           72.424
6           2           125.1
6           3           35.02
6           4           199.115
7           1           63.621
7           2           111.48
7           3           21.928
7           4           104.177
8           1           81.454
8           2           92.592
8           3           37.896
8           4           93.137



sc(j, m) - Setup costs for producing a lot of item j on machine m. The setup costs are period-independent.


1           1           18613.98
1           2           12409.32
1           3           37227.96
1           4           9306.99
2           1           36346.567
2           2           24231.044
2           3           72693.133
2           4           18173.283
3           1           29938.627
3           2           19959.084
3           3           59877.253
3           4           14969.313
4           1           18788.0
4           2           12525.333
4           3           37576.0
4           4           9394.0
5           1           30949.38
5           2           20632.92
5           3           61898.76
5           4           15474.69
6           1           32681.88
6           2           21787.92
6           3           65363.76
6           4           16340.94
7           1           19059.04
7           2           12706.027
7           3           38118.08
7           4           9529.52
8           1           30787.68
8           2           20525.12
8           3           61575.36
8           4           15393.84



bc(m) - Fixed investment cost for machine m.


1           3651.9339198205016
2           3460.266855501118
3           8304.019626152593
4           534.9345129655042



ca(m, t) - The available capacity of machine m in period t.


1           1           245.8971472222222
1           2           245.8971472222222
1           3           245.8971472222222
1           4           245.8971472222222
1           5           245.8971472222222
1           6           245.8971472222222
2           1           245.8971472222222
2           2           245.8971472222222
2           3           245.8971472222222
2           4           245.8971472222222
2           5           245.8971472222222
2           6           245.8971472222222
3           1           245.8971472222222
3           2           245.8971472222222
3           3           245.8971472222222
3           4           245.8971472222222
3           5           245.8971472222222
3           6           245.8971472222222
4           1           245.8971472222222
4           2           245.8971472222222
4           3           245.8971472222222
4           4           245.8971472222222
4           5           245.8971472222222
4           6           245.8971472222222



em(t) - The limits of carbon emissions in period t.


1           579.0458916666666
2           579.0458916666666
3           579.0458916666666
4           579.0458916666666
5           579.0458916666666
6           579.0458916666666
