Information for the currently-owned machines and the machines that may be purchased: if 1, the machine can be purchased, otherwise currently-owned.


1           1.0
2           0.0
3           0.0
4           0.0



item_machine_arc(j, m) - The relationship arc between item j and machine m, i.e., machine m is capable of producing item j if item_machine_arc(j, m) = 1.


1           1           0.0
1           2           0.0
1           3           1.0
1           4           1.0
2           1           1.0
2           2           1.0
2           3           1.0
2           4           1.0
3           1           0.0
3           2           0.0
3           3           0.0
3           4           1.0
4           1           1.0
4           2           0.0
4           3           0.0
4           4           0.0
5           1           1.0
5           2           0.0
5           3           0.0
5           4           1.0
6           1           1.0
6           2           1.0
6           3           0.0
6           4           0.0
7           1           0.0
7           2           1.0
7           3           1.0
7           4           0.0
8           1           1.0
8           2           1.0
8           3           1.0
8           4           1.0



d(j, t) - Gross demand for item j in period t.


1           1           38
1           2           40
1           3           30
1           4           40
1           5           37
1           6           43
2           1           44
2           2           30
2           3           49
2           4           44
2           5           40
2           6           50
3           1           41
3           2           46
3           3           38
3           4           42
3           5           50
3           6           50
4           1           48
4           2           30
4           3           42
4           4           35
4           5           32
4           6           30
5           1           40
5           2           34
5           3           36
5           4           31
5           5           39
5           6           39
6           1           41
6           2           50
6           3           46
6           4           30
6           5           37
6           6           37
7           1           36
7           2           31
7           3           46
7           4           38
7           5           44
7           6           34
8           1           38
8           2           42
8           3           50
8           4           37
8           5           46
8           6           34



pt(j, m) - Time required to produce one unit of item j on machine m. The production time is period-independent.


1           1           1.331
1           2           1.481
1           3           0.71
1           4           1.257
2           1           0.602
2           2           0.842
2           3           1.043
2           4           1.309
3           1           1.139
3           2           1.053
3           3           0.587
3           4           0.864
4           1           0.871
4           2           0.89
4           3           0.638
4           4           1.08
5           1           1.206
5           2           0.981
5           3           0.98
5           4           0.564
6           1           0.997
6           2           1.099
6           3           1.185
6           4           0.758
7           1           1.314
7           2           0.631
7           3           1.18
7           4           1.019
8           1           0.823
8           2           0.738
8           3           0.706
8           4           0.583



pc(j, m) - Variable costs of producing one unit of item j on machine m. The production cost is period-independent.


1           1           1.124
1           2           2.072
1           3           4.905
1           4           4.683
2           1           1.327
2           2           2.6
2           3           5.52
2           4           11.239
3           1           2.351
3           2           1.422
3           3           5.17
3           4           5.817
4           1           1.602
4           2           3.934
4           3           2.305
4           4           4.465
5           1           2.071
5           2           2.896
5           3           2.023
5           4           5.612
6           1           2.51
6           2           3.336
6           3           3.273
6           4           8.16
7           1           1.778
7           2           2.078
7           3           3.157
7           4           11.762
8           1           1.348
8           2           1.578
8           3           5.966
8           4           6.807



pe(j, m) - Production emission for producing one unit of item j on machine m. The production emission is period-independent.


1           1           4.334
1           2           0.817
1           3           1.611
1           4           0.383
2           1           1.138
2           2           1.729
2           3           1.11
2           4           1.162
3           1           4.9
3           2           3.607
3           3           0.621
3           4           0.573
4           1           2.038
4           2           3.012
4           3           2.455
4           4           0.912
5           1           4.081
5           2           0.881
5           3           2.186
5           4           0.733
6           1           4.64
6           2           2.19
6           3           0.948
6           4           0.913
7           1           4.746
7           2           3.335
7           3           1.262
7           4           0.604
8           1           4.092
8           2           1.69
8           3           1.011
8           4           0.579



hc(j) - Inventory-holding costs for one unit of item j for one period.


1           0.116
2           0.299
3           0.204
4           0.179
5           0.116
6           0.133
7           0.14
8           0.263



st(j, m) - Setup times for producing a lot of item j on machine m. The setup times are period-independent.


1           1           97.561
1           2           87.767
1           3           61.985
1           4           85.703
2           1           68.634
2           2           37.466
2           3           63.53
2           4           80.814
3           1           77.087
3           2           54.602
3           3           48.936
3           4           94.123
4           1           40.728
4           2           91.921
4           3           81.262
4           4           34.703
5           1           46.696
5           2           42.578
5           3           50.875
5           4           33.98
6           1           81.45
6           2           36.399
6           3           73.433
6           4           87.082
7           1           56.584
7           2           95.946
7           3           92.163
7           4           29.128
8           1           64.792
8           2           33.19
8           3           27.066
8           4           26.671



se(j, m) - Setup emission for producing a lot of item j on machine m. The setup emission are period-independent.


1           1           39.971
1           2           27.309
1           3           7.122
1           4           8.356
2           1           36.661
2           2           18.234
2           3           13.269
2           4           3.715
3           1           28.589
3           2           23.841
3           3           6.045
3           4           3.092
4           1           18.979
4           2           24.155
4           3           17.011
4           4           3.118
5           1           37.834
5           2           25.272
5           3           17.466
5           4           8.085
6           1           38.948
6           2           12.235
6           3           5.288
6           4           3.26
7           1           35.217
7           2           23.968
7           3           12.028
7           4           7.008
8           1           16.763
8           2           18.712
8           3           18.911
8           4           2.75



sc(j, m) - Setup costs for producing a lot of item j on machine m. The setup costs are period-independent.


1           1           6171.2
1           2           8228.267
1           3           12342.4
1           4           24684.8
2           1           17930.033
2           2           23906.711
2           3           35860.067
2           4           71720.133
3           1           12709.2
3           2           16945.6
3           3           25418.4
3           4           50836.8
4           1           9063.367
4           2           12084.489
4           3           18126.733
4           4           36253.467
5           1           5927.6
5           2           7903.467
5           3           11855.2
5           4           23710.4
6           1           7479.033
6           2           9972.044
6           3           14958.067
6           4           29916.133
7           1           7480.667
7           2           9974.222
7           3           14961.333
7           4           29922.667
8           1           15157.567
8           2           20210.089
8           3           30315.133
8           4           60630.267



bc(m) - Fixed investment cost for machine m.


1           1372.6783629417644
2           3008.561410759703
3           4424.436064280476
4           5277.0570731478065



ca(m, t) - The available capacity of machine m in period t.


1           1           250.84999722222216
1           2           250.84999722222216
1           3           250.84999722222216
1           4           250.84999722222216
1           5           250.84999722222216
1           6           250.84999722222216
2           1           250.84999722222216
2           2           250.84999722222216
2           3           250.84999722222216
2           4           250.84999722222216
2           5           250.84999722222216
2           6           250.84999722222216
3           1           250.84999722222216
3           2           250.84999722222216
3           3           250.84999722222216
3           4           250.84999722222216
3           5           250.84999722222216
3           6           250.84999722222216
4           1           250.84999722222216
4           2           250.84999722222216
4           3           250.84999722222216
4           4           250.84999722222216
4           5           250.84999722222216
4           6           250.84999722222216



em(t) - The limits of carbon emissions in period t.


1           903.0694166666666
2           903.0694166666666
3           903.0694166666666
4           903.0694166666666
5           903.0694166666666
6           903.0694166666666
