Information for the currently-owned machines and the machines that may be purchased: if 1, the machine can be purchased, otherwise currently-owned.


1           1.0
2           0.0
3           0.0
4           0.0



item_machine_arc(j, m) - The relationship arc between item j and machine m, i.e., machine m is capable of producing item j if item_machine_arc(j, m) = 1.


1           1           0.0
1           2           0.0
1           3           0.0
1           4           1.0
2           1           0.0
2           2           1.0
2           3           1.0
2           4           1.0
3           1           1.0
3           2           1.0
3           3           1.0
3           4           1.0
4           1           1.0
4           2           0.0
4           3           0.0
4           4           0.0
5           1           1.0
5           2           1.0
5           3           0.0
5           4           1.0
6           1           1.0
6           2           1.0
6           3           1.0
6           4           0.0
7           1           1.0
7           2           1.0
7           3           1.0
7           4           1.0
8           1           1.0
8           2           1.0
8           3           1.0
8           4           1.0



d(j, t) - Gross demand for item j in period t.


1           1           47
1           2           46
1           3           47
1           4           37
1           5           48
1           6           32
2           1           36
2           2           35
2           3           31
2           4           40
2           5           41
2           6           37
3           1           47
3           2           33
3           3           33
3           4           30
3           5           40
3           6           38
4           1           31
4           2           34
4           3           49
4           4           30
4           5           50
4           6           31
5           1           43
5           2           42
5           3           35
5           4           49
5           5           31
5           6           37
6           1           38
6           2           47
6           3           45
6           4           35
6           5           39
6           6           42
7           1           39
7           2           38
7           3           46
7           4           32
7           5           35
7           6           50
8           1           36
8           2           37
8           3           45
8           4           31
8           5           43
8           6           48



pt(j, m) - Time required to produce one unit of item j on machine m. The production time is period-independent.


1           1           1.187
1           2           1.42
1           3           0.986
1           4           1.117
2           1           0.647
2           2           0.859
2           3           0.613
2           4           1.142
3           1           0.564
3           2           0.935
3           3           0.665
3           4           1.365
4           1           1.463
4           2           1.005
4           3           0.823
4           4           0.985
5           1           1.307
5           2           1.366
5           3           1.479
5           4           1.462
6           1           1.016
6           2           0.801
6           3           1.094
6           4           1.171
7           1           0.833
7           2           0.731
7           3           1.437
7           4           0.688
8           1           1.148
8           2           0.638
8           3           1.194
8           4           1.324



pc(j, m) - Variable costs of producing one unit of item j on machine m. The production cost is period-independent.


1           1           1.432
1           2           5.583
1           3           2.738
1           4           5.24
2           1           1.615
2           2           5.993
2           3           2.132
2           4           5.168
3           1           1.147
3           2           7.178
3           3           1.509
3           4           4.566
4           1           2.065
4           2           10.963
4           3           2.477
4           4           4.852
5           1           1.821
5           2           8.782
5           3           3.965
5           4           5.726
6           1           1.433
6           2           11.381
6           3           3.048
6           4           3.656
7           1           2.194
7           2           6.185
7           3           3.181
7           4           2.885
8           1           2.452
8           2           6.323
8           3           1.649
8           4           3.426



pe(j, m) - Production emission for producing one unit of item j on machine m. The production emission is period-independent.


1           1           0.565
1           2           0.152
1           3           0.668
1           4           0.288
2           1           0.904
2           2           0.247
2           3           0.518
2           4           0.109
3           1           0.491
3           2           0.098
3           3           0.714
3           4           0.41
4           1           0.74
4           2           0.248
4           3           0.713
4           4           0.318
5           1           0.778
5           2           0.098
5           3           0.364
5           4           0.352
6           1           0.637
6           2           0.17
6           3           0.416
6           4           0.221
7           1           0.443
7           2           0.215
7           3           0.572
7           4           0.272
8           1           0.401
8           2           0.076
8           3           0.338
8           4           0.329



hc(j) - Inventory-holding costs for one unit of item j for one period.


1           0.177
2           0.109
3           0.178
4           0.134
5           0.217
6           0.184
7           0.275
8           0.122



st(j, m) - Setup times for producing a lot of item j on machine m. The setup times are period-independent.


1           1           5.096
1           2           8.84
1           3           8.427
1           4           11.895
2           1           12.379
2           2           10.449
2           3           7.731
2           4           19.971
3           1           13.086
3           2           18.33
3           3           14.337
3           4           5.039
4           1           13.744
4           2           8.327
4           3           13.378
4           4           18.218
5           1           18.637
5           2           9.757
5           3           15.305
5           4           16.229
6           1           12.024
6           2           15.768
6           3           7.92
6           4           13.972
7           1           12.406
7           2           14.862
7           3           13.838
7           4           19.159
8           1           17.806
8           2           18.396
8           3           19.819
8           4           16.494



se(j, m) - Setup emission for producing a lot of item j on machine m. The setup emission are period-independent.


1           1           35.952
1           2           5.001
1           3           9.766
1           4           5.963
2           1           36.247
2           2           4.624
2           3           17.959
2           4           16.415
3           1           10.224
3           2           3.867
3           3           20.72
3           4           16.653
4           1           16.159
4           2           8.127
4           3           19.214
4           4           9.568
5           1           15.436
5           2           9.729
5           3           12.51
5           4           8.653
6           1           28.613
6           2           9.371
6           3           10.268
6           4           8.148
7           1           15.538
7           2           5.605
7           3           18.132
7           4           11.37
8           1           28.071
8           2           9.145
8           3           13.536
8           4           14.446



sc(j, m) - Setup costs for producing a lot of item j on machine m. The setup costs are period-independent.


1           1           10614.1
1           2           42456.4
1           3           14152.133
1           4           21228.2
2           1           5595.333
2           2           22381.333
2           3           7460.444
2           4           11190.667
3           1           9178.867
3           2           36715.467
3           3           12238.489
3           4           18357.733
4           1           7035.0
4           2           28140.0
4           3           9380.0
4           4           14070.0
5           1           12000.1
5           2           48000.4
5           3           16000.133
5           4           24000.2
6           1           10561.6
6           2           42246.4
6           3           14082.133
6           4           21123.2
7           1           15400.0
7           2           61600.0
7           3           20533.333
7           4           30800.0
8           1           6832.0
8           2           27328.0
8           3           9109.333
8           4           13664.0



bc(m) - Fixed investment cost for machine m.


1           3951.294044034334
2           1501.6123807961735
3           310.36618825212764
4           1005.3659293113415



ca(m, t) - The available capacity of machine m in period t.


1           1           203.7029510185185
1           2           203.7029510185185
1           3           203.7029510185185
1           4           203.7029510185185
1           5           203.7029510185185
1           6           203.7029510185185
2           1           203.7029510185185
2           2           203.7029510185185
2           3           203.7029510185185
2           4           203.7029510185185
2           5           203.7029510185185
2           6           203.7029510185185
3           1           203.7029510185185
3           2           203.7029510185185
3           3           203.7029510185185
3           4           203.7029510185185
3           5           203.7029510185185
3           6           203.7029510185185
4           1           203.7029510185185
4           2           203.7029510185185
4           3           203.7029510185185
4           4           203.7029510185185
4           5           203.7029510185185
4           6           203.7029510185185



em(t) - The limits of carbon emissions in period t.


1           249.2524611111111
2           249.2524611111111
3           249.2524611111111
4           249.2524611111111
5           249.2524611111111
6           249.2524611111111
