Information for the currently-owned machines and the machines that may be purchased: if 1, the machine can be purchased, otherwise currently-owned.


1           1.0
2           0.0
3           0.0
4           0.0



item_machine_arc(j, m) - The relationship arc between item j and machine m, i.e., machine m is capable of producing item j if item_machine_arc(j, m) = 1.


1           1           0.0
1           2           1.0
1           3           0.0
1           4           0.0
2           1           1.0
2           2           1.0
2           3           1.0
2           4           1.0
3           1           0.0
3           2           1.0
3           3           0.0
3           4           1.0
4           1           1.0
4           2           1.0
4           3           0.0
4           4           1.0
5           1           0.0
5           2           1.0
5           3           0.0
5           4           0.0
6           1           0.0
6           2           0.0
6           3           0.0
6           4           1.0
7           1           1.0
7           2           1.0
7           3           0.0
7           4           1.0
8           1           1.0
8           2           1.0
8           3           1.0
8           4           0.0



d(j, t) - Gross demand for item j in period t.


1           1           40
1           2           34
1           3           40
1           4           41
1           5           46
1           6           33
2           1           49
2           2           38
2           3           35
2           4           38
2           5           47
2           6           34
3           1           41
3           2           46
3           3           40
3           4           38
3           5           37
3           6           45
4           1           42
4           2           37
4           3           50
4           4           44
4           5           40
4           6           43
5           1           39
5           2           50
5           3           40
5           4           47
5           5           37
5           6           41
6           1           32
6           2           38
6           3           48
6           4           32
6           5           45
6           6           44
7           1           41
7           2           35
7           3           31
7           4           32
7           5           47
7           6           42
8           1           40
8           2           39
8           3           47
8           4           33
8           5           40
8           6           31



pt(j, m) - Time required to produce one unit of item j on machine m. The production time is period-independent.


1           1           1.158
1           2           0.826
1           3           0.579
1           4           1.102
2           1           1.085
2           2           0.789
2           3           1.067
2           4           1.229
3           1           1.106
3           2           1.133
3           3           0.704
3           4           0.721
4           1           1.397
4           2           0.698
4           3           0.998
4           4           1.057
5           1           1.114
5           2           0.968
5           3           1.211
5           4           0.644
6           1           1.095
6           2           1.009
6           3           0.749
6           4           1.378
7           1           1.266
7           2           1.355
7           3           1.227
7           4           0.733
8           1           1.141
8           2           0.799
8           3           0.663
8           4           1.208



pc(j, m) - Variable costs of producing one unit of item j on machine m. The production cost is period-independent.


1           1           2.873
1           2           4.616
1           3           1.817
1           4           10.322
2           1           1.816
2           2           3.316
2           3           3.797
2           4           8.3
3           1           1.303
3           2           2.597
3           3           3.246
3           4           10.295
4           1           1.738
4           2           3.596
4           3           2.585
4           4           4.911
5           1           1.268
5           2           3.049
5           3           1.697
5           4           11.456
6           1           1.541
6           2           4.849
6           3           3.198
6           4           9.473
7           1           2.057
7           2           4.656
7           3           2.566
7           4           10.076
8           1           2.049
8           2           5.314
8           3           1.91
8           4           4.36



pe(j, m) - Production emission for producing one unit of item j on machine m. The production emission is period-independent.


1           1           4.559
1           2           1.965
1           3           1.896
1           4           1.095
2           1           4.339
2           2           1.306
2           3           3.056
2           4           0.902
3           1           2.115
3           2           1.644
3           3           2.271
3           4           0.486
4           1           3.828
4           2           1.226
4           3           0.95
4           4           0.702
5           1           2.83
5           2           2.275
5           3           1.169
5           4           1.215
6           1           2.602
6           2           1.682
6           3           2.408
6           4           0.305
7           1           2.368
7           2           1.216
7           3           0.869
7           4           0.779
8           1           1.247
8           2           1.354
8           3           2.499
8           4           0.424



hc(j) - Inventory-holding costs for one unit of item j for one period.


1           0.121
2           0.281
3           0.15
4           0.284
5           0.206
6           0.131
7           0.218
8           0.155



st(j, m) - Setup times for producing a lot of item j on machine m. The setup times are period-independent.


1           1           85.833
1           2           55.814
1           3           46.389
1           4           71.482
2           1           67.661
2           2           26.835
2           3           51.417
2           4           71.912
3           1           79.343
3           2           29.851
3           3           48.992
3           4           51.06
4           1           59.578
4           2           44.813
4           3           85.681
4           4           72.006
5           1           37.703
5           2           88.977
5           3           98.588
5           4           42.328
6           1           48.67
6           2           76.299
6           3           63.831
6           4           43.525
7           1           80.057
7           2           36.855
7           3           33.791
7           4           67.79
8           1           85.503
8           2           26.381
8           3           89.604
8           4           96.304



se(j, m) - Setup emission for producing a lot of item j on machine m. The setup emission are period-independent.


1           1           36.305
1           2           16.283
1           3           26.88
1           4           4.267
2           1           12.484
2           2           6.184
2           3           27.395
2           4           5.794
3           1           14.842
3           2           7.251
3           3           21.569
3           4           3.834
4           1           11.713
4           2           19.063
4           3           27.638
4           4           9.439
5           1           15.113
5           2           14.227
5           3           10.831
5           4           3.437
6           1           20.195
6           2           13.289
6           3           26.058
6           4           7.229
7           1           35.944
7           2           18.539
7           3           19.177
7           4           4.655
8           1           32.765
8           2           17.521
8           3           9.684
8           4           6.802



sc(j, m) - Setup costs for producing a lot of item j on machine m. The setup costs are period-independent.


1           1           7267.26
1           2           14534.52
1           3           9689.68
1           4           29069.04
2           1           17381.723
2           2           34763.447
2           3           23175.631
2           4           69526.893
3           1           9509.5
3           2           19019.0
3           3           12679.333
3           4           38038.0
4           1           18660.693
4           2           37321.387
4           3           24880.924
4           4           74642.773
5           1           13429.827
5           2           26859.653
5           3           17906.436
5           4           53719.307
6           1           8035.977
6           2           16071.953
6           3           10714.636
6           4           32143.907
7           1           12757.36
7           2           25514.72
7           3           17009.813
7           4           51029.44
8           1           9150.167
8           2           18300.333
8           3           12200.222
8           4           36600.667



bc(m) - Fixed investment cost for machine m.


1           3483.9178536426307
2           8998.710099778178
3           5905.875029806011
4           13366.67950966411



ca(m, t) - The available capacity of machine m in period t.


1           1           263.2324916666667
1           2           263.2324916666667
1           3           263.2324916666667
1           4           263.2324916666667
1           5           263.2324916666667
1           6           263.2324916666667
2           1           263.2324916666667
2           2           263.2324916666667
2           3           263.2324916666667
2           4           263.2324916666667
2           5           263.2324916666667
2           6           263.2324916666667
3           1           263.2324916666667
3           2           263.2324916666667
3           3           263.2324916666667
3           4           263.2324916666667
3           5           263.2324916666667
3           6           263.2324916666667
4           1           263.2324916666667
4           2           263.2324916666667
4           3           263.2324916666667
4           4           263.2324916666667
4           5           263.2324916666667
4           6           263.2324916666667



em(t) - The limits of carbon emissions in period t.


1           896.7978677777778
2           896.7978677777778
3           896.7978677777778
4           896.7978677777778
5           896.7978677777778
6           896.7978677777778
