Information for the currently-owned machines and the machines that may be purchased: if 1, the machine can be purchased, otherwise currently-owned.


1           1.0
2           0.0
3           0.0
4           0.0



item_machine_arc(j, m) - The relationship arc between item j and machine m, i.e., machine m is capable of producing item j if item_machine_arc(j, m) = 1.


1           1           1.0
1           2           1.0
1           3           1.0
1           4           1.0
2           1           0.0
2           2           1.0
2           3           0.0
2           4           0.0
3           1           1.0
3           2           1.0
3           3           1.0
3           4           1.0
4           1           1.0
4           2           0.0
4           3           1.0
4           4           0.0
5           1           1.0
5           2           1.0
5           3           1.0
5           4           1.0
6           1           0.0
6           2           1.0
6           3           1.0
6           4           1.0
7           1           1.0
7           2           1.0
7           3           1.0
7           4           1.0
8           1           0.0
8           2           1.0
8           3           0.0
8           4           0.0



d(j, t) - Gross demand for item j in period t.


1           1           35
1           2           36
1           3           41
1           4           36
1           5           34
1           6           43
2           1           34
2           2           44
2           3           37
2           4           49
2           5           50
2           6           34
3           1           39
3           2           49
3           3           46
3           4           40
3           5           33
3           6           48
4           1           43
4           2           33
4           3           46
4           4           50
4           5           33
4           6           38
5           1           45
5           2           50
5           3           45
5           4           31
5           5           37
5           6           33
6           1           30
6           2           34
6           3           38
6           4           32
6           5           45
6           6           35
7           1           43
7           2           37
7           3           47
7           4           44
7           5           35
7           6           50
8           1           42
8           2           50
8           3           49
8           4           33
8           5           37
8           6           50



pt(j, m) - Time required to produce one unit of item j on machine m. The production time is period-independent.


1           1           0.621
1           2           1.077
1           3           0.886
1           4           1.293
2           1           0.755
2           2           1.27
2           3           1.201
2           4           0.591
3           1           1.22
3           2           1.287
3           3           1.464
3           4           0.549
4           1           1.002
4           2           0.881
4           3           0.941
4           4           0.892
5           1           0.972
5           2           1.254
5           3           1.139
5           4           0.749
6           1           0.626
6           2           0.9
6           3           0.648
6           4           0.536
7           1           1.068
7           2           0.542
7           3           0.629
7           4           1.473
8           1           1.121
8           2           0.609
8           3           1.03
8           4           0.671



pc(j, m) - Variable costs of producing one unit of item j on machine m. The production cost is period-independent.


1           1           3.771
1           2           4.472
1           3           2.191
1           4           5.969
2           1           1.378
2           2           10.58
2           3           1.877
2           4           2.992
3           1           2.917
3           2           11.607
3           3           1.424
3           4           2.511
4           1           2.063
4           2           9.448
4           3           2.25
4           4           2.194
5           1           2.514
5           2           6.271
5           3           1.692
5           4           2.778
6           1           3.019
6           2           8.966
6           3           1.225
6           4           5.625
7           1           3.853
7           2           10.629
7           3           1.671
7           4           4.402
8           1           3.576
8           2           4.021
8           3           2.839
8           4           2.682



pe(j, m) - Production emission for producing one unit of item j on machine m. The production emission is period-independent.


1           1           0.802
1           2           1.039
1           3           3.165
1           4           0.64
2           1           2.453
2           2           1.118
2           3           4.603
2           4           0.88
3           1           2.202
3           2           0.715
3           3           4.923
3           4           0.504
4           1           3.703
4           2           0.539
4           3           2.825
4           4           1.091
5           1           1.191
5           2           1.127
5           3           1.437
5           4           2.457
6           1           3.612
6           2           0.674
6           3           2.906
6           4           2.493
7           1           2.989
7           2           1.151
7           3           2.868
7           4           1.01
8           1           3.695
8           2           0.926
8           3           2.909
8           4           1.241



hc(j) - Inventory-holding costs for one unit of item j for one period.


1           0.18
2           0.11
3           0.119
4           0.259
5           0.171
6           0.153
7           0.164
8           0.145



st(j, m) - Setup times for producing a lot of item j on machine m. The setup times are period-independent.


1           1           5.52
1           2           13.325
1           3           16.708
1           4           11.204
2           1           12.96
2           2           5.406
2           3           19.278
2           4           10.782
3           1           8.304
3           2           8.578
3           3           13.924
3           4           15.546
4           1           11.668
4           2           16.43
4           3           11.584
4           4           15.739
5           1           10.408
5           2           17.135
5           3           9.509
5           4           13.678
6           1           15.464
6           2           14.922
6           3           19.891
6           4           13.558
7           1           7.039
7           2           17.668
7           3           6.518
7           4           12.33
8           1           18.578
8           2           17.141
8           3           11.125
8           4           8.057



se(j, m) - Setup emission for producing a lot of item j on machine m. The setup emission are period-independent.


1           1           124.068
1           2           17.418
1           3           147.477
1           4           79.536
2           1           75.767
2           2           23.836
2           3           56.821
2           4           25.855
3           1           88.445
3           2           41.413
3           3           79.097
3           4           43.563
4           1           131.625
4           2           22.309
4           3           59.289
4           4           85.034
5           1           104.36
5           2           45.541
5           3           98.563
5           4           32.81
6           1           131.944
6           2           17.688
6           3           82.424
6           4           46.361
7           1           74.489
7           2           15.078
7           3           52.29
7           4           96.94
8           1           142.728
8           2           18.389
8           3           105.517
8           4           34.092



sc(j, m) - Setup costs for producing a lot of item j on machine m. The setup costs are period-independent.


1           1           13860.0
1           2           41580.0
1           3           10395.0
1           4           20790.0
2           1           9335.822
2           2           28007.467
2           3           7001.867
2           4           14003.733
3           1           10384.733
3           2           31154.2
3           3           7788.55
3           4           15577.1
4           1           21538.44
4           2           64615.32
4           3           16153.83
4           4           32307.66
5           1           14103.32
5           2           42309.96
5           3           10577.49
5           4           21154.98
6           1           11205.04
6           2           33615.12
6           3           8403.78
6           4           16807.56
7           1           14367.858
7           2           43103.573
7           3           10775.893
7           4           21551.787
8           1           12951.4
8           2           38854.2
8           3           9713.55
8           4           19427.1



bc(m) - Fixed investment cost for machine m.


1           5205.791703438383
2           6920.015516959288
3           2731.167357702193
4           1773.2435963519222



ca(m, t) - The available capacity of machine m in period t.


1           1           183.2382189814815
1           2           183.2382189814815
1           3           183.2382189814815
1           4           183.2382189814815
1           5           183.2382189814815
1           6           183.2382189814815
2           1           183.2382189814815
2           2           183.2382189814815
2           3           183.2382189814815
2           4           183.2382189814815
2           5           183.2382189814815
2           6           183.2382189814815
3           1           183.2382189814815
3           2           183.2382189814815
3           3           183.2382189814815
3           4           183.2382189814815
3           5           183.2382189814815
3           6           183.2382189814815
4           1           183.2382189814815
4           2           183.2382189814815
4           3           183.2382189814815
4           4           183.2382189814815
4           5           183.2382189814815
4           6           183.2382189814815



em(t) - The limits of carbon emissions in period t.


1           1142.7702611111108
2           1142.7702611111108
3           1142.7702611111108
4           1142.7702611111108
5           1142.7702611111108
6           1142.7702611111108
