Information for the currently-owned machines and the machines that may be purchased: if 1, the machine can be purchased, otherwise currently-owned.


1           0.0
2           1.0
3           0.0
4           0.0



item_machine_arc(j, m) - The relationship arc between item j and machine m, i.e., machine m is capable of producing item j if item_machine_arc(j, m) = 1.


1           1           1.0
1           2           1.0
1           3           1.0
1           4           1.0
2           1           1.0
2           2           0.0
2           3           1.0
2           4           0.0
3           1           1.0
3           2           1.0
3           3           1.0
3           4           1.0
4           1           1.0
4           2           0.0
4           3           0.0
4           4           0.0
5           1           1.0
5           2           1.0
5           3           1.0
5           4           1.0
6           1           1.0
6           2           0.0
6           3           1.0
6           4           0.0
7           1           0.0
7           2           1.0
7           3           1.0
7           4           1.0
8           1           0.0
8           2           0.0
8           3           1.0
8           4           1.0



d(j, t) - Gross demand for item j in period t.


1           1           35
1           2           42
1           3           36
1           4           30
1           5           43
1           6           38
2           1           31
2           2           31
2           3           43
2           4           43
2           5           41
2           6           50
3           1           50
3           2           40
3           3           37
3           4           44
3           5           34
3           6           39
4           1           44
4           2           43
4           3           36
4           4           49
4           5           40
4           6           40
5           1           32
5           2           42
5           3           34
5           4           35
5           5           49
5           6           31
6           1           32
6           2           35
6           3           31
6           4           34
6           5           30
6           6           42
7           1           45
7           2           43
7           3           31
7           4           37
7           5           38
7           6           36
8           1           35
8           2           37
8           3           43
8           4           35
8           5           39
8           6           49



pt(j, m) - Time required to produce one unit of item j on machine m. The production time is period-independent.


1           1           0.616
1           2           0.723
1           3           1.21
1           4           0.746
2           1           1.417
2           2           0.968
2           3           0.948
2           4           1.344
3           1           1.414
3           2           1.214
3           3           0.713
3           4           0.681
4           1           0.939
4           2           1.346
4           3           1.092
4           4           1.038
5           1           0.856
5           2           0.758
5           3           0.786
5           4           1.24
6           1           1.226
6           2           0.741
6           3           0.857
6           4           1.231
7           1           0.77
7           2           0.816
7           3           0.815
7           4           0.623
8           1           1.092
8           2           0.931
8           3           1.346
8           4           1.245



pc(j, m) - Variable costs of producing one unit of item j on machine m. The production cost is period-independent.


1           1           1.739
1           2           10.941
1           3           4.411
1           4           3.983
2           1           2.783
2           2           5.523
2           3           2.262
2           4           2.641
3           1           2.236
3           2           10.019
3           3           4.738
3           4           2.932
4           1           2.787
4           2           8.953
4           3           5.178
4           4           2.007
5           1           1.302
5           2           6.43
5           3           4.976
5           4           1.511
6           1           2.027
6           2           7.677
6           3           5.474
6           4           2.767
7           1           2.866
7           2           8.918
7           3           3.617
7           4           2.981
8           1           2.761
8           2           10.931
8           3           3.263
8           4           3.199



pe(j, m) - Production emission for producing one unit of item j on machine m. The production emission is period-independent.


1           1           1.641
1           2           0.61
1           3           1.267
1           4           2.936
2           1           4.502
2           2           1.185
2           3           1.555
2           4           3.281
3           1           1.864
3           2           0.366
3           3           1.141
3           4           2.011
4           1           2.473
4           2           0.299
4           3           1.639
4           4           1.284
5           1           2.128
5           2           0.891
5           3           1.816
5           4           0.801
6           1           2.039
6           2           0.884
6           3           1.296
6           4           2.432
7           1           4.445
7           2           1.093
7           3           0.745
7           4           3.25
8           1           4.549
8           2           0.284
8           3           1.378
8           4           0.771



hc(j) - Inventory-holding costs for one unit of item j for one period.


1           0.229
2           0.191
3           0.168
4           0.208
5           0.107
6           0.239
7           0.218
8           0.267



st(j, m) - Setup times for producing a lot of item j on machine m. The setup times are period-independent.


1           1           61.209
1           2           66.519
1           3           65.628
1           4           41.395
2           1           76.759
2           2           90.693
2           3           87.977
2           4           69.967
3           1           69.691
3           2           57.973
3           3           26.888
3           4           90.387
4           1           34.538
4           2           61.888
4           3           61.052
4           4           77.735
5           1           48.668
5           2           76.209
5           3           54.926
5           4           73.391
6           1           69.213
6           2           29.889
6           3           99.667
6           4           69.198
7           1           86.201
7           2           89.074
7           3           39.228
7           4           30.227
8           1           84.372
8           2           28.246
8           3           90.485
8           4           44.397



se(j, m) - Setup emission for producing a lot of item j on machine m. The setup emission are period-independent.


1           1           101.285
1           2           45.889
1           3           53.243
1           4           128.499
2           1           130.579
2           2           44.862
2           3           53.17
2           4           113.105
3           1           119.934
3           2           44.098
3           3           33.795
3           4           114.882
4           1           122.372
4           2           40.218
4           3           92.653
4           4           122.16
5           1           100.245
5           2           33.132
5           3           79.29
5           4           72.01
6           1           103.564
6           2           23.833
6           3           95.749
6           4           143.662
7           1           96.084
7           2           48.13
7           3           42.847
7           4           123.311
8           1           153.553
8           2           44.85
8           3           82.066
8           4           97.443



sc(j, m) - Setup costs for producing a lot of item j on machine m. The setup costs are period-independent.


1           1           11969.067
1           2           47876.267
1           3           23938.133
1           4           15958.756
2           1           10651.433
2           2           42605.733
2           3           21302.867
2           4           14201.911
3           1           9564.8
3           2           38259.2
3           3           19129.6
3           4           12753.067
4           1           12230.4
4           2           48921.6
4           3           24460.8
4           4           16307.2
5           1           5567.567
5           2           22270.267
5           3           11135.133
5           4           7423.422
6           1           11376.4
6           2           45505.6
6           3           22752.8
6           4           15168.533
7           1           11699.333
7           2           46797.333
7           3           23398.667
7           4           15599.111
8           1           14827.4
8           2           59309.6
8           3           29654.8
8           4           19769.867



bc(m) - Fixed investment cost for machine m.


1           1180.7569377448046
2           5636.983376330822
3           7783.486207939414
4           588.9106094866888



ca(m, t) - The available capacity of machine m in period t.


1           1           261.34827962962964
1           2           261.34827962962964
1           3           261.34827962962964
1           4           261.34827962962964
1           5           261.34827962962964
1           6           261.34827962962964
2           1           261.34827962962964
2           2           261.34827962962964
2           3           261.34827962962964
2           4           261.34827962962964
2           5           261.34827962962964
2           6           261.34827962962964
3           1           261.34827962962964
3           2           261.34827962962964
3           3           261.34827962962964
3           4           261.34827962962964
3           5           261.34827962962964
3           6           261.34827962962964
4           1           261.34827962962964
4           2           261.34827962962964
4           3           261.34827962962964
4           4           261.34827962962964
4           5           261.34827962962964
4           6           261.34827962962964



em(t) - The limits of carbon emissions in period t.


1           1400.606515
2           1400.606515
3           1400.606515
4           1400.606515
5           1400.606515
6           1400.606515
