Information for the currently-owned machines and the machines that may be purchased: if 1, the machine can be purchased, otherwise currently-owned.


1           0.0
2           0.0
3           1.0
4           0.0



item_machine_arc(j, m) - The relationship arc between item j and machine m, i.e., machine m is capable of producing item j if item_machine_arc(j, m) = 1.


1           1           0.0
1           2           1.0
1           3           0.0
1           4           1.0
2           1           1.0
2           2           0.0
2           3           0.0
2           4           0.0
3           1           0.0
3           2           1.0
3           3           0.0
3           4           0.0
4           1           0.0
4           2           1.0
4           3           1.0
4           4           0.0
5           1           1.0
5           2           0.0
5           3           1.0
5           4           1.0
6           1           0.0
6           2           0.0
6           3           0.0
6           4           1.0
7           1           0.0
7           2           1.0
7           3           1.0
7           4           1.0
8           1           1.0
8           2           1.0
8           3           1.0
8           4           1.0



d(j, t) - Gross demand for item j in period t.


1           1           34
1           2           38
1           3           35
1           4           49
1           5           30
1           6           42
2           1           40
2           2           32
2           3           43
2           4           48
2           5           39
2           6           34
3           1           37
3           2           41
3           3           39
3           4           49
3           5           43
3           6           42
4           1           36
4           2           39
4           3           45
4           4           36
4           5           42
4           6           36
5           1           42
5           2           50
5           3           50
5           4           48
5           5           42
5           6           42
6           1           33
6           2           48
6           3           47
6           4           42
6           5           31
6           6           32
7           1           36
7           2           41
7           3           33
7           4           46
7           5           42
7           6           44
8           1           44
8           2           50
8           3           38
8           4           41
8           5           47
8           6           48



pt(j, m) - Time required to produce one unit of item j on machine m. The production time is period-independent.


1           1           1.141
1           2           0.562
1           3           0.54
1           4           1.132
2           1           0.846
2           2           0.695
2           3           1.311
2           4           1.145
3           1           0.897
3           2           1.135
3           3           0.91
3           4           1.104
4           1           0.663
4           2           1.475
4           3           0.942
4           4           1.076
5           1           1.298
5           2           1.074
5           3           1.459
5           4           0.538
6           1           1.074
6           2           0.784
6           3           0.675
6           4           1.268
7           1           1.465
7           2           1.065
7           3           0.773
7           4           1.123
8           1           1.207
8           2           1.335
8           3           1.15
8           4           0.618



pc(j, m) - Variable costs of producing one unit of item j on machine m. The production cost is period-independent.


1           1           2.707
1           2           5.841
1           3           2.014
1           4           4.67
2           1           2.751
2           2           11.553
2           3           3.074
2           4           3.474
3           1           2.682
3           2           7.993
3           3           2.19
3           4           5.476
4           1           2.251
4           2           10.0
4           3           3.644
4           4           4.501
5           1           2.778
5           2           5.51
5           3           3.592
5           4           2.716
6           1           2.585
6           2           6.597
6           3           2.968
6           4           4.834
7           1           2.77
7           2           11.819
7           3           3.934
7           4           4.867
8           1           1.402
8           2           6.425
8           3           3.396
8           4           4.49



pe(j, m) - Production emission for producing one unit of item j on machine m. The production emission is period-independent.


1           1           2.417
1           2           1.024
1           3           3.654
1           4           1.173
2           1           3.475
2           2           0.856
2           3           1.567
2           4           1.387
3           1           4.486
3           2           0.687
3           3           1.114
3           4           1.983
4           1           3.177
4           2           0.491
4           3           3.596
4           4           0.96
5           1           4.798
5           2           0.964
5           3           1.485
5           4           0.812
6           1           3.65
6           2           1.09
6           3           1.299
6           4           1.848
7           1           1.016
7           2           1.098
7           3           1.098
7           4           1.507
8           1           3.866
8           2           0.971
8           3           1.534
8           4           2.194



hc(j) - Inventory-holding costs for one unit of item j for one period.


1           0.271
2           0.1
3           0.233
4           0.123
5           0.136
6           0.101
7           0.247
8           0.207



st(j, m) - Setup times for producing a lot of item j on machine m. The setup times are period-independent.


1           1           54.999
1           2           63.391
1           3           66.373
1           4           39.513
2           1           62.661
2           2           27.202
2           3           33.767
2           4           33.755
3           1           48.294
3           2           42.712
3           3           83.059
3           4           74.459
4           1           73.008
4           2           69.046
4           3           66.191
4           4           25.848
5           1           62.361
5           2           77.035
5           3           45.64
5           4           59.532
6           1           82.104
6           2           80.443
6           3           99.558
6           4           83.146
7           1           37.547
7           2           41.257
7           3           55.822
7           4           40.158
8           1           33.628
8           2           37.684
8           3           66.9
8           4           83.75



se(j, m) - Setup emission for producing a lot of item j on machine m. The setup emission are period-independent.


1           1           168.472
1           2           28.139
1           3           101.37
1           4           84.115
2           1           60.692
2           2           46.415
2           3           119.367
2           4           27.131
3           1           140.883
3           2           43.139
3           3           77.624
3           4           65.681
4           1           95.81
4           2           12.605
4           3           112.388
4           4           38.985
5           1           167.688
5           2           34.238
5           3           138.73
5           4           87.661
6           1           113.727
6           2           42.044
6           3           98.61
6           4           52.953
7           1           74.228
7           2           38.279
7           3           125.884
7           4           90.543
8           1           136.492
8           2           39.938
8           3           93.62
8           4           88.717



sc(j, m) - Setup costs for producing a lot of item j on machine m. The setup costs are period-independent.


1           1           14417.2
1           2           57668.8
1           3           19222.933
1           4           28834.4
2           1           5506.667
2           2           22026.667
2           3           7342.222
2           4           11013.333
3           1           13646.033
3           2           54584.133
3           3           18194.711
3           4           27292.067
4           1           6715.8
4           2           26863.2
4           3           8954.4
4           4           13431.6
5           1           8694.933
5           2           34779.733
5           3           11593.244
5           4           17389.867
6           1           5491.033
6           2           21964.133
6           3           7321.378
6           4           10982.067
7           1           13947.267
7           2           55789.067
7           3           18596.356
7           4           27894.533
8           1           12944.4
8           2           51777.6
8           3           17259.2
8           4           25888.8



bc(m) - Fixed investment cost for machine m.


1           376.8397477183777
2           13953.304146892751
3           6331.93046303493
4           284.937682630414



ca(m, t) - The available capacity of machine m in period t.


1           1           270.54745925925926
1           2           270.54745925925926
1           3           270.54745925925926
1           4           270.54745925925926
1           5           270.54745925925926
1           6           270.54745925925926
2           1           270.54745925925926
2           2           270.54745925925926
2           3           270.54745925925926
2           4           270.54745925925926
2           5           270.54745925925926
2           6           270.54745925925926
3           1           270.54745925925926
3           2           270.54745925925926
3           3           270.54745925925926
3           4           270.54745925925926
3           5           270.54745925925926
3           6           270.54745925925926
4           1           270.54745925925926
4           2           270.54745925925926
4           3           270.54745925925926
4           4           270.54745925925926
4           5           270.54745925925926
4           6           270.54745925925926



em(t) - The limits of carbon emissions in period t.


1           1390.213033611111
2           1390.213033611111
3           1390.213033611111
4           1390.213033611111
5           1390.213033611111
6           1390.213033611111
