Information for the currently-owned machines and the machines that may be purchased: if 1, the machine can be purchased, otherwise currently-owned.


1           0.0
2           1.0
3           0.0
4           0.0



item_machine_arc(j, m) - The relationship arc between item j and machine m, i.e., machine m is capable of producing item j if item_machine_arc(j, m) = 1.


1           1           1.0
1           2           1.0
1           3           0.0
1           4           0.0
2           1           1.0
2           2           1.0
2           3           1.0
2           4           1.0
3           1           1.0
3           2           1.0
3           3           1.0
3           4           0.0
4           1           1.0
4           2           1.0
4           3           0.0
4           4           1.0
5           1           1.0
5           2           0.0
5           3           0.0
5           4           1.0
6           1           1.0
6           2           0.0
6           3           1.0
6           4           0.0
7           1           0.0
7           2           0.0
7           3           1.0
7           4           1.0
8           1           0.0
8           2           1.0
8           3           1.0
8           4           0.0



d(j, t) - Gross demand for item j in period t.


1           1           31
1           2           41
1           3           40
1           4           34
1           5           40
1           6           34
2           1           46
2           2           48
2           3           45
2           4           44
2           5           50
2           6           45
3           1           35
3           2           45
3           3           30
3           4           45
3           5           50
3           6           33
4           1           42
4           2           45
4           3           42
4           4           43
4           5           30
4           6           31
5           1           30
5           2           42
5           3           49
5           4           37
5           5           43
5           6           43
6           1           45
6           2           32
6           3           47
6           4           48
6           5           40
6           6           41
7           1           38
7           2           36
7           3           40
7           4           33
7           5           38
7           6           47
8           1           41
8           2           33
8           3           40
8           4           36
8           5           39
8           6           44



pt(j, m) - Time required to produce one unit of item j on machine m. The production time is period-independent.


1           1           0.967
1           2           0.926
1           3           0.822
1           4           0.975
2           1           1.453
2           2           0.636
2           3           1.042
2           4           1.002
3           1           1.409
3           2           0.799
3           3           1.232
3           4           1.259
4           1           1.45
4           2           0.681
4           3           1.001
4           4           0.839
5           1           0.609
5           2           0.795
5           3           1.454
5           4           0.803
6           1           1.324
6           2           1.066
6           3           0.533
6           4           0.568
7           1           0.557
7           2           0.868
7           3           1.462
7           4           0.962
8           1           0.747
8           2           1.007
8           3           1.251
8           4           0.888



pc(j, m) - Variable costs of producing one unit of item j on machine m. The production cost is period-independent.


1           1           2.624
1           2           1.657
1           3           11.869
1           4           5.533
2           1           2.266
2           2           2.9
2           3           4.486
2           4           3.639
3           1           1.779
3           2           1.133
3           3           9.241
3           4           4.336
4           1           2.905
4           2           2.73
4           3           5.76
4           4           3.379
5           1           3.501
5           2           2.436
5           3           10.193
5           4           2.798
6           1           3.991
6           2           1.695
6           3           6.764
6           4           3.084
7           1           3.191
7           2           1.637
7           3           7.686
7           4           2.787
8           1           2.586
8           2           2.446
8           3           10.204
8           4           5.417



pe(j, m) - Production emission for producing one unit of item j on machine m. The production emission is period-independent.


1           1           0.739
1           2           0.887
1           3           0.126
1           4           0.498
2           1           0.626
2           2           0.557
2           3           0.163
2           4           0.373
3           1           0.303
3           2           0.98
3           3           0.056
3           4           0.244
4           1           0.532
4           2           0.715
4           3           0.076
4           4           0.223
5           1           0.346
5           2           0.337
5           3           0.243
5           4           0.394
6           1           0.621
6           2           0.757
6           3           0.175
6           4           0.372
7           1           0.633
7           2           0.871
7           3           0.25
7           4           0.451
8           1           0.176
8           2           0.7
8           3           0.192
8           4           0.352



hc(j) - Inventory-holding costs for one unit of item j for one period.


1           0.213
2           0.127
3           0.24
4           0.263
5           0.179
6           0.205
7           0.284
8           0.192



st(j, m) - Setup times for producing a lot of item j on machine m. The setup times are period-independent.


1           1           44.468
1           2           97.477
1           3           41.763
1           4           68.261
2           1           50.049
2           2           88.346
2           3           58.572
2           4           93.268
3           1           57.297
3           2           46.083
3           3           40.796
3           4           64.715
4           1           56.807
4           2           61.463
4           3           92.963
4           4           46.061
5           1           71.755
5           2           81.689
5           3           25.334
5           4           84.647
6           1           64.87
6           2           39.959
6           3           78.523
6           4           31.024
7           1           52.021
7           2           86.273
7           3           51.886
7           4           65.607
8           1           55.797
8           2           71.674
8           3           46.804
8           4           76.259



se(j, m) - Setup emission for producing a lot of item j on machine m. The setup emission are period-independent.


1           1           133.323
1           2           58.226
1           3           34.209
1           4           54.6
2           1           128.381
2           2           164.268
2           3           32.786
2           4           83.588
3           1           80.426
3           2           193.011
3           3           49.408
3           4           45.284
4           1           64.777
4           2           185.583
4           3           46.441
4           4           98.282
5           1           43.322
5           2           147.664
5           3           13.88
5           4           43.265
6           1           73.985
6           2           103.218
6           3           15.17
6           4           71.521
7           1           71.598
7           2           172.968
7           3           46.303
7           4           49.213
8           1           115.988
8           2           67.564
8           3           46.032
8           4           66.644



sc(j, m) - Setup costs for producing a lot of item j on machine m. The setup costs are period-independent.


1           1           16036.533
1           2           12027.4
1           3           48109.6
1           4           24054.8
2           1           12082.498
2           2           9061.873
2           3           36247.493
2           4           18123.747
3           1           19547.733
3           2           14660.8
3           3           58643.2
3           4           29321.6
4           1           20971.036
4           2           15728.277
4           3           62913.107
4           4           31456.553
5           1           14946.898
5           2           11210.173
5           3           44840.693
5           4           22420.347
6           1           17749.356
6           2           13312.017
6           3           53248.067
6           4           26624.033
7           1           22548.338
7           2           16911.253
7           3           67645.013
7           4           33822.507
8           1           15309.653
8           2           11482.24
8           3           45928.96
8           4           22964.48



bc(m) - Fixed investment cost for machine m.


1           3564.8069273509473
2           2174.777073446627
3           3612.1900602278756
4           515.0139612042792



ca(m, t) - The available capacity of machine m in period t.


1           1           271.69453240740734
1           2           271.69453240740734
1           3           271.69453240740734
1           4           271.69453240740734
1           5           271.69453240740734
1           6           271.69453240740734
2           1           271.69453240740734
2           2           271.69453240740734
2           3           271.69453240740734
2           4           271.69453240740734
2           5           271.69453240740734
2           6           271.69453240740734
3           1           271.69453240740734
3           2           271.69453240740734
3           3           271.69453240740734
3           4           271.69453240740734
3           5           271.69453240740734
3           6           271.69453240740734
4           1           271.69453240740734
4           2           271.69453240740734
4           3           271.69453240740734
4           4           271.69453240740734
4           5           271.69453240740734
4           6           271.69453240740734



em(t) - The limits of carbon emissions in period t.


1           638.8187361111111
2           638.8187361111111
3           638.8187361111111
4           638.8187361111111
5           638.8187361111111
6           638.8187361111111
