Information for the currently-owned machines and the machines that may be purchased: if 1, the machine can be purchased, otherwise currently-owned.


1           0.0
2           0.0
3           0.0
4           1.0



item_machine_arc(j, m) - The relationship arc between item j and machine m, i.e., machine m is capable of producing item j if item_machine_arc(j, m) = 1.


1           1           0.0
1           2           0.0
1           3           1.0
1           4           0.0
2           1           0.0
2           2           0.0
2           3           0.0
2           4           1.0
3           1           0.0
3           2           0.0
3           3           0.0
3           4           1.0
4           1           1.0
4           2           0.0
4           3           1.0
4           4           0.0
5           1           0.0
5           2           1.0
5           3           0.0
5           4           0.0
6           1           1.0
6           2           1.0
6           3           1.0
6           4           1.0
7           1           1.0
7           2           1.0
7           3           1.0
7           4           1.0
8           1           1.0
8           2           1.0
8           3           1.0
8           4           0.0



d(j, t) - Gross demand for item j in period t.


1           1           33
1           2           39
1           3           45
1           4           47
1           5           37
1           6           38
2           1           33
2           2           30
2           3           41
2           4           43
2           5           36
2           6           48
3           1           39
3           2           30
3           3           31
3           4           36
3           5           49
3           6           31
4           1           34
4           2           46
4           3           42
4           4           38
4           5           37
4           6           34
5           1           49
5           2           44
5           3           33
5           4           39
5           5           40
5           6           32
6           1           37
6           2           30
6           3           40
6           4           42
6           5           35
6           6           49
7           1           36
7           2           43
7           3           43
7           4           33
7           5           32
7           6           50
8           1           32
8           2           34
8           3           49
8           4           35
8           5           42
8           6           31



pt(j, m) - Time required to produce one unit of item j on machine m. The production time is period-independent.


1           1           1.112
1           2           1.227
1           3           1.328
1           4           0.919
2           1           0.975
2           2           1.485
2           3           1.171
2           4           1.196
3           1           1.163
3           2           1.097
3           3           1.301
3           4           0.925
4           1           0.903
4           2           1.383
4           3           0.868
4           4           0.899
5           1           0.805
5           2           0.716
5           3           1.044
5           4           1.266
6           1           0.662
6           2           0.806
6           3           1.427
6           4           0.515
7           1           1.305
7           2           0.621
7           3           1.046
7           4           1.146
8           1           1.423
8           2           0.759
8           3           1.489
8           4           0.672



pc(j, m) - Variable costs of producing one unit of item j on machine m. The production cost is period-independent.


1           1           4.886
1           2           3.614
1           3           4.022
1           4           1.887
2           1           4.972
2           2           2.798
2           3           5.8
2           4           2.269
3           1           2.574
3           2           2.612
3           3           4.271
3           4           1.11
4           1           3.24
4           2           3.088
4           3           6.187
4           4           2.477
5           1           4.805
5           2           3.475
5           3           6.764
5           4           2.567
6           1           2.548
6           2           3.011
6           3           11.593
6           4           2.444
7           1           3.269
7           2           3.654
7           3           9.435
7           4           1.28
8           1           2.149
8           2           2.916
8           3           4.703
8           4           2.487



pe(j, m) - Production emission for producing one unit of item j on machine m. The production emission is period-independent.


1           1           2.317
1           2           1.674
1           3           0.933
1           4           3.28
2           1           0.826
2           2           2.518
2           3           0.664
2           4           3.955
3           1           1.931
3           2           1.302
3           3           0.333
3           4           3.642
4           1           1.566
4           2           1.316
4           3           0.589
4           4           2.648
5           1           2.128
5           2           3.423
5           3           0.757
5           4           3.13
6           1           0.694
6           2           2.064
6           3           1.093
6           4           4.649
7           1           0.716
7           2           1.142
7           3           0.999
7           4           1.273
8           1           1.262
8           2           2.02
8           3           0.44
8           4           2.348



hc(j) - Inventory-holding costs for one unit of item j for one period.


1           0.206
2           0.182
3           0.218
4           0.225
5           0.118
6           0.214
7           0.281
8           0.256



st(j, m) - Setup times for producing a lot of item j on machine m. The setup times are period-independent.


1           1           70.298
1           2           74.448
1           3           43.258
1           4           86.155
2           1           53.889
2           2           56.135
2           3           27.632
2           4           65.147
3           1           88.87
3           2           45.948
3           3           42.097
3           4           63.192
4           1           82.642
4           2           57.029
4           3           82.754
4           4           54.54
5           1           71.004
5           2           48.659
5           3           35.275
5           4           57.963
6           1           48.395
6           2           51.71
6           3           78.975
6           4           92.255
7           1           71.591
7           2           60.039
7           3           26.692
7           4           93.324
8           1           84.825
8           2           84.435
8           3           99.651
8           4           29.77



se(j, m) - Setup emission for producing a lot of item j on machine m. The setup emission are period-independent.


1           1           6.322
1           2           24.402
1           3           7.157
1           4           25.294
2           1           9.167
2           2           13.541
2           3           7.164
2           4           16.003
3           1           7.616
3           2           18.409
3           3           6.535
3           4           22.532
4           1           8.047
4           2           28.732
4           3           7.575
4           4           13.285
5           1           18.392
5           2           9.912
5           3           9.781
5           4           33.084
6           1           7.078
6           2           13.289
6           3           9.492
6           4           21.405
7           1           9.888
7           2           15.585
7           3           7.073
7           4           30.572
8           1           6.79
8           2           20.106
8           3           6.971
8           4           15.756



sc(j, m) - Setup costs for producing a lot of item j on machine m. The setup costs are period-independent.


1           1           22975.867
1           2           15317.244
1           3           45951.733
1           4           11487.933
2           1           19619.6
2           2           13079.733
2           3           39239.2
2           4           9809.8
3           1           21974.4
3           2           14649.6
3           3           43948.8
3           4           10987.2
4           1           24255.0
4           2           16170.0
4           3           48510.0
4           4           12127.5
5           1           13050.8
5           2           8700.533
5           3           26101.6
5           4           6525.4
6           1           23268.933
6           2           15512.622
6           3           46537.867
6           4           11634.467
7           1           31078.6
7           2           20719.067
7           3           62157.2
7           4           15539.3
8           1           26641.067
8           2           17760.711
8           3           53282.133
8           4           13320.533



bc(m) - Fixed investment cost for machine m.


1           8627.919140966525
2           2227.9829065895465
3           7991.267287235298
4           4674.459723174658



ca(m, t) - The available capacity of machine m in period t.


1           1           295.4422339814815
1           2           295.4422339814815
1           3           295.4422339814815
1           4           295.4422339814815
1           5           295.4422339814815
1           6           295.4422339814815
2           1           295.4422339814815
2           2           295.4422339814815
2           3           295.4422339814815
2           4           295.4422339814815
2           5           295.4422339814815
2           6           295.4422339814815
3           1           295.4422339814815
3           2           295.4422339814815
3           3           295.4422339814815
3           4           295.4422339814815
3           5           295.4422339814815
3           6           295.4422339814815
4           1           295.4422339814815
4           2           295.4422339814815
4           3           295.4422339814815
4           4           295.4422339814815
4           5           295.4422339814815
4           6           295.4422339814815



em(t) - The limits of carbon emissions in period t.


1           1005.6228388888889
2           1005.6228388888889
3           1005.6228388888889
4           1005.6228388888889
5           1005.6228388888889
6           1005.6228388888889
