Information for the currently-owned machines and the machines that may be purchased: if 1, the machine can be purchased, otherwise currently-owned.


1           0.0
2           1.0
3           0.0
4           0.0



item_machine_arc(j, m) - The relationship arc between item j and machine m, i.e., machine m is capable of producing item j if item_machine_arc(j, m) = 1.


1           1           0.0
1           2           0.0
1           3           0.0
1           4           1.0
2           1           1.0
2           2           0.0
2           3           0.0
2           4           0.0
3           1           1.0
3           2           0.0
3           3           1.0
3           4           0.0
4           1           0.0
4           2           0.0
4           3           1.0
4           4           0.0
5           1           1.0
5           2           0.0
5           3           0.0
5           4           0.0
6           1           0.0
6           2           0.0
6           3           1.0
6           4           1.0
7           1           1.0
7           2           0.0
7           3           1.0
7           4           0.0
8           1           1.0
8           2           1.0
8           3           0.0
8           4           1.0



d(j, t) - Gross demand for item j in period t.


1           1           49
1           2           44
1           3           41
1           4           39
1           5           32
1           6           37
2           1           32
2           2           39
2           3           45
2           4           39
2           5           35
2           6           45
3           1           32
3           2           34
3           3           49
3           4           44
3           5           32
3           6           48
4           1           38
4           2           50
4           3           32
4           4           47
4           5           48
4           6           42
5           1           44
5           2           43
5           3           37
5           4           46
5           5           41
5           6           46
6           1           43
6           2           45
6           3           41
6           4           45
6           5           36
6           6           49
7           1           37
7           2           30
7           3           41
7           4           50
7           5           31
7           6           48
8           1           38
8           2           50
8           3           45
8           4           31
8           5           40
8           6           41



pt(j, m) - Time required to produce one unit of item j on machine m. The production time is period-independent.


1           1           0.816
1           2           1.016
1           3           0.932
1           4           1.125
2           1           0.896
2           2           1.4
2           3           0.852
2           4           0.785
3           1           1.374
3           2           1.088
3           3           1.124
3           4           1.492
4           1           0.815
4           2           1.484
4           3           0.929
4           4           0.81
5           1           1.33
5           2           0.623
5           3           1.328
5           4           0.906
6           1           1.102
6           2           0.814
6           3           1.366
6           4           0.862
7           1           1.058
7           2           1.29
7           3           1.486
7           4           0.748
8           1           1.297
8           2           1.39
8           3           1.074
8           4           1.088



pc(j, m) - Variable costs of producing one unit of item j on machine m. The production cost is period-independent.


1           1           4.402
1           2           5.089
1           3           1.565
1           4           1.946
2           1           3.194
2           2           5.237
2           3           2.939
2           4           2.407
3           1           4.548
3           2           4.859
3           3           1.006
3           4           2.651
4           1           4.772
4           2           4.579
4           3           2.363
4           4           2.577
5           1           5.754
5           2           10.256
5           3           2.689
5           4           3.196
6           1           4.276
6           2           8.905
6           3           1.495
6           4           3.828
7           1           3.278
7           2           6.804
7           3           2.337
7           4           3.713
8           1           2.315
8           2           6.29
8           3           2.566
8           4           2.036



pe(j, m) - Production emission for producing one unit of item j on machine m. The production emission is period-independent.


1           1           0.524
1           2           0.689
1           3           1.633
1           4           3.532
2           1           2.114
2           2           0.264
2           3           4.621
2           4           3.245
3           1           0.858
3           2           1.246
3           3           2.137
3           4           3.417
4           1           0.774
4           2           0.432
4           3           4.935
4           4           1.898
5           1           2.228
5           2           0.659
5           3           3.001
5           4           0.865
6           1           1.406
6           2           0.638
6           3           2.541
6           4           1.79
7           1           1.997
7           2           0.633
7           3           3.05
7           4           3.744
8           1           1.48
8           2           0.48
8           3           4.513
8           4           2.63



hc(j) - Inventory-holding costs for one unit of item j for one period.


1           0.174
2           0.211
3           0.123
4           0.246
5           0.122
6           0.148
7           0.165
8           0.225



st(j, m) - Setup times for producing a lot of item j on machine m. The setup times are period-independent.


1           1           56.467
1           2           53.454
1           3           54.389
1           4           69.303
2           1           55.694
2           2           73.66
2           3           41.834
2           4           31.797
3           1           44.093
3           2           42.783
3           3           50.738
3           4           94.136
4           1           30.071
4           2           37.76
4           3           43.615
4           4           41.466
5           1           30.125
5           2           82.169
5           3           73.108
5           4           85.574
6           1           54.086
6           2           96.725
6           3           51.929
6           4           76.468
7           1           97.129
7           2           88.027
7           3           27.833
7           4           98.558
8           1           29.04
8           2           98.666
8           3           25.437
8           4           66.853



se(j, m) - Setup emission for producing a lot of item j on machine m. The setup emission are period-independent.


1           1           85.343
1           2           27.096
1           3           57.734
1           4           89.047
2           1           95.909
2           2           23.708
2           3           101.754
2           4           114.618
3           1           57.346
3           2           41.79
3           3           76.563
3           4           108.239
4           1           44.214
4           2           39.159
4           3           50.107
4           4           105.093
5           1           81.702
5           2           18.354
5           3           180.323
5           4           144.205
6           1           90.315
6           2           16.593
6           3           65.019
6           4           47.897
7           1           74.495
7           2           21.656
7           3           122.464
7           4           42.29
8           1           62.234
8           2           24.901
8           3           92.097
8           4           143.301



sc(j, m) - Setup costs for producing a lot of item j on machine m. The setup costs are period-independent.


1           1           21615.44
1           2           43230.88
1           3           10807.72
1           4           14410.293
2           1           25453.633
2           2           50907.267
2           3           12726.817
2           4           16969.089
3           1           15090.46
3           2           30180.92
3           3           7545.23
3           4           10060.307
4           1           32453.96
4           2           64907.92
4           3           16226.98
4           4           21635.973
5           1           16095.053
5           2           32190.107
5           3           8047.527
5           4           10730.036
6           1           19677.093
6           2           39354.187
6           3           9838.547
6           4           13118.062
7           1           20073.9
7           2           40147.8
7           3           10036.95
7           4           13382.6
8           1           28297.5
8           2           56595.0
8           3           14148.75
8           4           18865.0



bc(m) - Fixed investment cost for machine m.


1           9476.346877450778
2           13748.564274097438
3           251.29876310987066
4           642.6848732002513



ca(m, t) - The available capacity of machine m in period t.


1           1           277.91716296296295
1           2           277.91716296296295
1           3           277.91716296296295
1           4           277.91716296296295
1           5           277.91716296296295
1           6           277.91716296296295
2           1           277.91716296296295
2           2           277.91716296296295
2           3           277.91716296296295
2           4           277.91716296296295
2           5           277.91716296296295
2           6           277.91716296296295
3           1           277.91716296296295
3           2           277.91716296296295
3           3           277.91716296296295
3           4           277.91716296296295
3           5           277.91716296296295
3           6           277.91716296296295
4           1           277.91716296296295
4           2           277.91716296296295
4           3           277.91716296296295
4           4           277.91716296296295
4           5           277.91716296296295
4           6           277.91716296296295



em(t) - The limits of carbon emissions in period t.


1           1778.8330816666669
2           1778.8330816666669
3           1778.8330816666669
4           1778.8330816666669
5           1778.8330816666669
6           1778.8330816666669
