Information for the currently-owned machines and the machines that may be purchased: if 1, the machine can be purchased, otherwise currently-owned.


1           0.0
2           1.0
3           0.0
4           0.0



item_machine_arc(j, m) - The relationship arc between item j and machine m, i.e., machine m is capable of producing item j if item_machine_arc(j, m) = 1.


1           1           1.0
1           2           1.0
1           3           0.0
1           4           1.0
2           1           1.0
2           2           0.0
2           3           1.0
2           4           0.0
3           1           0.0
3           2           1.0
3           3           1.0
3           4           0.0
4           1           1.0
4           2           1.0
4           3           1.0
4           4           1.0
5           1           1.0
5           2           0.0
5           3           1.0
5           4           1.0
6           1           1.0
6           2           0.0
6           3           0.0
6           4           1.0
7           1           0.0
7           2           1.0
7           3           1.0
7           4           0.0
8           1           1.0
8           2           0.0
8           3           1.0
8           4           1.0



d(j, t) - Gross demand for item j in period t.


1           1           33
1           2           50
1           3           33
1           4           48
1           5           36
1           6           34
2           1           38
2           2           45
2           3           47
2           4           31
2           5           34
2           6           34
3           1           38
3           2           35
3           3           48
3           4           45
3           5           46
3           6           37
4           1           49
4           2           31
4           3           30
4           4           43
4           5           41
4           6           34
5           1           38
5           2           32
5           3           41
5           4           39
5           5           42
5           6           48
6           1           42
6           2           32
6           3           50
6           4           33
6           5           43
6           6           32
7           1           49
7           2           31
7           3           43
7           4           47
7           5           48
7           6           32
8           1           42
8           2           50
8           3           36
8           4           35
8           5           47
8           6           50



pt(j, m) - Time required to produce one unit of item j on machine m. The production time is period-independent.


1           1           0.555
1           2           0.68
1           3           0.735
1           4           0.521
2           1           0.72
2           2           0.83
2           3           0.97
2           4           1.344
3           1           0.651
3           2           1.24
3           3           0.745
3           4           1.39
4           1           1.415
4           2           0.57
4           3           1.484
4           4           0.801
5           1           0.739
5           2           0.755
5           3           0.529
5           4           0.607
6           1           1.353
6           2           1.053
6           3           1.15
6           4           0.959
7           1           1.187
7           2           1.378
7           3           1.342
7           4           0.701
8           1           0.715
8           2           1.25
8           3           0.852
8           4           1.287



pc(j, m) - Variable costs of producing one unit of item j on machine m. The production cost is period-independent.


1           1           2.577
1           2           3.566
1           3           5.289
1           4           2.99
2           1           2.146
2           2           2.681
2           3           9.592
2           4           3.325
3           1           1.002
3           2           4.979
3           3           9.43
3           4           1.836
4           1           2.295
4           2           4.579
4           3           4.246
4           4           3.584
5           1           1.508
5           2           2.426
5           3           4.162
5           4           3.042
6           1           1.04
6           2           2.537
6           3           9.765
6           4           1.811
7           1           1.35
7           2           2.604
7           3           9.992
7           4           3.771
8           1           2.909
8           2           4.784
8           3           9.837
8           4           1.687



pe(j, m) - Production emission for producing one unit of item j on machine m. The production emission is period-independent.


1           1           4.265
1           2           1.833
1           3           0.355
1           4           1.345
2           1           3.181
2           2           1.972
2           3           0.965
2           4           2.354
3           1           4.613
3           2           1.366
3           3           0.975
3           4           3.149
4           1           4.887
4           2           0.555
4           3           0.893
4           4           2.429
5           1           4.124
5           2           0.775
5           3           0.826
5           4           3.112
6           1           1.887
6           2           1.429
6           3           0.582
6           4           0.909
7           1           4.529
7           2           1.958
7           3           0.515
7           4           0.889
8           1           4.605
8           2           2.112
8           3           0.54
8           4           2.366



hc(j) - Inventory-holding costs for one unit of item j for one period.


1           0.235
2           0.173
3           0.133
4           0.157
5           0.278
6           0.286
7           0.192
8           0.197



st(j, m) - Setup times for producing a lot of item j on machine m. The setup times are period-independent.


1           1           45.419
1           2           61.847
1           3           76.752
1           4           55.28
2           1           73.623
2           2           74.172
2           3           34.767
2           4           81.319
3           1           33.537
3           2           99.611
3           3           96.393
3           4           30.558
4           1           32.728
4           2           30.556
4           3           67.486
4           4           99.893
5           1           53.38
5           2           86.706
5           3           81.147
5           4           77.6
6           1           34.373
6           2           84.015
6           3           25.079
6           4           47.316
7           1           71.164
7           2           78.411
7           3           27.705
7           4           34.486
8           1           42.967
8           2           96.894
8           3           55.549
8           4           26.877



se(j, m) - Setup emission for producing a lot of item j on machine m. The setup emission are period-independent.


1           1           158.316
1           2           61.59
1           3           49.444
1           4           94.298
2           1           62.168
2           2           71.915
2           3           44.427
2           4           67.43
3           1           95.143
3           2           51.051
3           3           23.355
3           4           94.52
4           1           176.67
4           2           89.037
4           3           49.054
4           4           107.407
5           1           124.85
5           2           51.688
5           3           48.173
5           4           90.095
6           1           72.855
6           2           86.037
6           3           46.531
6           4           132.159
7           1           161.818
7           2           78.368
7           3           35.352
7           4           136.826
8           1           112.529
8           2           36.046
8           3           29.904
8           4           95.726



sc(j, m) - Setup costs for producing a lot of item j on machine m. The setup costs are period-independent.


1           1           14114.1
1           2           28228.2
1           3           56456.4
1           4           18818.8
2           1           10168.363
2           2           20336.727
2           3           40673.453
2           4           13557.818
3           1           8500.03
3           2           17000.06
3           3           34000.12
3           4           11333.373
4           1           9187.64
4           2           18375.28
4           3           36750.56
4           4           12250.187
5           1           17124.8
5           2           34249.6
5           3           68499.2
5           4           22833.067
6           1           17030.347
6           2           34060.693
6           3           68121.387
6           4           22707.129
7           1           12320.0
7           2           24640.0
7           3           49280.0
7           4           16426.667
8           1           13146.467
8           2           26292.933
8           3           52585.867
8           4           17528.622



bc(m) - Fixed investment cost for machine m.


1           4959.148171157058
2           9782.487823475116
3           3705.924511719716
4           2389.0936303077115



ca(m, t) - The available capacity of machine m in period t.


1           1           277.01998398148146
1           2           277.01998398148146
1           3           277.01998398148146
1           4           277.01998398148146
1           5           277.01998398148146
1           6           277.01998398148146
2           1           277.01998398148146
2           2           277.01998398148146
2           3           277.01998398148146
2           4           277.01998398148146
2           5           277.01998398148146
2           6           277.01998398148146
3           1           277.01998398148146
3           2           277.01998398148146
3           3           277.01998398148146
3           4           277.01998398148146
3           5           277.01998398148146
3           6           277.01998398148146
4           1           277.01998398148146
4           2           277.01998398148146
4           3           277.01998398148146
4           4           277.01998398148146
4           5           277.01998398148146
4           6           277.01998398148146



em(t) - The limits of carbon emissions in period t.


1           1452.055048888889
2           1452.055048888889
3           1452.055048888889
4           1452.055048888889
5           1452.055048888889
6           1452.055048888889
