Information for the currently-owned machines and the machines that may be purchased: if 1, the machine can be purchased, otherwise currently-owned.


1           0.0
2           1.0
3           0.0
4           0.0



item_machine_arc(j, m) - The relationship arc between item j and machine m, i.e., machine m is capable of producing item j if item_machine_arc(j, m) = 1.


1           1           1.0
1           2           0.0
1           3           0.0
1           4           1.0
2           1           0.0
2           2           1.0
2           3           0.0
2           4           0.0
3           1           1.0
3           2           0.0
3           3           1.0
3           4           0.0
4           1           0.0
4           2           1.0
4           3           0.0
4           4           1.0
5           1           0.0
5           2           0.0
5           3           0.0
5           4           1.0
6           1           0.0
6           2           1.0
6           3           1.0
6           4           1.0
7           1           1.0
7           2           1.0
7           3           0.0
7           4           1.0
8           1           1.0
8           2           1.0
8           3           1.0
8           4           0.0



d(j, t) - Gross demand for item j in period t.


1           1           40
1           2           48
1           3           44
1           4           36
1           5           30
1           6           49
2           1           44
2           2           41
2           3           50
2           4           35
2           5           50
2           6           33
3           1           39
3           2           30
3           3           32
3           4           37
3           5           44
3           6           37
4           1           38
4           2           43
4           3           32
4           4           48
4           5           46
4           6           30
5           1           35
5           2           32
5           3           49
5           4           44
5           5           40
5           6           50
6           1           36
6           2           32
6           3           36
6           4           35
6           5           44
6           6           42
7           1           34
7           2           34
7           3           33
7           4           48
7           5           35
7           6           32
8           1           30
8           2           50
8           3           47
8           4           48
8           5           49
8           6           38



pt(j, m) - Time required to produce one unit of item j on machine m. The production time is period-independent.


1           1           0.968
1           2           1.391
1           3           0.811
1           4           1.026
2           1           1.335
2           2           1.206
2           3           1.361
2           4           1.213
3           1           0.757
3           2           0.814
3           3           0.79
3           4           0.891
4           1           1.365
4           2           0.521
4           3           1.089
4           4           0.71
5           1           1.038
5           2           0.989
5           3           0.891
5           4           1.037
6           1           0.996
6           2           1.42
6           3           0.548
6           4           0.882
7           1           0.674
7           2           0.602
7           3           1.23
7           4           0.736
8           1           1.428
8           2           0.841
8           3           0.798
8           4           1.063



pc(j, m) - Variable costs of producing one unit of item j on machine m. The production cost is period-independent.


1           1           2.491
1           2           3.247
1           3           3.436
1           4           8.513
2           1           1.385
2           2           3.695
2           3           4.8
2           4           11.008
3           1           1.306
3           2           3.487
3           3           2.817
3           4           11.297
4           1           2.851
4           2           2.143
4           3           4.399
4           4           6.8
5           1           1.964
5           2           1.343
5           3           3.922
5           4           8.055
6           1           2.784
6           2           1.449
6           3           3.549
6           4           7.172
7           1           1.975
7           2           2.758
7           3           4.913
7           4           4.464
8           1           1.701
8           2           3.415
8           3           2.11
8           4           7.76



pe(j, m) - Production emission for producing one unit of item j on machine m. The production emission is period-independent.


1           1           0.572
1           2           0.557
1           3           0.443
1           4           0.106
2           1           0.436
2           2           0.686
2           3           0.402
2           4           0.238
3           1           0.892
3           2           0.202
3           3           0.106
3           4           0.153
4           1           0.83
4           2           0.628
4           3           0.487
4           4           0.119
5           1           0.892
5           2           0.74
5           3           0.277
5           4           0.128
6           1           0.239
6           2           0.406
6           3           0.43
6           4           0.148
7           1           0.249
7           2           0.431
7           3           0.247
7           4           0.212
8           1           0.66
8           2           0.658
8           3           0.159
8           4           0.065



hc(j) - Inventory-holding costs for one unit of item j for one period.


1           0.288
2           0.214
3           0.128
4           0.26
5           0.109
6           0.229
7           0.213
8           0.265



st(j, m) - Setup times for producing a lot of item j on machine m. The setup times are period-independent.


1           1           82.627
1           2           72.377
1           3           88.085
1           4           33.023
2           1           49.733
2           2           27.105
2           3           34.907
2           4           82.759
3           1           76.177
3           2           82.773
3           3           50.186
3           4           69.942
4           1           28.095
4           2           36.344
4           3           93.358
4           4           42.311
5           1           58.723
5           2           94.231
5           3           36.376
5           4           74.863
6           1           91.847
6           2           34.397
6           3           98.139
6           4           26.721
7           1           61.811
7           2           99.247
7           3           68.197
7           4           68.294
8           1           98.954
8           2           27.234
8           3           73.186
8           4           44.259



se(j, m) - Setup emission for producing a lot of item j on machine m. The setup emission are period-independent.


1           1           22.711
1           2           19.1
1           3           8.127
1           4           3.15
2           1           16.169
2           2           27.18
2           3           6.735
2           4           6.956
3           1           35.964
3           2           25.305
3           3           19.22
3           4           7.168
4           1           11.317
4           2           17.037
4           3           6.832
4           4           8.513
5           1           35.276
5           2           25.215
5           3           5.194
5           4           9.834
6           1           17.796
6           2           13.805
6           3           19.329
6           4           5.713
7           1           29.895
7           2           23.062
7           3           14.675
7           4           5.244
8           1           28.532
8           2           12.324
8           3           17.929
8           4           3.095



sc(j, m) - Setup costs for producing a lot of item j on machine m. The setup costs are period-independent.


1           1           16598.4
1           2           22131.2
1           3           33196.8
1           4           66393.6
2           1           12633.133
2           2           16844.178
2           3           25266.267
2           4           50532.533
3           1           6540.8
3           2           8721.067
3           3           13081.6
3           4           26163.2
4           1           14378.0
4           2           19170.667
4           3           28756.0
4           4           57512.0
5           1           6358.333
5           2           8477.778
5           3           12716.667
5           4           25433.333
6           1           12022.5
6           2           16030.0
6           3           24045.0
6           4           48090.0
7           1           10735.2
7           2           14313.6
7           3           21470.4
7           4           42940.8
8           1           16200.333
8           2           21600.444
8           3           32400.667
8           4           64801.333



bc(m) - Fixed investment cost for machine m.


1           1284.8674216977636
2           1417.3231160257487
3           137.2683105138084
4           15288.28327983264



ca(m, t) - The available capacity of machine m in period t.


1           1           267.55372518518516
1           2           267.55372518518516
1           3           267.55372518518516
1           4           267.55372518518516
1           5           267.55372518518516
1           6           267.55372518518516
2           1           267.55372518518516
2           2           267.55372518518516
2           3           267.55372518518516
2           4           267.55372518518516
2           5           267.55372518518516
2           6           267.55372518518516
3           1           267.55372518518516
3           2           267.55372518518516
3           3           267.55372518518516
3           4           267.55372518518516
3           5           267.55372518518516
3           6           267.55372518518516
4           1           267.55372518518516
4           2           267.55372518518516
4           3           267.55372518518516
4           4           267.55372518518516
4           5           267.55372518518516
4           6           267.55372518518516



em(t) - The limits of carbon emissions in period t.


1           275.53734444444444
2           275.53734444444444
3           275.53734444444444
4           275.53734444444444
5           275.53734444444444
6           275.53734444444444
