Information for the currently-owned machines and the machines that may be purchased: if 1, the machine can be purchased, otherwise currently-owned.


1           1.0
2           0.0
3           0.0
4           0.0



item_machine_arc(j, m) - The relationship arc between item j and machine m, i.e., machine m is capable of producing item j if item_machine_arc(j, m) = 1.


1           1           1.0
1           2           1.0
1           3           1.0
1           4           0.0
2           1           1.0
2           2           0.0
2           3           0.0
2           4           1.0
3           1           0.0
3           2           1.0
3           3           1.0
3           4           1.0
4           1           0.0
4           2           1.0
4           3           0.0
4           4           0.0
5           1           1.0
5           2           1.0
5           3           1.0
5           4           1.0
6           1           1.0
6           2           1.0
6           3           1.0
6           4           1.0
7           1           1.0
7           2           1.0
7           3           1.0
7           4           1.0
8           1           0.0
8           2           1.0
8           3           1.0
8           4           1.0



d(j, t) - Gross demand for item j in period t.


1           1           43
1           2           34
1           3           34
1           4           30
1           5           33
1           6           32
2           1           47
2           2           50
2           3           32
2           4           47
2           5           32
2           6           42
3           1           42
3           2           40
3           3           33
3           4           44
3           5           40
3           6           32
4           1           44
4           2           33
4           3           44
4           4           45
4           5           35
4           6           37
5           1           30
5           2           46
5           3           37
5           4           44
5           5           47
5           6           43
6           1           48
6           2           38
6           3           43
6           4           47
6           5           36
6           6           40
7           1           39
7           2           34
7           3           32
7           4           47
7           5           34
7           6           38
8           1           46
8           2           43
8           3           36
8           4           38
8           5           38
8           6           40



pt(j, m) - Time required to produce one unit of item j on machine m. The production time is period-independent.


1           1           1.18
1           2           0.652
1           3           1.21
1           4           1.27
2           1           0.628
2           2           1.398
2           3           0.808
2           4           0.707
3           1           0.501
3           2           1.085
3           3           1.33
3           4           0.532
4           1           0.832
4           2           0.967
4           3           0.919
4           4           1.111
5           1           1.183
5           2           0.641
5           3           0.795
5           4           0.685
6           1           1.325
6           2           0.732
6           3           0.639
6           4           0.966
7           1           0.913
7           2           0.726
7           3           1.411
7           4           1.158
8           1           0.599
8           2           0.806
8           3           1.444
8           4           1.13



pc(j, m) - Variable costs of producing one unit of item j on machine m. The production cost is period-independent.


1           1           10.093
1           2           2.658
1           3           1.848
1           4           3.578
2           1           8.469
2           2           2.556
2           3           2.624
2           4           3.827
3           1           11.616
3           2           1.54
3           3           2.285
3           4           4.429
4           1           11.718
4           2           2.562
4           3           3.542
4           4           4.621
5           1           5.741
5           2           1.501
5           3           3.886
5           4           5.499
6           1           5.549
6           2           2.769
6           3           1.696
6           4           4.258
7           1           4.795
7           2           1.285
7           3           3.907
7           4           3.31
8           1           7.268
8           2           2.597
8           3           3.013
8           4           4.06



pe(j, m) - Production emission for producing one unit of item j on machine m. The production emission is period-independent.


1           1           0.928
1           2           3.982
1           3           2.003
1           4           1.956
2           1           0.803
2           2           1.616
2           3           2.154
2           4           1.219
3           1           0.72
3           2           4.983
3           3           2.693
3           4           1.818
4           1           0.52
4           2           1.715
4           3           2.902
4           4           1.259
5           1           0.568
5           2           1.768
5           3           3.007
5           4           1.947
6           1           0.584
6           2           4.072
6           3           2.12
6           4           2.467
7           1           1.145
7           2           4.326
7           3           3.116
7           4           1.463
8           1           0.369
8           2           4.87
8           3           3.711
8           4           0.518



hc(j) - Inventory-holding costs for one unit of item j for one period.


1           0.252
2           0.128
3           0.259
4           0.154
5           0.294
6           0.298
7           0.198
8           0.122



st(j, m) - Setup times for producing a lot of item j on machine m. The setup times are period-independent.


1           1           8.559
1           2           19.592
1           3           12.357
1           4           9.517
2           1           6.214
2           2           8.736
2           3           14.471
2           4           16.913
3           1           19.833
3           2           13.14
3           3           5.349
3           4           19.859
4           1           17.445
4           2           16.398
4           3           5.612
4           4           11.323
5           1           6.003
5           2           5.535
5           3           11.018
5           4           19.992
6           1           17.166
6           2           15.513
6           3           12.49
6           4           16.263
7           1           14.59
7           2           5.83
7           3           5.824
7           4           13.87
8           1           11.27
8           2           12.751
8           3           11.224
8           4           8.156



se(j, m) - Setup emission for producing a lot of item j on machine m. The setup emission are period-independent.


1           1           25.563
1           2           103.377
1           3           124.449
1           4           34.603
2           1           39.259
2           2           153.996
2           3           112.934
2           4           83.927
3           1           17.364
3           2           132.709
3           3           95.278
3           4           56.626
4           1           34.124
4           2           113.782
4           3           104.883
4           4           38.586
5           1           19.191
5           2           106.777
5           3           73.951
5           4           91.672
6           1           38.756
6           2           143.806
6           3           99.038
6           4           85.483
7           1           43.552
7           2           135.532
7           3           100.307
7           4           62.266
8           1           35.124
8           2           186.26
8           3           126.52
8           4           78.526



sc(j, m) - Setup costs for producing a lot of item j on machine m. The setup costs are period-independent.


1           1           53296.32
1           2           13324.08
1           3           17765.44
1           4           26648.16
2           1           32853.333
2           2           8213.333
2           3           10951.111
2           4           16426.667
3           1           61424.44
3           2           15356.11
3           3           20474.813
3           4           30712.22
4           1           37629.387
4           2           9407.347
4           3           12543.129
4           4           18814.693
5           1           74554.48
5           2           18638.62
5           3           24851.493
5           4           37277.24
6           1           77098.56
6           2           19274.64
6           3           25699.52
6           4           38549.28
7           1           45534.72
7           2           11383.68
7           3           15178.24
7           4           22767.36
8           1           30186.053
8           2           7546.513
8           3           10062.018
8           4           15093.027



bc(m) - Fixed investment cost for machine m.


1           13642.121221218526
2           1683.3141873540026
3           2317.6438473689536
4           1980.490748004309



ca(m, t) - The available capacity of machine m in period t.


1           1           161.59645185185184
1           2           161.59645185185184
1           3           161.59645185185184
1           4           161.59645185185184
1           5           161.59645185185184
1           6           161.59645185185184
2           1           161.59645185185184
2           2           161.59645185185184
2           3           161.59645185185184
2           4           161.59645185185184
2           5           161.59645185185184
2           6           161.59645185185184
3           1           161.59645185185184
3           2           161.59645185185184
3           3           161.59645185185184
3           4           161.59645185185184
3           5           161.59645185185184
3           6           161.59645185185184
4           1           161.59645185185184
4           2           161.59645185185184
4           3           161.59645185185184
4           4           161.59645185185184
4           5           161.59645185185184
4           6           161.59645185185184



em(t) - The limits of carbon emissions in period t.


1           1492.9953305555553
2           1492.9953305555553
3           1492.9953305555553
4           1492.9953305555553
5           1492.9953305555553
6           1492.9953305555553
