Information for the currently-owned machines and the machines that may be purchased: if 1, the machine can be purchased, otherwise currently-owned.


1           0.0
2           1.0
3           0.0
4           0.0



item_machine_arc(j, m) - The relationship arc between item j and machine m, i.e., machine m is capable of producing item j if item_machine_arc(j, m) = 1.


1           1           1.0
1           2           1.0
1           3           1.0
1           4           1.0
2           1           0.0
2           2           1.0
2           3           0.0
2           4           0.0
3           1           1.0
3           2           1.0
3           3           0.0
3           4           1.0
4           1           0.0
4           2           0.0
4           3           0.0
4           4           1.0
5           1           0.0
5           2           0.0
5           3           1.0
5           4           0.0
6           1           1.0
6           2           0.0
6           3           0.0
6           4           0.0
7           1           1.0
7           2           0.0
7           3           0.0
7           4           0.0
8           1           1.0
8           2           1.0
8           3           1.0
8           4           1.0



d(j, t) - Gross demand for item j in period t.


1           1           47
1           2           42
1           3           37
1           4           38
1           5           33
1           6           40
2           1           38
2           2           42
2           3           50
2           4           33
2           5           48
2           6           41
3           1           43
3           2           50
3           3           44
3           4           42
3           5           42
3           6           41
4           1           32
4           2           41
4           3           35
4           4           49
4           5           36
4           6           43
5           1           34
5           2           37
5           3           45
5           4           39
5           5           45
5           6           44
6           1           50
6           2           40
6           3           35
6           4           39
6           5           35
6           6           40
7           1           44
7           2           36
7           3           43
7           4           32
7           5           48
7           6           34
8           1           41
8           2           40
8           3           35
8           4           43
8           5           43
8           6           49



pt(j, m) - Time required to produce one unit of item j on machine m. The production time is period-independent.


1           1           0.734
1           2           0.665
1           3           0.885
1           4           1.45
2           1           0.771
2           2           1.066
2           3           0.846
2           4           0.523
3           1           0.772
3           2           0.828
3           3           1.332
3           4           0.92
4           1           0.892
4           2           1.206
4           3           1.293
4           4           1.339
5           1           0.929
5           2           0.665
5           3           0.503
5           4           1.327
6           1           0.913
6           2           0.839
6           3           1.299
6           4           1.365
7           1           0.913
7           2           1.122
7           3           1.133
7           4           1.168
8           1           1.384
8           2           1.409
8           3           1.14
8           4           1.272



pc(j, m) - Variable costs of producing one unit of item j on machine m. The production cost is period-independent.


1           1           4.021
1           2           2.499
1           3           11.81
1           4           1.642
2           1           2.237
2           2           1.538
2           3           4.815
2           4           1.958
3           1           5.453
3           2           2.428
3           3           4.347
3           4           1.387
4           1           5.037
4           2           2.282
4           3           5.533
4           4           2.706
5           1           2.626
5           2           1.538
5           3           8.781
5           4           2.938
6           1           4.334
6           2           3.021
6           3           8.001
6           4           2.947
7           1           4.692
7           2           1.915
7           3           6.146
7           4           1.635
8           1           5.647
8           2           1.401
8           3           5.773
8           4           1.225



pe(j, m) - Production emission for producing one unit of item j on machine m. The production emission is period-independent.


1           1           0.29
1           2           0.708
1           3           0.159
1           4           0.782
2           1           0.429
2           2           0.238
2           3           0.2
2           4           0.513
3           1           0.494
3           2           0.308
3           3           0.125
3           4           0.628
4           1           0.465
4           2           0.231
4           3           0.133
4           4           0.256
5           1           0.315
5           2           0.514
5           3           0.218
5           4           0.654
6           1           0.182
6           2           0.722
6           3           0.109
6           4           0.683
7           1           0.487
7           2           0.257
7           3           0.114
7           4           0.327
8           1           0.482
8           2           0.598
8           3           0.098
8           4           0.932



hc(j) - Inventory-holding costs for one unit of item j for one period.


1           0.205
2           0.284
3           0.218
4           0.266
5           0.104
6           0.182
7           0.131
8           0.176



st(j, m) - Setup times for producing a lot of item j on machine m. The setup times are period-independent.


1           1           49.854
1           2           87.26
1           3           98.25
1           4           87.248
2           1           65.702
2           2           68.849
2           3           69.509
2           4           89.268
3           1           57.591
3           2           83.891
3           3           55.999
3           4           68.223
4           1           76.533
4           2           78.671
4           3           93.945
4           4           58.989
5           1           60.251
5           2           64.432
5           3           79.847
5           4           77.27
6           1           92.412
6           2           58.464
6           3           84.059
6           4           90.743
7           1           89.778
7           2           73.608
7           3           87.062
7           4           60.256
8           1           69.811
8           2           49.695
8           3           80.571
8           4           56.584



se(j, m) - Setup emission for producing a lot of item j on machine m. The setup emission are period-independent.


1           1           14.944
1           2           9.859
1           3           4.697
1           4           37.6
2           1           19.757
2           2           22.166
2           3           7.676
2           4           11.248
3           1           6.984
3           2           9.015
3           3           3.813
3           4           33.769
4           1           12.571
4           2           27.297
4           3           8.344
4           4           38.83
5           1           5.875
5           2           22.065
5           3           6.886
5           4           34.918
6           1           11.701
6           2           22.063
6           3           4.809
6           4           36.033
7           1           5.484
7           2           21.932
7           3           7.139
7           4           21.027
8           1           19.725
8           2           22.197
8           3           4.398
8           4           10.356



sc(j, m) - Setup costs for producing a lot of item j on machine m. The setup costs are period-independent.


1           1           24940.3
1           2           16626.867
1           3           49880.6
1           4           12470.15
2           1           36738.24
2           2           24492.16
2           3           73476.48
2           4           18369.12
3           1           29319.547
3           2           19546.364
3           3           58639.093
3           4           14659.773
4           1           32225.013
4           2           21483.342
4           3           64450.027
4           4           16112.507
5           1           13026.347
5           2           8684.231
5           3           26052.693
5           4           6513.173
6           1           22328.973
6           2           14885.982
6           3           44657.947
6           4           11164.487
7           1           15937.46
7           2           10624.973
7           3           31874.92
7           4           7968.73
8           1           22677.013
8           2           15118.009
8           3           45354.027
8           4           11338.507



bc(m) - Fixed investment cost for machine m.


1           5312.854307109966
2           3318.3904907829155
3           9393.089758804625
4           4470.316210968373



ca(m, t) - The available capacity of machine m in period t.


1           1           318.5809977777778
1           2           318.5809977777778
1           3           318.5809977777778
1           4           318.5809977777778
1           5           318.5809977777778
1           6           318.5809977777778
2           1           318.5809977777778
2           2           318.5809977777778
2           3           318.5809977777778
2           4           318.5809977777778
2           5           318.5809977777778
2           6           318.5809977777778
3           1           318.5809977777778
3           2           318.5809977777778
3           3           318.5809977777778
3           4           318.5809977777778
3           5           318.5809977777778
3           6           318.5809977777778
4           1           318.5809977777778
4           2           318.5809977777778
4           3           318.5809977777778
4           4           318.5809977777778
4           5           318.5809977777778
4           6           318.5809977777778



em(t) - The limits of carbon emissions in period t.


1           257.24461388888886
2           257.24461388888886
3           257.24461388888886
4           257.24461388888886
5           257.24461388888886
6           257.24461388888886
