Information for the currently-owned machines and the machines that may be purchased: if 1, the machine can be purchased, otherwise currently-owned.


1           0.0
2           1.0
3           0.0
4           0.0



item_machine_arc(j, m) - The relationship arc between item j and machine m, i.e., machine m is capable of producing item j if item_machine_arc(j, m) = 1.


1           1           0.0
1           2           0.0
1           3           1.0
1           4           1.0
2           1           0.0
2           2           0.0
2           3           1.0
2           4           1.0
3           1           1.0
3           2           0.0
3           3           0.0
3           4           0.0
4           1           0.0
4           2           1.0
4           3           0.0
4           4           0.0
5           1           1.0
5           2           1.0
5           3           1.0
5           4           0.0
6           1           0.0
6           2           0.0
6           3           1.0
6           4           0.0
7           1           0.0
7           2           1.0
7           3           1.0
7           4           1.0
8           1           1.0
8           2           0.0
8           3           0.0
8           4           0.0



d(j, t) - Gross demand for item j in period t.


1           1           40
1           2           38
1           3           40
1           4           49
1           5           38
1           6           49
2           1           45
2           2           36
2           3           40
2           4           41
2           5           44
2           6           36
3           1           42
3           2           36
3           3           48
3           4           47
3           5           35
3           6           45
4           1           31
4           2           30
4           3           35
4           4           35
4           5           48
4           6           40
5           1           49
5           2           39
5           3           49
5           4           47
5           5           50
5           6           46
6           1           36
6           2           31
6           3           46
6           4           40
6           5           48
6           6           37
7           1           36
7           2           44
7           3           31
7           4           45
7           5           42
7           6           46
8           1           46
8           2           48
8           3           32
8           4           41
8           5           35
8           6           36



pt(j, m) - Time required to produce one unit of item j on machine m. The production time is period-independent.


1           1           0.835
1           2           0.767
1           3           1.374
1           4           0.813
2           1           0.651
2           2           0.855
2           3           0.552
2           4           0.609
3           1           1.152
3           2           0.902
3           3           0.824
3           4           1.359
4           1           0.531
4           2           1.199
4           3           0.936
4           4           0.634
5           1           1.241
5           2           1.438
5           3           1.449
5           4           0.639
6           1           1.255
6           2           1.17
6           3           1.384
6           4           1.317
7           1           1.265
7           2           0.906
7           3           1.353
7           4           1.267
8           1           0.715
8           2           0.996
8           3           1.467
8           4           0.77



pc(j, m) - Variable costs of producing one unit of item j on machine m. The production cost is period-independent.


1           1           3.33
1           2           2.703
1           3           2.88
1           4           9.434
2           1           5.07
2           2           2.501
2           3           3.638
2           4           8.895
3           1           3.498
3           2           2.526
3           3           3.979
3           4           6.666
4           1           5.285
4           2           1.252
4           3           2.859
4           4           4.609
5           1           5.269
5           2           1.886
5           3           3.137
5           4           8.838
6           1           5.212
6           2           1.393
6           3           3.683
6           4           8.138
7           1           4.235
7           2           1.589
7           3           3.232
7           4           8.24
8           1           5.265
8           2           1.733
8           3           1.494
8           4           6.294



pe(j, m) - Production emission for producing one unit of item j on machine m. The production emission is period-independent.


1           1           2.321
1           2           4.756
1           3           3.638
1           4           0.869
2           1           1.912
2           2           4.8
2           3           2.267
2           4           1.136
3           1           2.447
3           2           1.17
3           3           1.552
3           4           0.805
4           1           1.746
4           2           2.566
4           3           1.516
4           4           0.878
5           1           2.321
5           2           2.465
5           3           0.787
5           4           0.26
6           1           1.633
6           2           3.935
6           3           2.313
6           4           0.571
7           1           1.271
7           2           3.144
7           3           1.091
7           4           0.725
8           1           0.629
8           2           4.806
8           3           2.236
8           4           0.778



hc(j) - Inventory-holding costs for one unit of item j for one period.


1           0.27
2           0.176
3           0.268
4           0.213
5           0.241
6           0.14
7           0.104
8           0.263



st(j, m) - Setup times for producing a lot of item j on machine m. The setup times are period-independent.


1           1           10.861
1           2           8.786
1           3           8.582
1           4           9.639
2           1           9.639
2           2           9.107
2           3           16.95
2           4           13.491
3           1           9.564
3           2           15.177
3           3           16.761
3           4           16.401
4           1           19.058
4           2           10.503
4           3           12.52
4           4           18.132
5           1           8.37
5           2           14.601
5           3           16.823
5           4           16.764
6           1           11.963
6           2           12.274
6           3           15.522
6           4           14.61
7           1           8.309
7           2           13.259
7           3           12.038
7           4           6.955
8           1           12.458
8           2           7.823
8           3           17.21
8           4           10.01



se(j, m) - Setup emission for producing a lot of item j on machine m. The setup emission are period-independent.


1           1           41.646
1           2           50.296
1           3           56.625
1           4           41.266
2           1           46.654
2           2           132.336
2           3           144.911
2           4           16.512
3           1           55.084
3           2           74.361
3           3           139.298
3           4           44.573
4           1           25.3
4           2           66.393
4           3           142.546
4           4           17.35
5           1           30.358
5           2           101.987
5           3           61.944
5           4           14.207
6           1           68.212
6           2           95.955
6           3           46.791
6           4           46.574
7           1           52.625
7           2           65.73
7           3           56.795
7           4           15.85
8           1           54.275
8           2           150.349
8           3           47.88
8           4           23.994



sc(j, m) - Setup costs for producing a lot of item j on machine m. The setup costs are period-independent.


1           1           35204.4
1           2           17602.2
1           3           23469.6
1           4           70408.8
2           1           21863.893
2           2           10931.947
2           3           14575.929
2           4           43727.787
3           1           34806.053
3           2           17403.027
3           3           23204.036
3           4           69612.107
4           1           23945.46
4           2           11972.73
4           3           15963.64
4           4           47890.92
5           1           34639.733
5           2           17319.867
5           3           23093.156
5           4           69279.467
6           1           17104.267
6           2           8552.133
6           3           11402.844
6           4           34208.533
7           1           13026.347
7           2           6513.173
7           3           8684.231
7           4           26052.693
8           1           32131.587
8           2           16065.793
8           3           21421.058
8           4           64263.173



bc(m) - Fixed investment cost for machine m.


1           6730.929884889853
2           365.8504116576644
3           6428.014673562442
4           18329.847198843374



ca(m, t) - The available capacity of machine m in period t.


1           1           189.2388037037037
1           2           189.2388037037037
1           3           189.2388037037037
1           4           189.2388037037037
1           5           189.2388037037037
1           6           189.2388037037037
2           1           189.2388037037037
2           2           189.2388037037037
2           3           189.2388037037037
2           4           189.2388037037037
2           5           189.2388037037037
2           6           189.2388037037037
3           1           189.2388037037037
3           2           189.2388037037037
3           3           189.2388037037037
3           4           189.2388037037037
3           5           189.2388037037037
3           6           189.2388037037037
4           1           189.2388037037037
4           2           189.2388037037037
4           3           189.2388037037037
4           4           189.2388037037037
4           5           189.2388037037037
4           6           189.2388037037037



em(t) - The limits of carbon emissions in period t.


1           1208.2506333333333
2           1208.2506333333333
3           1208.2506333333333
4           1208.2506333333333
5           1208.2506333333333
6           1208.2506333333333
