Information for the currently-owned machines and the machines that may be purchased: if 1, the machine can be purchased, otherwise currently-owned.


1           0.0
2           0.0
3           1.0
4           0.0



item_machine_arc(j, m) - The relationship arc between item j and machine m, i.e., machine m is capable of producing item j if item_machine_arc(j, m) = 1.


1           1           1.0
1           2           1.0
1           3           0.0
1           4           1.0
2           1           0.0
2           2           0.0
2           3           1.0
2           4           0.0
3           1           1.0
3           2           0.0
3           3           0.0
3           4           0.0
4           1           1.0
4           2           1.0
4           3           1.0
4           4           1.0
5           1           0.0
5           2           0.0
5           3           1.0
5           4           0.0
6           1           0.0
6           2           0.0
6           3           0.0
6           4           1.0
7           1           0.0
7           2           0.0
7           3           0.0
7           4           1.0
8           1           1.0
8           2           1.0
8           3           1.0
8           4           1.0



d(j, t) - Gross demand for item j in period t.


1           1           50
1           2           33
1           3           48
1           4           44
1           5           33
1           6           31
2           1           39
2           2           36
2           3           45
2           4           44
2           5           34
2           6           50
3           1           44
3           2           35
3           3           49
3           4           35
3           5           40
3           6           41
4           1           44
4           2           39
4           3           38
4           4           39
4           5           31
4           6           44
5           1           39
5           2           31
5           3           30
5           4           46
5           5           38
5           6           48
6           1           44
6           2           30
6           3           42
6           4           41
6           5           44
6           6           36
7           1           41
7           2           33
7           3           42
7           4           34
7           5           41
7           6           41
8           1           30
8           2           38
8           3           33
8           4           38
8           5           30
8           6           47



pt(j, m) - Time required to produce one unit of item j on machine m. The production time is period-independent.


1           1           0.652
1           2           1.445
1           3           0.801
1           4           0.874
2           1           0.724
2           2           1.098
2           3           0.982
2           4           1.469
3           1           1.241
3           2           1.443
3           3           0.587
3           4           0.76
4           1           0.633
4           2           0.885
4           3           1.167
4           4           0.671
5           1           0.935
5           2           0.639
5           3           1.018
5           4           0.531
6           1           1.304
6           2           0.826
6           3           0.765
6           4           1.425
7           1           0.894
7           2           0.589
7           3           1.425
7           4           0.577
8           1           0.579
8           2           1.401
8           3           1.204
8           4           0.527



pc(j, m) - Variable costs of producing one unit of item j on machine m. The production cost is period-independent.


1           1           2.472
1           2           2.334
1           3           5.332
1           4           5.12
2           1           1.985
2           2           3.633
2           3           10.344
2           4           4.313
3           1           1.537
3           2           2.942
3           3           4.498
3           4           3.14
4           1           2.053
4           2           2.027
4           3           11.826
4           4           4.013
5           1           1.28
5           2           2.986
5           3           11.757
5           4           2.122
6           1           1.015
6           2           3.548
6           3           11.973
6           4           2.909
7           1           1.711
7           2           2.415
7           3           11.39
7           4           3.427
8           1           2.509
8           2           3.675
8           3           10.002
8           4           3.52



pe(j, m) - Production emission for producing one unit of item j on machine m. The production emission is period-independent.


1           1           4.18
1           2           1.839
1           3           0.753
1           4           2.417
2           1           2.019
2           2           3.403
2           3           0.293
2           4           1.513
3           1           3.967
3           2           1.15
3           3           1.065
3           4           0.587
4           1           4.132
4           2           2.243
4           3           0.568
4           4           1.739
5           1           3.423
5           2           2.102
5           3           1.053
5           4           0.523
6           1           4.937
6           2           1.856
6           3           0.505
6           4           0.853
7           1           3.939
7           2           2.25
7           3           0.797
7           4           1.744
8           1           1.536
8           2           2.372
8           3           0.918
8           4           1.957



hc(j) - Inventory-holding costs for one unit of item j for one period.


1           0.199
2           0.106
3           0.198
4           0.202
5           0.235
6           0.185
7           0.163
8           0.143



st(j, m) - Setup times for producing a lot of item j on machine m. The setup times are period-independent.


1           1           9.962
1           2           19.363
1           3           10.327
1           4           16.234
2           1           5.723
2           2           9.531
2           3           13.867
2           4           13.222
3           1           11.434
3           2           18.268
3           3           15.043
3           4           16.627
4           1           17.936
4           2           8.967
4           3           15.402
4           4           14.204
5           1           6.991
5           2           17.541
5           3           6.711
5           4           14.799
6           1           11.765
6           2           7.06
6           3           13.617
6           4           13.958
7           1           9.947
7           2           14.879
7           3           12.172
7           4           12.574
8           1           9.131
8           2           16.484
8           3           13.343
8           4           16.038



se(j, m) - Setup emission for producing a lot of item j on machine m. The setup emission are period-independent.


1           1           16.542
1           2           12.848
1           3           4.373
1           4           16.491
2           1           11.097
2           2           20.93
2           3           9.373
2           4           7.624
3           1           28.375
3           2           16.607
3           3           4.806
3           4           10.546
4           1           20.231
4           2           11.752
4           3           8.325
4           4           17.182
5           1           14.904
5           2           14.309
5           3           9.044
5           4           17.05
6           1           19.084
6           2           24.687
6           3           9.797
6           4           19.636
7           1           21.77
7           2           17.836
7           3           8.502
7           4           18.057
8           1           24.53
8           2           15.372
8           3           4.606
8           4           19.484



sc(j, m) - Setup costs for producing a lot of item j on machine m. The setup costs are period-independent.


1           1           12207.323
1           2           16276.431
1           3           48829.293
1           4           24414.647
2           1           6747.253
2           2           8996.338
2           3           26989.013
2           4           13494.507
3           1           12400.08
3           2           16533.44
3           3           49600.32
3           4           24800.16
4           1           12183.967
4           2           16245.289
4           3           48735.867
4           4           24367.933
5           1           13993.467
5           2           18657.956
5           3           55973.867
5           4           27986.933
6           1           11253.55
6           2           15004.733
6           3           45014.2
6           4           22507.1
7           1           9706.107
7           2           12941.476
7           3           38824.427
7           4           19412.213
8           1           7927.92
8           2           10570.56
8           3           31711.68
8           4           15855.84



bc(m) - Fixed investment cost for machine m.


1           2419.6461772669027
2           3057.7696950471354
3           10957.760091906532
4           4045.1252517552193



ca(m, t) - The available capacity of machine m in period t.


1           1           170.58015462962965
1           2           170.58015462962965
1           3           170.58015462962965
1           4           170.58015462962965
1           5           170.58015462962965
1           6           170.58015462962965
2           1           170.58015462962965
2           2           170.58015462962965
2           3           170.58015462962965
2           4           170.58015462962965
2           5           170.58015462962965
2           6           170.58015462962965
3           1           170.58015462962965
3           2           170.58015462962965
3           3           170.58015462962965
3           4           170.58015462962965
3           5           170.58015462962965
3           6           170.58015462962965
4           1           170.58015462962965
4           2           170.58015462962965
4           3           170.58015462962965
4           4           170.58015462962965
4           5           170.58015462962965
4           6           170.58015462962965



em(t) - The limits of carbon emissions in period t.


1           893.7931333333333
2           893.7931333333333
3           893.7931333333333
4           893.7931333333333
5           893.7931333333333
6           893.7931333333333
