Information for the currently-owned machines and the machines that may be purchased: if 1, the machine can be purchased, otherwise currently-owned.


1           0.0
2           1.0
3           0.0
4           0.0



item_machine_arc(j, m) - The relationship arc between item j and machine m, i.e., machine m is capable of producing item j if item_machine_arc(j, m) = 1.


1           1           1.0
1           2           1.0
1           3           0.0
1           4           0.0
2           1           1.0
2           2           0.0
2           3           1.0
2           4           1.0
3           1           0.0
3           2           1.0
3           3           0.0
3           4           1.0
4           1           1.0
4           2           1.0
4           3           1.0
4           4           1.0
5           1           1.0
5           2           0.0
5           3           1.0
5           4           0.0
6           1           0.0
6           2           1.0
6           3           1.0
6           4           1.0
7           1           0.0
7           2           1.0
7           3           1.0
7           4           0.0
8           1           1.0
8           2           1.0
8           3           1.0
8           4           0.0



d(j, t) - Gross demand for item j in period t.


1           1           47
1           2           47
1           3           45
1           4           32
1           5           31
1           6           35
2           1           32
2           2           44
2           3           43
2           4           39
2           5           42
2           6           32
3           1           31
3           2           45
3           3           36
3           4           38
3           5           31
3           6           30
4           1           40
4           2           49
4           3           32
4           4           31
4           5           30
4           6           39
5           1           30
5           2           42
5           3           47
5           4           35
5           5           49
5           6           36
6           1           30
6           2           42
6           3           43
6           4           40
6           5           49
6           6           49
7           1           35
7           2           31
7           3           32
7           4           50
7           5           41
7           6           41
8           1           33
8           2           41
8           3           33
8           4           43
8           5           30
8           6           32



pt(j, m) - Time required to produce one unit of item j on machine m. The production time is period-independent.


1           1           1.058
1           2           1.138
1           3           1.41
1           4           1.058
2           1           1.446
2           2           1.488
2           3           1.468
2           4           1.297
3           1           1.426
3           2           0.553
3           3           1.075
3           4           1.14
4           1           0.584
4           2           1.094
4           3           0.748
4           4           0.558
5           1           1.144
5           2           1.325
5           3           1.22
5           4           1.346
6           1           0.673
6           2           1.325
6           3           0.915
6           4           0.545
7           1           1.332
7           2           1.038
7           3           1.461
7           4           0.531
8           1           0.603
8           2           0.644
8           3           0.788
8           4           1.037



pc(j, m) - Variable costs of producing one unit of item j on machine m. The production cost is period-independent.


1           1           1.174
1           2           6.033
1           3           2.002
1           4           3.011
2           1           1.333
2           2           6.632
2           3           1.487
2           4           2.436
3           1           1.234
3           2           7.422
3           3           1.913
3           4           2.61
4           1           2.009
4           2           8.183
4           3           3.457
4           4           5.862
5           1           1.415
5           2           10.234
5           3           2.964
5           4           2.588
6           1           1.218
6           2           7.655
6           3           3.957
6           4           4.325
7           1           2.898
7           2           11.036
7           3           3.086
7           4           4.113
8           1           2.777
8           2           5.511
8           3           2.381
8           4           4.842



pe(j, m) - Production emission for producing one unit of item j on machine m. The production emission is period-independent.


1           1           0.775
1           2           0.192
1           3           0.505
1           4           0.171
2           1           0.645
2           2           0.065
2           3           0.307
2           4           0.221
3           1           0.327
3           2           0.174
3           3           0.457
3           4           0.482
4           1           0.648
4           2           0.071
4           3           0.692
4           4           0.455
5           1           0.984
5           2           0.21
5           3           0.748
5           4           0.262
6           1           0.317
6           2           0.16
6           3           0.319
6           4           0.122
7           1           0.747
7           2           0.159
7           3           0.247
7           4           0.268
8           1           0.428
8           2           0.155
8           3           0.212
8           4           0.411



hc(j) - Inventory-holding costs for one unit of item j for one period.


1           0.223
2           0.263
3           0.199
4           0.255
5           0.136
6           0.221
7           0.294
8           0.183



st(j, m) - Setup times for producing a lot of item j on machine m. The setup times are period-independent.


1           1           72.836
1           2           46.21
1           3           43.2
1           4           34.848
2           1           43.123
2           2           86.249
2           3           44.412
2           4           67.015
3           1           84.605
3           2           82.776
3           3           65.478
3           4           95.108
4           1           28.105
4           2           32.202
4           3           49.543
4           4           61.935
5           1           49.44
5           2           84.603
5           3           56.69
5           4           60.652
6           1           51.786
6           2           77.046
6           3           45.573
6           4           75.518
7           1           82.794
7           2           40.705
7           3           84.525
7           4           88.928
8           1           69.987
8           2           38.205
8           3           47.733
8           4           93.376



se(j, m) - Setup emission for producing a lot of item j on machine m. The setup emission are period-independent.


1           1           181.616
1           2           44.501
1           3           82.608
1           4           59.754
2           1           118.993
2           2           21.637
2           3           104.342
2           4           28.198
3           1           195.571
3           2           15.846
3           3           116.581
3           4           45.286
4           1           107.753
4           2           44.045
4           3           48.208
4           4           36.107
5           1           58.417
5           2           46.788
5           3           118.356
5           4           41.66
6           1           77.192
6           2           46.499
6           3           119.267
6           4           65.418
7           1           93.974
7           2           37.531
7           3           78.909
7           4           39.171
8           1           80.912
8           2           21.635
8           3           67.124
8           4           62.228



sc(j, m) - Setup costs for producing a lot of item j on machine m. The setup costs are period-independent.


1           1           13565.09
1           2           54260.36
1           3           18086.787
1           4           27130.18
2           1           15660.773
2           2           62643.093
2           3           20881.031
2           4           31321.547
3           1           10777.177
3           2           43108.707
3           3           14369.569
3           4           21554.353
4           1           14464.45
4           2           57857.8
4           3           19285.933
4           4           28928.9
5           1           8342.693
5           2           33370.773
5           3           11123.591
5           4           16685.387
6           1           14351.003
6           2           57404.013
6           3           19134.671
6           4           28702.007
7           1           17355.8
7           2           69423.2
7           3           23141.067
7           4           34711.6
8           1           9957.64
8           2           39830.56
8           3           13276.853
8           4           19915.28



bc(m) - Fixed investment cost for machine m.


1           1991.7509172205998
2           13777.248752470221
3           5251.332831556294
4           9981.451145194034



ca(m, t) - The available capacity of machine m in period t.


1           1           257.27317129629625
1           2           257.27317129629625
1           3           257.27317129629625
1           4           257.27317129629625
1           5           257.27317129629625
1           6           257.27317129629625
2           1           257.27317129629625
2           2           257.27317129629625
2           3           257.27317129629625
2           4           257.27317129629625
2           5           257.27317129629625
2           6           257.27317129629625
3           1           257.27317129629625
3           2           257.27317129629625
3           3           257.27317129629625
3           4           257.27317129629625
3           5           257.27317129629625
3           6           257.27317129629625
4           1           257.27317129629625
4           2           257.27317129629625
4           3           257.27317129629625
4           4           257.27317129629625
4           5           257.27317129629625
4           6           257.27317129629625



em(t) - The limits of carbon emissions in period t.


1           568.9366861111112
2           568.9366861111112
3           568.9366861111112
4           568.9366861111112
5           568.9366861111112
6           568.9366861111112
