Information for the currently-owned machines and the machines that may be purchased: if 1, the machine can be purchased, otherwise currently-owned.


1           0.0
2           0.0
3           0.0
4           1.0



item_machine_arc(j, m) - The relationship arc between item j and machine m, i.e., machine m is capable of producing item j if item_machine_arc(j, m) = 1.


1           1           1.0
1           2           0.0
1           3           0.0
1           4           1.0
2           1           0.0
2           2           0.0
2           3           1.0
2           4           1.0
3           1           1.0
3           2           1.0
3           3           1.0
3           4           0.0
4           1           1.0
4           2           1.0
4           3           1.0
4           4           0.0
5           1           1.0
5           2           1.0
5           3           1.0
5           4           1.0
6           1           1.0
6           2           1.0
6           3           1.0
6           4           0.0
7           1           0.0
7           2           0.0
7           3           1.0
7           4           0.0
8           1           1.0
8           2           1.0
8           3           1.0
8           4           1.0



d(j, t) - Gross demand for item j in period t.


1           1           34
1           2           41
1           3           37
1           4           41
1           5           33
1           6           46
2           1           50
2           2           30
2           3           31
2           4           38
2           5           34
2           6           44
3           1           32
3           2           39
3           3           38
3           4           39
3           5           41
3           6           45
4           1           34
4           2           50
4           3           33
4           4           39
4           5           32
4           6           34
5           1           49
5           2           43
5           3           37
5           4           43
5           5           31
5           6           34
6           1           40
6           2           30
6           3           31
6           4           37
6           5           43
6           6           47
7           1           31
7           2           43
7           3           37
7           4           45
7           5           30
7           6           48
8           1           38
8           2           31
8           3           50
8           4           34
8           5           45
8           6           34



pt(j, m) - Time required to produce one unit of item j on machine m. The production time is period-independent.


1           1           0.828
1           2           1.166
1           3           1.313
1           4           1.241
2           1           1.019
2           2           0.723
2           3           1.341
2           4           0.583
3           1           0.705
3           2           1.356
3           3           0.828
3           4           0.894
4           1           0.919
4           2           1.434
4           3           0.569
4           4           1.239
5           1           0.862
5           2           0.605
5           3           1.382
5           4           1.489
6           1           0.522
6           2           1.25
6           3           0.58
6           4           1.481
7           1           1.107
7           2           0.944
7           3           0.833
7           4           0.889
8           1           1.428
8           2           0.769
8           3           0.575
8           4           0.986



pc(j, m) - Variable costs of producing one unit of item j on machine m. The production cost is period-independent.


1           1           10.068
1           2           1.699
1           3           5.731
1           4           1.492
2           1           11.1
2           2           1.229
2           3           3.858
2           4           3.798
3           1           8.3
3           2           1.5
3           3           4.264
3           4           3.59
4           1           11.953
4           2           2.094
4           3           2.721
4           4           1.593
5           1           9.829
5           2           1.771
5           3           5.589
5           4           1.776
6           1           6.156
6           2           1.606
6           3           2.899
6           4           1.376
7           1           7.893
7           2           2.895
7           3           5.344
7           4           1.724
8           1           5.16
8           2           1.317
8           3           3.356
8           4           2.883



pe(j, m) - Production emission for producing one unit of item j on machine m. The production emission is period-independent.


1           1           0.212
1           2           0.636
1           3           0.244
1           4           0.516
2           1           0.232
2           2           0.894
2           3           0.313
2           4           0.498
3           1           0.125
3           2           0.894
3           3           0.405
3           4           0.304
4           1           0.203
4           2           0.989
4           3           0.112
4           4           0.537
5           1           0.236
5           2           0.291
5           3           0.101
5           4           0.298
6           1           0.093
6           2           0.821
6           3           0.125
6           4           0.346
7           1           0.176
7           2           0.692
7           3           0.224
7           4           0.386
8           1           0.134
8           2           0.676
8           3           0.271
8           4           0.349



hc(j) - Inventory-holding costs for one unit of item j for one period.


1           0.133
2           0.116
3           0.275
4           0.201
5           0.242
6           0.284
7           0.294
8           0.228



st(j, m) - Setup times for producing a lot of item j on machine m. The setup times are period-independent.


1           1           60.287
1           2           86.112
1           3           71.897
1           4           86.33
2           1           77.773
2           2           50.144
2           3           67.149
2           4           92.516
3           1           40.706
3           2           58.05
3           3           71.313
3           4           35.945
4           1           64.676
4           2           72.005
4           3           62.894
4           4           51.664
5           1           86.24
5           2           59.4
5           3           35.087
5           4           91.634
6           1           35.496
6           2           40.178
6           3           64.255
6           4           73.598
7           1           79.577
7           2           63.164
7           3           99.517
7           4           48.653
8           1           85.074
8           2           33.272
8           3           68.949
8           4           48.135



se(j, m) - Setup emission for producing a lot of item j on machine m. The setup emission are period-independent.


1           1           5.699
1           2           23.403
1           3           8.173
1           4           20.267
2           1           5.234
2           2           21.979
2           3           9.5
2           4           18.765
3           1           8.963
3           2           22.022
3           3           7.183
3           4           8.591
4           1           8.377
4           2           39.426
4           3           12.326
4           4           22.202
5           1           3.8
5           2           39.925
5           3           12.319
5           4           14.684
6           1           2.583
6           2           21.516
6           3           9.001
6           4           26.109
7           1           7.622
7           2           22.763
7           3           7.806
7           4           12.029
8           1           9.005
8           2           20.949
8           3           10.684
8           4           14.473



sc(j, m) - Setup costs for producing a lot of item j on machine m. The setup costs are period-independent.


1           1           28798.933
1           2           7199.733
1           3           14399.467
1           4           9599.644
2           1           24576.533
2           2           6144.133
2           3           12288.267
2           4           8192.178
3           1           60060.0
3           2           15015.0
3           3           30030.0
3           4           20020.0
4           1           41647.2
4           2           10411.8
4           3           20823.6
4           4           13882.4
5           1           53530.4
5           2           13382.6
5           3           26765.2
5           4           17843.467
6           1           60435.2
6           2           15108.8
6           3           30217.6
6           4           20145.067
7           1           64209.6
7           2           16052.4
7           3           32104.8
7           4           21403.2
8           1           49369.6
8           2           12342.4
8           3           24684.8
8           4           16456.533



bc(m) - Fixed investment cost for machine m.


1           19235.745399950174
2           1387.8836630073927
3           7658.310790426589
4           1137.0679021986102



ca(m, t) - The available capacity of machine m in period t.


1           1           290.63245750000004
1           2           290.63245750000004
1           3           290.63245750000004
1           4           290.63245750000004
1           5           290.63245750000004
1           6           290.63245750000004
2           1           290.63245750000004
2           2           290.63245750000004
2           3           290.63245750000004
2           4           290.63245750000004
2           5           290.63245750000004
2           6           290.63245750000004
3           1           290.63245750000004
3           2           290.63245750000004
3           3           290.63245750000004
3           4           290.63245750000004
3           5           290.63245750000004
3           6           290.63245750000004
4           1           290.63245750000004
4           2           290.63245750000004
4           3           290.63245750000004
4           4           290.63245750000004
4           5           290.63245750000004
4           6           290.63245750000004



em(t) - The limits of carbon emissions in period t.


1           229.55117500000003
2           229.55117500000003
3           229.55117500000003
4           229.55117500000003
5           229.55117500000003
6           229.55117500000003
