Information for the currently-owned machines and the machines that may be purchased: if 1, the machine can be purchased, otherwise currently-owned.


1           0.0
2           0.0
3           0.0
4           1.0



item_machine_arc(j, m) - The relationship arc between item j and machine m, i.e., machine m is capable of producing item j if item_machine_arc(j, m) = 1.


1           1           1.0
1           2           1.0
1           3           1.0
1           4           1.0
2           1           1.0
2           2           1.0
2           3           1.0
2           4           0.0
3           1           1.0
3           2           0.0
3           3           0.0
3           4           0.0
4           1           1.0
4           2           1.0
4           3           1.0
4           4           0.0
5           1           1.0
5           2           0.0
5           3           0.0
5           4           0.0
6           1           1.0
6           2           1.0
6           3           1.0
6           4           1.0
7           1           1.0
7           2           1.0
7           3           1.0
7           4           1.0
8           1           0.0
8           2           0.0
8           3           0.0
8           4           1.0



d(j, t) - Gross demand for item j in period t.


1           1           37
1           2           33
1           3           40
1           4           49
1           5           30
1           6           39
2           1           41
2           2           31
2           3           45
2           4           43
2           5           45
2           6           37
3           1           40
3           2           46
3           3           31
3           4           48
3           5           36
3           6           43
4           1           40
4           2           40
4           3           44
4           4           50
4           5           30
4           6           32
5           1           45
5           2           46
5           3           30
5           4           41
5           5           31
5           6           34
6           1           35
6           2           35
6           3           45
6           4           46
6           5           50
6           6           43
7           1           32
7           2           40
7           3           39
7           4           35
7           5           36
7           6           43
8           1           34
8           2           31
8           3           32
8           4           37
8           5           34
8           6           42



pt(j, m) - Time required to produce one unit of item j on machine m. The production time is period-independent.


1           1           1.114
1           2           1.14
1           3           0.508
1           4           1.209
2           1           0.513
2           2           1.405
2           3           1.037
2           4           1.049
3           1           0.734
3           2           0.709
3           3           0.734
3           4           0.815
4           1           1.282
4           2           1.259
4           3           0.559
4           4           1.317
5           1           1.184
5           2           0.921
5           3           1.163
5           4           0.549
6           1           0.819
6           2           0.924
6           3           1.318
6           4           1.358
7           1           1.334
7           2           0.501
7           3           1.464
7           4           1.12
8           1           0.72
8           2           0.82
8           3           1.388
8           4           1.313



pc(j, m) - Variable costs of producing one unit of item j on machine m. The production cost is period-independent.


1           1           2.185
1           2           1.723
1           3           3.237
1           4           4.717
2           1           3.187
2           2           1.924
2           3           3.286
2           4           10.849
3           1           2.284
3           2           2.364
3           3           3.809
3           4           4.19
4           1           4.945
4           2           1.449
4           3           1.465
4           4           5.692
5           1           3.253
5           2           1.509
5           3           1.897
5           4           8.893
6           1           5.332
6           2           1.338
6           3           2.759
6           4           7.681
7           1           5.602
7           2           2.05
7           3           1.919
7           4           11.63
8           1           4.977
8           2           2.546
8           3           3.476
8           4           5.241



pe(j, m) - Production emission for producing one unit of item j on machine m. The production emission is period-independent.


1           1           0.379
1           2           0.552
1           3           0.185
1           4           0.079
2           1           0.166
2           2           0.774
2           3           0.623
2           4           0.224
3           1           0.462
3           2           0.98
3           3           0.672
3           4           0.167
4           1           0.408
4           2           0.419
4           3           0.669
4           4           0.137
5           1           0.413
5           2           0.68
5           3           0.59
5           4           0.219
6           1           0.26
6           2           0.717
6           3           0.552
6           4           0.18
7           1           0.349
7           2           0.653
7           3           0.717
7           4           0.075
8           1           0.404
8           2           0.576
8           3           0.523
8           4           0.126



hc(j) - Inventory-holding costs for one unit of item j for one period.


1           0.176
2           0.12
3           0.143
4           0.168
5           0.153
6           0.265
7           0.115
8           0.249



st(j, m) - Setup times for producing a lot of item j on machine m. The setup times are period-independent.


1           1           14.873
1           2           6.712
1           3           19.663
1           4           7.235
2           1           13.348
2           2           5.541
2           3           13.969
2           4           6.286
3           1           5.61
3           2           11.208
3           3           14.075
3           4           7.49
4           1           12.328
4           2           5.593
4           3           8.05
4           4           8.797
5           1           18.624
5           2           13.746
5           3           11.438
5           4           16.824
6           1           12.864
6           2           11.761
6           3           9.574
6           4           15.546
7           1           9.698
7           2           19.055
7           3           17.369
7           4           8.592
8           1           11.649
8           2           6.337
8           3           19.967
8           4           18.357



se(j, m) - Setup emission for producing a lot of item j on machine m. The setup emission are period-independent.


1           1           19.566
1           2           30.56
1           3           14.081
1           4           7.537
2           1           16.941
2           2           13.002
2           3           22.977
2           4           6.615
3           1           10.23
3           2           32.436
3           3           28.47
3           4           5.18
4           1           17.2
4           2           36.504
4           3           14.527
4           4           5.78
5           1           14.215
5           2           29.654
5           3           20.982
5           4           7.018
6           1           8.214
6           2           33.551
6           3           17.506
6           4           6.166
7           1           15.755
7           2           26.386
7           3           22.456
7           4           9.814
8           1           18.872
8           2           11.891
8           3           17.425
8           4           5.961



sc(j, m) - Setup costs for producing a lot of item j on machine m. The setup costs are period-independent.


1           1           20599.04
1           2           10299.52
1           3           13732.693
1           4           41198.08
2           1           14907.2
2           2           7453.6
2           3           9938.133
2           4           29814.4
3           1           17911.227
3           2           8955.613
3           3           11940.818
3           4           35822.453
4           1           20352.64
4           2           10176.32
4           3           13568.427
4           4           40705.28
5           1           17828.58
5           2           8914.29
5           3           11885.72
5           4           35657.16
6           1           34552.467
6           2           17276.233
6           3           23034.978
6           4           69104.933
7           1           13282.5
7           2           6641.25
7           3           8855.0
7           4           26565.0
8           1           26842.2
8           2           13421.1
8           3           17894.8
8           4           53684.4



bc(m) - Fixed investment cost for machine m.


1           9648.213728534374
2           4751.602565067725
3           5804.752901133711
4           4588.64038156642



ca(m, t) - The available capacity of machine m in period t.


1           1           193.58325453703702
1           2           193.58325453703702
1           3           193.58325453703702
1           4           193.58325453703702
1           5           193.58325453703702
1           6           193.58325453703702
2           1           193.58325453703702
2           2           193.58325453703702
2           3           193.58325453703702
2           4           193.58325453703702
2           5           193.58325453703702
2           6           193.58325453703702
3           1           193.58325453703702
3           2           193.58325453703702
3           3           193.58325453703702
3           4           193.58325453703702
3           5           193.58325453703702
3           6           193.58325453703702
4           1           193.58325453703702
4           2           193.58325453703702
4           3           193.58325453703702
4           4           193.58325453703702
4           5           193.58325453703702
4           6           193.58325453703702



em(t) - The limits of carbon emissions in period t.


1           262.57427777777775
2           262.57427777777775
3           262.57427777777775
4           262.57427777777775
5           262.57427777777775
6           262.57427777777775
