Information for the currently-owned machines and the machines that may be purchased: if 1, the machine can be purchased, otherwise currently-owned.


1           0.0
2           0.0
3           1.0
4           0.0



item_machine_arc(j, m) - The relationship arc between item j and machine m, i.e., machine m is capable of producing item j if item_machine_arc(j, m) = 1.


1           1           0.0
1           2           0.0
1           3           1.0
1           4           1.0
2           1           1.0
2           2           1.0
2           3           1.0
2           4           0.0
3           1           0.0
3           2           0.0
3           3           1.0
3           4           0.0
4           1           1.0
4           2           1.0
4           3           0.0
4           4           0.0
5           1           1.0
5           2           0.0
5           3           0.0
5           4           0.0
6           1           0.0
6           2           1.0
6           3           1.0
6           4           1.0
7           1           1.0
7           2           0.0
7           3           0.0
7           4           0.0
8           1           1.0
8           2           1.0
8           3           1.0
8           4           1.0



d(j, t) - Gross demand for item j in period t.


1           1           49
1           2           41
1           3           50
1           4           33
1           5           35
1           6           47
2           1           31
2           2           38
2           3           45
2           4           37
2           5           49
2           6           37
3           1           50
3           2           42
3           3           46
3           4           44
3           5           41
3           6           30
4           1           47
4           2           46
4           3           45
4           4           41
4           5           47
4           6           41
5           1           49
5           2           32
5           3           36
5           4           34
5           5           40
5           6           37
6           1           45
6           2           43
6           3           47
6           4           35
6           5           41
6           6           32
7           1           30
7           2           47
7           3           39
7           4           33
7           5           42
7           6           36
8           1           38
8           2           42
8           3           38
8           4           37
8           5           49
8           6           31



pt(j, m) - Time required to produce one unit of item j on machine m. The production time is period-independent.


1           1           1.23
1           2           1.059
1           3           0.625
1           4           1.378
2           1           1.02
2           2           1.117
2           3           1.096
2           4           1.083
3           1           0.694
3           2           0.627
3           3           0.754
3           4           0.944
4           1           1.041
4           2           1.117
4           3           0.794
4           4           1.185
5           1           1.09
5           2           0.748
5           3           0.659
5           4           0.701
6           1           0.508
6           2           0.691
6           3           0.758
6           4           0.986
7           1           1.116
7           2           1.307
7           3           0.683
7           4           1.127
8           1           1.189
8           2           0.942
8           3           1.114
8           4           0.732



pc(j, m) - Variable costs of producing one unit of item j on machine m. The production cost is period-independent.


1           1           3.742
1           2           6.272
1           3           1.546
1           4           5.822
2           1           3.952
2           2           4.382
2           3           1.918
2           4           5.433
3           1           1.809
3           2           10.188
3           3           2.463
3           4           5.31
4           1           3.803
4           2           4.12
4           3           2.815
4           4           3.13
5           1           3.455
5           2           5.281
5           3           2.697
5           4           3.272
6           1           3.084
6           2           4.427
6           3           1.013
6           4           4.817
7           1           3.907
7           2           9.994
7           3           1.271
7           4           2.635
8           1           2.165
8           2           6.935
8           3           1.649
8           4           3.219



pe(j, m) - Production emission for producing one unit of item j on machine m. The production emission is period-independent.


1           1           0.223
1           2           0.2
1           3           0.724
1           4           0.192
2           1           0.346
2           2           0.057
2           3           0.974
2           4           0.111
3           1           0.312
3           2           0.191
3           3           0.306
3           4           0.24
4           1           0.552
4           2           0.072
4           3           0.217
4           4           0.496
5           1           0.248
5           2           0.125
5           3           0.608
5           4           0.172
6           1           0.252
6           2           0.125
6           3           0.409
6           4           0.112
7           1           0.739
7           2           0.159
7           3           0.226
7           4           0.424
8           1           0.531
8           2           0.243
8           3           0.751
8           4           0.359



hc(j) - Inventory-holding costs for one unit of item j for one period.


1           0.284
2           0.13
3           0.125
4           0.131
5           0.227
6           0.1
7           0.271
8           0.201



st(j, m) - Setup times for producing a lot of item j on machine m. The setup times are period-independent.


1           1           17.749
1           2           16.258
1           3           9.025
1           4           12.19
2           1           10.287
2           2           12.142
2           3           18.725
2           4           14.36
3           1           6.276
3           2           5.925
3           3           16.851
3           4           6.237
4           1           18.499
4           2           12.457
4           3           19.024
4           4           10.238
5           1           18.29
5           2           7.996
5           3           6.935
5           4           7.873
6           1           8.346
6           2           14.174
6           3           7.477
6           4           6.046
7           1           8.435
7           2           18.963
7           3           19.815
7           4           15.713
8           1           14.707
8           2           18.139
8           3           19.218
8           4           8.233



se(j, m) - Setup emission for producing a lot of item j on machine m. The setup emission are period-independent.


1           1           102.625
1           2           38.468
1           3           193.467
1           4           43.213
2           1           96.917
2           2           38.715
2           3           175.565
2           4           84.489
3           1           81.514
3           2           35.335
3           3           177.36
3           4           76.457
4           1           112.426
4           2           35.649
4           3           69.288
4           4           71.3
5           1           123.998
5           2           48.968
5           3           138.579
5           4           31.12
6           1           52.914
6           2           43.064
6           3           156.886
6           4           25.263
7           1           131.825
7           2           32.468
7           3           54.816
7           4           29.732
8           1           51.386
8           2           37.437
8           3           197.312
8           4           27.703



sc(j, m) - Setup costs for producing a lot of item j on machine m. The setup costs are period-independent.


1           1           22530.667
1           2           67592.0
1           3           16898.0
1           4           33796.0
2           1           9585.333
2           2           28756.0
2           3           7189.0
2           4           14378.0
3           1           9838.889
3           2           29516.667
3           3           7379.167
3           4           14758.333
4           1           10881.733
4           2           32645.2
4           3           8161.3
4           4           16322.6
5           1           16101.867
5           2           48305.6
5           3           12076.4
5           4           24152.8
6           1           7560.0
6           2           22680.0
6           3           5670.0
6           4           11340.0
7           1           19138.622
7           2           57415.867
7           3           14353.967
7           4           28707.933
8           1           14695.333
8           2           44086.0
8           3           11021.5
8           4           22043.0



bc(m) - Fixed investment cost for machine m.


1           1408.116598733393
2           15809.50044301227
3           10.36461735058336
4           7356.464861954599



ca(m, t) - The available capacity of machine m in period t.


1           1           192.10973833333338
1           2           192.10973833333338
1           3           192.10973833333338
1           4           192.10973833333338
1           5           192.10973833333338
1           6           192.10973833333338
2           1           192.10973833333338
2           2           192.10973833333338
2           3           192.10973833333338
2           4           192.10973833333338
2           5           192.10973833333338
2           6           192.10973833333338
3           1           192.10973833333338
3           2           192.10973833333338
3           3           192.10973833333338
3           4           192.10973833333338
3           5           192.10973833333338
3           6           192.10973833333338
4           1           192.10973833333338
4           2           192.10973833333338
4           3           192.10973833333338
4           4           192.10973833333338
4           5           192.10973833333338
4           6           192.10973833333338



em(t) - The limits of carbon emissions in period t.


1           878.33207
2           878.33207
3           878.33207
4           878.33207
5           878.33207
6           878.33207
