Information for the currently-owned machines and the machines that may be purchased: if 1, the machine can be purchased, otherwise currently-owned.


1           0.0
2           0.0
3           0.0
4           1.0



item_machine_arc(j, m) - The relationship arc between item j and machine m, i.e., machine m is capable of producing item j if item_machine_arc(j, m) = 1.


1           1           0.0
1           2           1.0
1           3           0.0
1           4           1.0
2           1           1.0
2           2           1.0
2           3           1.0
2           4           0.0
3           1           1.0
3           2           1.0
3           3           1.0
3           4           1.0
4           1           1.0
4           2           1.0
4           3           1.0
4           4           1.0
5           1           1.0
5           2           1.0
5           3           0.0
5           4           0.0
6           1           0.0
6           2           1.0
6           3           0.0
6           4           0.0
7           1           0.0
7           2           0.0
7           3           1.0
7           4           1.0
8           1           1.0
8           2           0.0
8           3           1.0
8           4           1.0



d(j, t) - Gross demand for item j in period t.


1           1           42
1           2           34
1           3           32
1           4           43
1           5           50
1           6           41
2           1           39
2           2           30
2           3           42
2           4           37
2           5           47
2           6           39
3           1           31
3           2           46
3           3           42
3           4           38
3           5           34
3           6           33
4           1           33
4           2           43
4           3           49
4           4           48
4           5           38
4           6           38
5           1           32
5           2           31
5           3           42
5           4           43
5           5           38
5           6           41
6           1           35
6           2           35
6           3           32
6           4           31
6           5           39
6           6           50
7           1           44
7           2           38
7           3           48
7           4           48
7           5           50
7           6           33
8           1           34
8           2           33
8           3           48
8           4           30
8           5           34
8           6           37



pt(j, m) - Time required to produce one unit of item j on machine m. The production time is period-independent.


1           1           1.366
1           2           1.39
1           3           1.266
1           4           0.858
2           1           1.208
2           2           0.838
2           3           1.012
2           4           0.918
3           1           1.131
3           2           1.113
3           3           1.308
3           4           0.814
4           1           0.908
4           2           0.655
4           3           1.299
4           4           1.02
5           1           0.995
5           2           1.284
5           3           1.154
5           4           0.984
6           1           1.357
6           2           0.652
6           3           1.274
6           4           1.065
7           1           0.823
7           2           1.034
7           3           0.572
7           4           1.104
8           1           1.1
8           2           0.567
8           3           0.838
8           4           0.974



pc(j, m) - Variable costs of producing one unit of item j on machine m. The production cost is period-independent.


1           1           6.809
1           2           2.653
1           3           1.403
1           4           3.557
2           1           11.918
2           2           5.469
2           3           2.714
2           4           3.561
3           1           11.625
3           2           4.629
3           3           1.548
3           4           2.402
4           1           9.52
4           2           3.882
4           3           1.659
4           4           1.561
5           1           7.081
5           2           2.208
5           3           2.242
5           4           2.196
6           1           10.973
6           2           4.057
6           3           2.881
6           4           1.762
7           1           5.164
7           2           2.855
7           3           2.975
7           4           2.666
8           1           10.825
8           2           3.622
8           3           2.109
8           4           3.429



pe(j, m) - Production emission for producing one unit of item j on machine m. The production emission is period-independent.


1           1           1.117
1           2           0.881
1           3           1.809
1           4           3.551
2           1           0.725
2           2           0.804
2           3           2.486
2           4           1.658
3           1           0.351
3           2           1.252
3           3           2.701
3           4           3.117
4           1           0.551
4           2           1.131
4           3           4.505
4           4           0.984
5           1           0.529
5           2           0.672
5           3           1.024
5           4           1.15
6           1           0.822
6           2           1.336
6           3           2.578
6           4           3.489
7           1           0.8
7           2           0.501
7           3           1.892
7           4           1.676
8           1           0.959
8           2           0.581
8           3           1.058
8           4           1.346



hc(j) - Inventory-holding costs for one unit of item j for one period.


1           0.134
2           0.225
3           0.254
4           0.236
5           0.24
6           0.249
7           0.147
8           0.274



st(j, m) - Setup times for producing a lot of item j on machine m. The setup times are period-independent.


1           1           16.205
1           2           6.062
1           3           19.827
1           4           11.816
2           1           11.237
2           2           13.351
2           3           10.717
2           4           16.292
3           1           5.833
3           2           18.577
3           3           10.28
3           4           16.622
4           1           19.903
4           2           11.826
4           3           16.152
4           4           11.646
5           1           10.933
5           2           15.174
5           3           14.847
5           4           8.316
6           1           6.364
6           2           14.345
6           3           16.406
6           4           16.06
7           1           10.049
7           2           10.704
7           3           11.985
7           4           6.414
8           1           7.987
8           2           6.667
8           3           10.395
8           4           18.343



se(j, m) - Setup emission for producing a lot of item j on machine m. The setup emission are period-independent.


1           1           43.233
1           2           97.543
1           3           124.746
1           4           146.555
2           1           46.89
2           2           74.266
2           3           106.722
2           4           107.733
3           1           19.573
3           2           84.115
3           3           157.401
3           4           62.469
4           1           27.301
4           2           30.439
4           3           197.759
4           4           139.053
5           1           31.176
5           2           60.485
5           3           157.925
5           4           56.133
6           1           48.31
6           2           98.338
6           3           82.378
6           4           104.723
7           1           43.746
7           2           64.702
7           3           133.213
7           4           92.636
8           1           36.609
8           2           91.948
8           3           92.487
8           4           145.145



sc(j, m) - Setup costs for producing a lot of item j on machine m. The setup costs are period-independent.


1           1           30266.133
1           2           15133.067
1           3           7566.533
1           4           10088.711
2           1           49140.0
2           2           24570.0
2           3           12285.0
2           4           16380.0
3           1           53102.933
3           2           26551.467
3           3           13275.733
3           4           17700.978
4           1           54846.4
4           2           27423.2
4           3           13711.6
4           4           18282.133
5           1           50848.0
5           2           25424.0
5           3           12712.0
5           4           16949.333
6           1           51592.8
6           2           25796.4
6           3           12898.2
6           4           17197.6
7           1           35809.2
7           2           17904.6
7           3           8952.3
7           4           11936.4
8           1           55238.4
8           2           27619.2
8           3           13809.6
8           4           18412.8



bc(m) - Fixed investment cost for machine m.


1           11673.714581141508
2           6634.641416584332
3           525.4057086722214
4           124.91173377129053



ca(m, t) - The available capacity of machine m in period t.


1           1           164.90796388888887
1           2           164.90796388888887
1           3           164.90796388888887
1           4           164.90796388888887
1           5           164.90796388888887
1           6           164.90796388888887
2           1           164.90796388888887
2           2           164.90796388888887
2           3           164.90796388888887
2           4           164.90796388888887
2           5           164.90796388888887
2           6           164.90796388888887
3           1           164.90796388888887
3           2           164.90796388888887
3           3           164.90796388888887
3           4           164.90796388888887
3           5           164.90796388888887
3           6           164.90796388888887
4           1           164.90796388888887
4           2           164.90796388888887
4           3           164.90796388888887
4           4           164.90796388888887
4           5           164.90796388888887
4           6           164.90796388888887



em(t) - The limits of carbon emissions in period t.


1           1291.0861425000003
2           1291.0861425000003
3           1291.0861425000003
4           1291.0861425000003
5           1291.0861425000003
6           1291.0861425000003
