Information for the currently-owned machines and the machines that may be purchased: if 1, the machine can be purchased, otherwise currently-owned.


1           0.0
2           0.0
3           0.0
4           1.0



item_machine_arc(j, m) - The relationship arc between item j and machine m, i.e., machine m is capable of producing item j if item_machine_arc(j, m) = 1.


1           1           1.0
1           2           1.0
1           3           1.0
1           4           1.0
2           1           0.0
2           2           0.0
2           3           1.0
2           4           0.0
3           1           1.0
3           2           1.0
3           3           1.0
3           4           1.0
4           1           1.0
4           2           1.0
4           3           0.0
4           4           1.0
5           1           1.0
5           2           1.0
5           3           1.0
5           4           0.0
6           1           1.0
6           2           1.0
6           3           1.0
6           4           1.0
7           1           1.0
7           2           0.0
7           3           1.0
7           4           1.0
8           1           1.0
8           2           0.0
8           3           0.0
8           4           1.0



d(j, t) - Gross demand for item j in period t.


1           1           39
1           2           36
1           3           45
1           4           38
1           5           33
1           6           30
2           1           40
2           2           37
2           3           39
2           4           30
2           5           46
2           6           36
3           1           34
3           2           35
3           3           45
3           4           46
3           5           32
3           6           37
4           1           41
4           2           50
4           3           30
4           4           49
4           5           48
4           6           31
5           1           41
5           2           46
5           3           43
5           4           41
5           5           48
5           6           49
6           1           33
6           2           41
6           3           44
6           4           31
6           5           37
6           6           35
7           1           47
7           2           36
7           3           46
7           4           39
7           5           49
7           6           49
8           1           43
8           2           47
8           3           34
8           4           37
8           5           46
8           6           30



pt(j, m) - Time required to produce one unit of item j on machine m. The production time is period-independent.


1           1           0.864
1           2           1.217
1           3           0.641
1           4           0.601
2           1           1.219
2           2           1.023
2           3           0.609
2           4           0.828
3           1           1.346
3           2           0.51
3           3           1.1
3           4           1.212
4           1           0.953
4           2           0.886
4           3           0.842
4           4           0.811
5           1           1.159
5           2           1.173
5           3           1.363
5           4           0.85
6           1           0.9
6           2           0.846
6           3           1.409
6           4           0.919
7           1           0.877
7           2           0.779
7           3           1.496
7           4           1.288
8           1           1.022
8           2           0.962
8           3           1.372
8           4           0.866



pc(j, m) - Variable costs of producing one unit of item j on machine m. The production cost is period-independent.


1           1           8.171
1           2           2.048
1           3           1.338
1           4           5.528
2           1           8.237
2           2           2.765
2           3           2.85
2           4           3.283
3           1           6.259
3           2           2.813
3           3           2.713
3           4           4.535
4           1           7.399
4           2           1.882
4           3           1.741
4           4           2.207
5           1           11.53
5           2           1.654
5           3           1.724
5           4           3.916
6           1           9.027
6           2           1.579
6           3           2.819
6           4           3.111
7           1           9.635
7           2           2.933
7           3           2.546
7           4           2.958
8           1           4.544
8           2           2.826
8           3           1.617
8           4           4.757



pe(j, m) - Production emission for producing one unit of item j on machine m. The production emission is period-independent.


1           1           0.228
1           2           0.734
1           3           0.632
1           4           0.304
2           1           0.199
2           2           0.453
2           3           0.843
2           4           0.319
3           1           0.2
3           2           0.536
3           3           0.9
3           4           0.273
4           1           0.174
4           2           0.721
4           3           0.963
4           4           0.101
5           1           0.061
5           2           0.523
5           3           0.982
5           4           0.251
6           1           0.214
6           2           0.203
6           3           0.257
6           4           0.465
7           1           0.243
7           2           0.526
7           3           0.636
7           4           0.415
8           1           0.051
8           2           0.701
8           3           0.727
8           4           0.228



hc(j) - Inventory-holding costs for one unit of item j for one period.


1           0.214
2           0.251
3           0.176
4           0.293
5           0.201
6           0.21
7           0.237
8           0.249



st(j, m) - Setup times for producing a lot of item j on machine m. The setup times are period-independent.


1           1           13.483
1           2           17.662
1           3           16.762
1           4           9.28
2           1           15.34
2           2           11.186
2           3           14.294
2           4           7.125
3           1           13.911
3           2           6.019
3           3           19.607
3           4           9.171
4           1           16.4
4           2           17.824
4           3           17.95
4           4           15.208
5           1           7.479
5           2           16.38
5           3           11.648
5           4           10.945
6           1           13.917
6           2           7.027
6           3           7.509
6           4           8.937
7           1           12.439
7           2           18.964
7           3           16.767
7           4           10.867
8           1           8.298
8           2           14.281
8           3           14.545
8           4           17.011



se(j, m) - Setup emission for producing a lot of item j on machine m. The setup emission are period-independent.


1           1           17.552
1           2           115.61
1           3           61.133
1           4           95.418
2           1           24.771
2           2           62.708
2           3           153.745
2           4           55.907
3           1           40.004
3           2           128.16
3           3           72.341
3           4           82.312
4           1           45.888
4           2           43.531
4           3           181.384
4           4           73.596
5           1           29.803
5           2           139.542
5           3           147.983
5           4           55.818
6           1           19.516
6           2           78.737
6           3           132.337
6           4           74.793
7           1           29.812
7           2           127.284
7           3           172.813
7           4           70.45
8           1           43.687
8           2           99.901
8           3           148.315
8           4           76.557



sc(j, m) - Setup costs for producing a lot of item j on machine m. The setup costs are period-independent.


1           1           44141.067
1           2           14713.689
1           3           11035.267
1           4           22070.533
2           1           53412.8
2           2           17804.267
2           3           13353.2
2           4           26706.4
3           1           37617.067
3           2           12539.022
3           3           9404.267
3           4           18808.533
4           1           68093.2
4           2           22697.733
4           3           17023.3
4           4           34046.6
5           1           50276.8
5           2           16758.933
5           3           12569.2
5           4           25138.4
6           1           43316.0
6           2           14438.667
6           3           10829.0
6           4           21658.0
7           1           58839.2
7           2           19613.067
7           3           14709.8
7           4           29419.6
8           1           55078.8
8           2           18359.6
8           3           13769.7
8           4           27539.4



bc(m) - Fixed investment cost for machine m.


1           10381.546163703808
2           1049.222969854325
3           3924.1473752680995
4           5510.360168416756



ca(m, t) - The available capacity of machine m in period t.


1           1           188.03817796296298
1           2           188.03817796296298
1           3           188.03817796296298
1           4           188.03817796296298
1           5           188.03817796296298
1           6           188.03817796296298
2           1           188.03817796296298
2           2           188.03817796296298
2           3           188.03817796296298
2           4           188.03817796296298
2           5           188.03817796296298
2           6           188.03817796296298
3           1           188.03817796296298
3           2           188.03817796296298
3           3           188.03817796296298
3           4           188.03817796296298
3           5           188.03817796296298
3           6           188.03817796296298
4           1           188.03817796296298
4           2           188.03817796296298
4           3           188.03817796296298
4           4           188.03817796296298
4           5           188.03817796296298
4           6           188.03817796296298



em(t) - The limits of carbon emissions in period t.


1           682.0572305555555
2           682.0572305555555
3           682.0572305555555
4           682.0572305555555
5           682.0572305555555
6           682.0572305555555
