Information for the currently-owned machines and the machines that may be purchased: if 1, the machine can be purchased, otherwise currently-owned.


1           1.0
2           0.0
3           0.0
4           0.0



item_machine_arc(j, m) - The relationship arc between item j and machine m, i.e., machine m is capable of producing item j if item_machine_arc(j, m) = 1.


1           1           1.0
1           2           1.0
1           3           0.0
1           4           1.0
2           1           0.0
2           2           1.0
2           3           1.0
2           4           1.0
3           1           1.0
3           2           1.0
3           3           1.0
3           4           1.0
4           1           1.0
4           2           1.0
4           3           1.0
4           4           1.0
5           1           1.0
5           2           0.0
5           3           0.0
5           4           0.0
6           1           1.0
6           2           0.0
6           3           0.0
6           4           0.0
7           1           0.0
7           2           0.0
7           3           0.0
7           4           1.0
8           1           0.0
8           2           0.0
8           3           1.0
8           4           0.0



d(j, t) - Gross demand for item j in period t.


1           1           34
1           2           36
1           3           50
1           4           31
1           5           30
1           6           38
2           1           30
2           2           44
2           3           50
2           4           49
2           5           44
2           6           46
3           1           41
3           2           50
3           3           41
3           4           35
3           5           40
3           6           36
4           1           42
4           2           50
4           3           41
4           4           49
4           5           48
4           6           48
5           1           34
5           2           49
5           3           48
5           4           46
5           5           43
5           6           48
6           1           42
6           2           36
6           3           47
6           4           35
6           5           47
6           6           38
7           1           46
7           2           34
7           3           47
7           4           33
7           5           37
7           6           48
8           1           30
8           2           48
8           3           32
8           4           49
8           5           50
8           6           48



pt(j, m) - Time required to produce one unit of item j on machine m. The production time is period-independent.


1           1           0.597
1           2           1.091
1           3           1.038
1           4           0.848
2           1           0.68
2           2           1.036
2           3           1.059
2           4           1.394
3           1           0.839
3           2           0.897
3           3           1.496
3           4           1.201
4           1           1.406
4           2           1.202
4           3           0.905
4           4           0.969
5           1           1.405
5           2           1.447
5           3           1.467
5           4           1.036
6           1           0.905
6           2           0.597
6           3           0.799
6           4           1.468
7           1           0.872
7           2           0.862
7           3           1.175
7           4           0.656
8           1           1.296
8           2           1.333
8           3           0.71
8           4           0.608



pc(j, m) - Variable costs of producing one unit of item j on machine m. The production cost is period-independent.


1           1           2.154
1           2           2.656
1           3           6.723
1           4           3.574
2           1           4.552
2           2           2.126
2           3           4.497
2           4           3.805
3           1           4.905
3           2           2.796
3           3           9.423
3           4           3.663
4           1           3.252
4           2           1.169
4           3           9.328
4           4           2.32
5           1           3.565
5           2           2.914
5           3           8.819
5           4           3.233
6           1           3.291
6           2           2.916
6           3           5.749
6           4           2.096
7           1           5.568
7           2           1.561
7           3           9.585
7           4           2.83
8           1           4.022
8           2           1.943
8           3           7.113
8           4           3.701



pe(j, m) - Production emission for producing one unit of item j on machine m. The production emission is period-independent.


1           1           0.372
1           2           0.584
1           3           0.082
1           4           0.187
2           1           0.169
2           2           0.207
2           3           0.057
2           4           0.265
3           1           0.192
3           2           0.766
3           3           0.148
3           4           0.381
4           1           0.298
4           2           0.275
4           3           0.193
4           4           0.389
5           1           0.177
5           2           0.312
5           3           0.164
5           4           0.278
6           1           0.416
6           2           0.275
6           3           0.205
6           4           0.615
7           1           0.467
7           2           0.664
7           3           0.079
7           4           0.388
8           1           0.405
8           2           0.497
8           3           0.112
8           4           0.475



hc(j) - Inventory-holding costs for one unit of item j for one period.


1           0.126
2           0.223
3           0.128
4           0.21
5           0.123
6           0.235
7           0.298
8           0.177



st(j, m) - Setup times for producing a lot of item j on machine m. The setup times are period-independent.


1           1           11.149
1           2           12.457
1           3           7.056
1           4           9.708
2           1           9.355
2           2           10.632
2           3           14.52
2           4           9.351
3           1           8.514
3           2           8.85
3           3           19.403
3           4           10.256
4           1           14.414
4           2           16.162
4           3           13.019
4           4           13.275
5           1           11.21
5           2           18.706
5           3           6.754
5           4           9.363
6           1           10.553
6           2           18.55
6           3           9.743
6           4           7.106
7           1           8.755
7           2           12.143
7           3           15.369
7           4           14.877
8           1           6.321
8           2           16.957
8           3           19.277
8           4           14.118



se(j, m) - Setup emission for producing a lot of item j on machine m. The setup emission are period-independent.


1           1           12.462
1           2           36.228
1           3           4.012
1           4           22.511
2           1           13.13
2           2           23.964
2           3           5.616
2           4           9.044
3           1           16.297
3           2           39.795
3           3           4.715
3           4           19.549
4           1           6.968
4           2           15.554
4           3           4.206
4           4           17.796
5           1           14.525
5           2           12.345
5           3           5.295
5           4           27.432
6           1           6.089
6           2           35.489
6           3           5.864
6           4           22.946
7           1           19.217
7           2           34.872
7           3           9.01
7           4           16.407
8           1           6.404
8           2           26.517
8           3           4.632
8           4           14.625



sc(j, m) - Setup costs for producing a lot of item j on machine m. The setup costs are period-independent.


1           1           14164.92
1           2           7082.46
1           3           28329.84
1           4           9443.28
2           1           30106.487
2           2           15053.243
2           3           60212.973
2           4           20070.991
3           1           15966.72
3           2           7983.36
3           3           31933.44
3           4           10644.48
4           1           29968.4
4           2           14984.2
4           3           59936.8
4           4           19978.933
5           1           16921.52
5           2           8460.76
5           3           33843.04
5           4           11281.013
6           1           29555.167
6           2           14777.583
6           3           59110.333
6           4           19703.444
7           1           37478.467
7           2           18739.233
7           3           74956.933
7           4           24985.644
8           1           23351.02
8           2           11675.51
8           3           46702.04
8           4           15567.347



bc(m) - Fixed investment cost for machine m.


1           4348.567387669121
2           4726.753353723958
3           4595.401018079708
4           6634.189769204262



ca(m, t) - The available capacity of machine m in period t.


1           1           180.96893888888886
1           2           180.96893888888886
1           3           180.96893888888886
1           4           180.96893888888886
1           5           180.96893888888886
1           6           180.96893888888886
2           1           180.96893888888886
2           2           180.96893888888886
2           3           180.96893888888886
2           4           180.96893888888886
2           5           180.96893888888886
2           6           180.96893888888886
3           1           180.96893888888886
3           2           180.96893888888886
3           3           180.96893888888886
3           4           180.96893888888886
3           5           180.96893888888886
3           6           180.96893888888886
4           1           180.96893888888886
4           2           180.96893888888886
4           3           180.96893888888886
4           4           180.96893888888886
4           5           180.96893888888886
4           6           180.96893888888886



em(t) - The limits of carbon emissions in period t.


1           210.4821638888889
2           210.4821638888889
3           210.4821638888889
4           210.4821638888889
5           210.4821638888889
6           210.4821638888889
