Information for the currently-owned machines and the machines that may be purchased: if 1, the machine can be purchased, otherwise currently-owned.


1           0.0
2           1.0
3           0.0
4           0.0



item_machine_arc(j, m) - The relationship arc between item j and machine m, i.e., machine m is capable of producing item j if item_machine_arc(j, m) = 1.


1           1           1.0
1           2           1.0
1           3           1.0
1           4           1.0
2           1           1.0
2           2           1.0
2           3           0.0
2           4           1.0
3           1           1.0
3           2           1.0
3           3           1.0
3           4           1.0
4           1           1.0
4           2           1.0
4           3           1.0
4           4           1.0
5           1           1.0
5           2           0.0
5           3           0.0
5           4           1.0
6           1           0.0
6           2           1.0
6           3           0.0
6           4           0.0
7           1           1.0
7           2           1.0
7           3           1.0
7           4           1.0
8           1           1.0
8           2           0.0
8           3           1.0
8           4           0.0



d(j, t) - Gross demand for item j in period t.


1           1           33
1           2           38
1           3           31
1           4           50
1           5           44
1           6           38
2           1           44
2           2           30
2           3           41
2           4           37
2           5           36
2           6           35
3           1           31
3           2           36
3           3           35
3           4           31
3           5           39
3           6           34
4           1           49
4           2           32
4           3           31
4           4           48
4           5           36
4           6           41
5           1           49
5           2           42
5           3           34
5           4           39
5           5           36
5           6           45
6           1           44
6           2           37
6           3           49
6           4           45
6           5           39
6           6           41
7           1           33
7           2           50
7           3           44
7           4           46
7           5           40
7           6           36
8           1           46
8           2           31
8           3           37
8           4           39
8           5           36
8           6           40



pt(j, m) - Time required to produce one unit of item j on machine m. The production time is period-independent.


1           1           1.388
1           2           1.283
1           3           0.681
1           4           1.082
2           1           1.386
2           2           1.267
2           3           1.298
2           4           1.476
3           1           1.25
3           2           0.703
3           3           0.544
3           4           0.899
4           1           0.878
4           2           0.675
4           3           0.978
4           4           0.569
5           1           0.81
5           2           1.014
5           3           1.498
5           4           1.22
6           1           1.201
6           2           0.647
6           3           0.676
6           4           0.769
7           1           1.117
7           2           1.445
7           3           0.596
7           4           1.339
8           1           1.189
8           2           0.938
8           3           1.12
8           4           1.496



pc(j, m) - Variable costs of producing one unit of item j on machine m. The production cost is period-independent.


1           1           3.961
1           2           2.102
1           3           2.404
1           4           6.295
2           1           4.179
2           2           1.074
2           3           2.212
2           4           11.91
3           1           3.212
3           2           1.396
3           3           1.817
3           4           11.983
4           1           4.441
4           2           1.443
4           3           3.636
4           4           9.311
5           1           2.24
5           2           2.368
5           3           2.134
5           4           5.129
6           1           5.805
6           2           2.95
6           3           3.805
6           4           4.457
7           1           3.631
7           2           2.557
7           3           1.946
7           4           5.259
8           1           4.685
8           2           2.344
8           3           2.746
8           4           6.294



pe(j, m) - Production emission for producing one unit of item j on machine m. The production emission is period-independent.


1           1           0.133
1           2           0.423
1           3           0.214
1           4           0.079
2           1           0.281
2           2           0.936
2           3           0.21
2           4           0.22
3           1           0.482
3           2           0.646
3           3           0.673
3           4           0.066
4           1           0.196
4           2           0.288
4           3           0.543
4           4           0.133
5           1           0.495
5           2           0.991
5           3           0.438
5           4           0.08
6           1           0.352
6           2           0.968
6           3           0.439
6           4           0.165
7           1           0.421
7           2           0.853
7           3           0.194
7           4           0.105
8           1           0.5
8           2           0.635
8           3           0.377
8           4           0.085



hc(j) - Inventory-holding costs for one unit of item j for one period.


1           0.241
2           0.29
3           0.252
4           0.172
5           0.239
6           0.148
7           0.126
8           0.145



st(j, m) - Setup times for producing a lot of item j on machine m. The setup times are period-independent.


1           1           52.875
1           2           76.255
1           3           58.52
1           4           45.197
2           1           75.028
2           2           73.169
2           3           62.916
2           4           48.03
3           1           50.342
3           2           92.961
3           3           34.548
3           4           53.705
4           1           62.635
4           2           75.319
4           3           80.146
4           4           32.762
5           1           53.794
5           2           30.019
5           3           90.361
5           4           66.943
6           1           49.184
6           2           43.3
6           3           46.214
6           4           25.446
7           1           78.964
7           2           54.61
7           3           40.288
7           4           59.133
8           1           29.833
8           2           25.979
8           3           74.999
8           4           82.085



se(j, m) - Setup emission for producing a lot of item j on machine m. The setup emission are period-independent.


1           1           98.345
1           2           83.818
1           3           45.315
1           4           13.868
2           1           34.126
2           2           145.366
2           3           128.256
2           4           38.467
3           1           64.581
3           2           170.556
3           3           49.024
3           4           45.815
4           1           65.023
4           2           165.706
4           3           41.815
4           4           38.776
5           1           83.51
5           2           164.917
5           3           75.976
5           4           45.917
6           1           99.679
6           2           72.689
6           3           75.858
6           4           19.584
7           1           76.539
7           2           50.247
7           3           95.012
7           4           34.694
8           1           40.627
8           2           192.051
8           3           134.98
8           4           49.677



sc(j, m) - Setup costs for producing a lot of item j on machine m. The setup costs are period-independent.


1           1           26317.2
1           2           13158.6
1           3           17544.8
1           4           52634.4
2           1           30179.333
2           2           15089.667
2           3           20119.556
2           4           60358.667
3           1           24225.6
3           2           12112.8
3           3           16150.4
3           4           48451.2
4           1           19023.2
4           2           9511.6
4           3           12682.133
4           4           38046.4
5           1           27325.667
5           2           13662.833
5           3           18217.111
5           4           54651.333
6           1           17612.0
6           2           8806.0
6           3           11741.333
6           4           35224.0
7           1           14641.2
7           2           7320.6
7           3           9760.8
7           4           29282.4
8           1           15495.667
8           2           7747.833
8           3           10330.444
8           4           30991.333



bc(m) - Fixed investment cost for machine m.


1           8467.953080689313
2           4782.683001427055
3           3661.177168066337
4           10854.981684727587



ca(m, t) - The available capacity of machine m in period t.


1           1           278.78573657407406
1           2           278.78573657407406
1           3           278.78573657407406
1           4           278.78573657407406
1           5           278.78573657407406
1           6           278.78573657407406
2           1           278.78573657407406
2           2           278.78573657407406
2           3           278.78573657407406
2           4           278.78573657407406
2           5           278.78573657407406
2           6           278.78573657407406
3           1           278.78573657407406
3           2           278.78573657407406
3           3           278.78573657407406
3           4           278.78573657407406
3           5           278.78573657407406
3           6           278.78573657407406
4           1           278.78573657407406
4           2           278.78573657407406
4           3           278.78573657407406
4           4           278.78573657407406
4           5           278.78573657407406
4           6           278.78573657407406



em(t) - The limits of carbon emissions in period t.


1           663.4588858333334
2           663.4588858333334
3           663.4588858333334
4           663.4588858333334
5           663.4588858333334
6           663.4588858333334
