Information for the currently-owned machines and the machines that may be purchased: if 1, the machine can be purchased, otherwise currently-owned.


1           1.0
2           0.0
3           0.0
4           0.0



item_machine_arc(j, m) - The relationship arc between item j and machine m, i.e., machine m is capable of producing item j if item_machine_arc(j, m) = 1.


1           1           0.0
1           2           1.0
1           3           0.0
1           4           0.0
2           1           1.0
2           2           0.0
2           3           0.0
2           4           0.0
3           1           0.0
3           2           1.0
3           3           1.0
3           4           1.0
4           1           1.0
4           2           1.0
4           3           0.0
4           4           1.0
5           1           1.0
5           2           1.0
5           3           1.0
5           4           0.0
6           1           1.0
6           2           0.0
6           3           0.0
6           4           0.0
7           1           1.0
7           2           1.0
7           3           1.0
7           4           0.0
8           1           1.0
8           2           0.0
8           3           1.0
8           4           0.0



d(j, t) - Gross demand for item j in period t.


1           1           50
1           2           38
1           3           46
1           4           33
1           5           43
1           6           49
2           1           47
2           2           40
2           3           37
2           4           43
2           5           48
2           6           46
3           1           47
3           2           33
3           3           46
3           4           41
3           5           36
3           6           30
4           1           30
4           2           50
4           3           34
4           4           34
4           5           32
4           6           43
5           1           36
5           2           35
5           3           39
5           4           34
5           5           50
5           6           44
6           1           35
6           2           39
6           3           42
6           4           47
6           5           30
6           6           50
7           1           40
7           2           43
7           3           33
7           4           32
7           5           44
7           6           37
8           1           33
8           2           45
8           3           43
8           4           32
8           5           48
8           6           49



pt(j, m) - Time required to produce one unit of item j on machine m. The production time is period-independent.


1           1           1.102
1           2           1.249
1           3           1.346
1           4           1.194
2           1           0.91
2           2           1.266
2           3           1.143
2           4           1.001
3           1           0.56
3           2           0.638
3           3           0.548
3           4           1.041
4           1           1.416
4           2           0.516
4           3           0.54
4           4           1.191
5           1           1.261
5           2           1.415
5           3           1.117
5           4           1.295
6           1           0.971
6           2           0.63
6           3           0.945
6           4           1.427
7           1           1.004
7           2           1.308
7           3           0.758
7           4           0.55
8           1           0.738
8           2           1.301
8           3           1.024
8           4           0.784



pc(j, m) - Variable costs of producing one unit of item j on machine m. The production cost is period-independent.


1           1           2.224
1           2           3.252
1           3           3.74
1           4           11.264
2           1           2.029
2           2           3.879
2           3           5.616
2           4           10.845
3           1           1.812
3           2           1.678
3           3           2.979
3           4           9.106
4           1           1.531
4           2           3.977
4           3           3.647
4           4           6.788
5           1           1.779
5           2           2.912
5           3           5.538
5           4           9.216
6           1           1.238
6           2           1.339
6           3           3.881
6           4           10.933
7           1           2.736
7           2           2.424
7           3           2.306
7           4           8.481
8           1           1.212
8           2           3.768
8           3           3.686
8           4           5.489



pe(j, m) - Production emission for producing one unit of item j on machine m. The production emission is period-independent.


1           1           4.289
1           2           2.441
1           3           2.435
1           4           0.519
2           1           3.986
2           2           3.671
2           3           1.166
2           4           0.556
3           1           2.022
3           2           3.548
3           3           2.024
3           4           0.456
4           1           3.293
4           2           0.925
4           3           0.574
4           4           0.761
5           1           4.207
5           2           2.357
5           3           1.328
5           4           0.27
6           1           4.281
6           2           2.507
6           3           0.55
6           4           1.055
7           1           1.792
7           2           2.424
7           3           1.843
7           4           0.369
8           1           1.982
8           2           1.641
8           3           1.567
8           4           1.111



hc(j) - Inventory-holding costs for one unit of item j for one period.


1           0.118
2           0.125
3           0.127
4           0.257
5           0.256
6           0.135
7           0.167
8           0.194



st(j, m) - Setup times for producing a lot of item j on machine m. The setup times are period-independent.


1           1           19.99
1           2           10.799
1           3           15.22
1           4           6.394
2           1           18.726
2           2           11.396
2           3           11.162
2           4           7.502
3           1           9.442
3           2           11.157
3           3           8.177
3           4           16.157
4           1           15.476
4           2           15.407
4           3           15.169
4           4           14.121
5           1           17.046
5           2           12.417
5           3           5.339
5           4           5.198
6           1           15.674
6           2           15.184
6           3           17.879
6           4           17.752
7           1           5.503
7           2           16.648
7           3           14.597
7           4           10.938
8           1           14.311
8           2           17.36
8           3           12.811
8           4           7.212



se(j, m) - Setup emission for producing a lot of item j on machine m. The setup emission are period-independent.


1           1           143.673
1           2           93.992
1           3           41.627
1           4           41.801
2           1           86.162
2           2           111.349
2           3           90.616
2           4           26.549
3           1           116.02
3           2           108.665
3           3           35.797
3           4           30.566
4           1           119.89
4           2           43.844
4           3           29.119
4           4           35.488
5           1           91.943
5           2           73.016
5           3           71.367
5           4           12.588
6           1           51.754
6           2           141.781
6           3           75.756
6           4           35.102
7           1           54.461
7           2           102.761
7           3           49.654
7           4           39.548
8           1           140.617
8           2           117.186
8           3           65.482
8           4           40.09



sc(j, m) - Setup costs for producing a lot of item j on machine m. The setup costs are period-independent.


1           1           7844.247
1           2           10458.996
1           3           15688.493
1           4           31376.987
2           1           8373.75
2           2           11165.0
2           3           16747.5
2           4           33495.0
3           1           7595.023
3           2           10126.698
3           3           15190.047
3           4           30380.093
4           1           14709.823
4           2           19613.098
4           3           29419.647
4           4           58839.293
5           1           15638.187
5           2           20850.916
5           3           31276.373
5           4           62552.747
6           1           8419.95
6           2           11226.6
6           3           16839.9
6           4           33679.8
7           1           9815.703
7           2           13087.604
7           3           19631.407
7           4           39262.813
8           1           12448.333
8           2           16597.778
8           3           24896.667
8           4           49793.333



bc(m) - Fixed investment cost for machine m.


1           1055.5528177809203
2           870.1975460200972
3           4577.2717802664065
4           3930.0570404059963



ca(m, t) - The available capacity of machine m in period t.


1           1           195.57061740740738
1           2           195.57061740740738
1           3           195.57061740740738
1           4           195.57061740740738
1           5           195.57061740740738
1           6           195.57061740740738
2           1           195.57061740740738
2           2           195.57061740740738
2           3           195.57061740740738
2           4           195.57061740740738
2           5           195.57061740740738
2           6           195.57061740740738
3           1           195.57061740740738
3           2           195.57061740740738
3           3           195.57061740740738
3           4           195.57061740740738
3           5           195.57061740740738
3           6           195.57061740740738
4           1           195.57061740740738
4           2           195.57061740740738
4           3           195.57061740740738
4           4           195.57061740740738
4           5           195.57061740740738
4           6           195.57061740740738



em(t) - The limits of carbon emissions in period t.


1           1772.4579094444443
2           1772.4579094444443
3           1772.4579094444443
4           1772.4579094444443
5           1772.4579094444443
6           1772.4579094444443
