Information for the currently-owned machines and the machines that may be purchased: if 1, the machine can be purchased, otherwise currently-owned.


1           1.0
2           0.0
3           0.0
4           0.0



item_machine_arc(j, m) - The relationship arc between item j and machine m, i.e., machine m is capable of producing item j if item_machine_arc(j, m) = 1.


1           1           1.0
1           2           1.0
1           3           1.0
1           4           1.0
2           1           0.0
2           2           1.0
2           3           0.0
2           4           1.0
3           1           0.0
3           2           0.0
3           3           0.0
3           4           1.0
4           1           0.0
4           2           1.0
4           3           0.0
4           4           0.0
5           1           0.0
5           2           1.0
5           3           1.0
5           4           0.0
6           1           1.0
6           2           0.0
6           3           1.0
6           4           1.0
7           1           1.0
7           2           0.0
7           3           0.0
7           4           0.0
8           1           0.0
8           2           1.0
8           3           0.0
8           4           0.0



d(j, t) - Gross demand for item j in period t.


1           1           42
1           2           36
1           3           39
1           4           32
1           5           39
1           6           44
2           1           30
2           2           49
2           3           44
2           4           43
2           5           40
2           6           33
3           1           47
3           2           44
3           3           43
3           4           44
3           5           40
3           6           38
4           1           32
4           2           38
4           3           35
4           4           38
4           5           43
4           6           35
5           1           41
5           2           43
5           3           49
5           4           32
5           5           44
5           6           30
6           1           47
6           2           37
6           3           46
6           4           50
6           5           50
6           6           42
7           1           47
7           2           45
7           3           37
7           4           43
7           5           46
7           6           42
8           1           32
8           2           39
8           3           31
8           4           45
8           5           43
8           6           49



pt(j, m) - Time required to produce one unit of item j on machine m. The production time is period-independent.


1           1           0.628
1           2           0.524
1           3           1.291
1           4           1.47
2           1           0.723
2           2           0.977
2           3           0.937
2           4           0.636
3           1           1.427
3           2           0.913
3           3           0.573
3           4           1.342
4           1           0.665
4           2           0.905
4           3           0.666
4           4           1.463
5           1           0.852
5           2           1.319
5           3           1.26
5           4           0.845
6           1           1.352
6           2           1.079
6           3           1.381
6           4           1.325
7           1           1.298
7           2           1.001
7           3           1.145
7           4           0.589
8           1           0.683
8           2           0.904
8           3           1.122
8           4           0.881



pc(j, m) - Variable costs of producing one unit of item j on machine m. The production cost is period-independent.


1           1           2.372
1           2           11.107
1           3           4.603
1           4           3.768
2           1           2.556
2           2           4.165
2           3           5.601
2           4           3.573
3           1           1.071
3           2           7.033
3           3           3.036
3           4           2.118
4           1           1.139
4           2           7.268
4           3           5.226
4           4           2.142
5           1           2.027
5           2           11.682
5           3           4.755
5           4           3.013
6           1           2.564
6           2           10.957
6           3           3.867
6           4           3.903
7           1           1.297
7           2           6.489
7           3           3.819
7           4           3.669
8           1           2.834
8           2           4.084
8           3           3.446
8           4           1.373



pe(j, m) - Production emission for producing one unit of item j on machine m. The production emission is period-independent.


1           1           3.443
1           2           1.05
1           3           0.969
1           4           2.843
2           1           3.956
2           2           0.926
2           3           0.991
2           4           1.838
3           1           1.959
3           2           1.158
3           3           2.466
3           4           2.259
4           1           3.617
4           2           1.094
4           3           2.449
4           4           2.693
5           1           4.394
5           2           0.77
5           3           1.843
5           4           2.599
6           1           4.866
6           2           1.03
6           3           0.847
6           4           3.62
7           1           3.355
7           2           0.903
7           3           1.292
7           4           1.685
8           1           2.068
8           2           0.344
8           3           1.623
8           4           3.691



hc(j) - Inventory-holding costs for one unit of item j for one period.


1           0.289
2           0.104
3           0.108
4           0.101
5           0.24
6           0.176
7           0.269
8           0.252



st(j, m) - Setup times for producing a lot of item j on machine m. The setup times are period-independent.


1           1           17.997
1           2           12.969
1           3           11.528
1           4           17.352
2           1           14.63
2           2           5.331
2           3           5.778
2           4           12.496
3           1           11.256
3           2           9.167
3           3           14.714
3           4           12.024
4           1           10.576
4           2           9.187
4           3           8.602
4           4           13.833
5           1           8.921
5           2           10.426
5           3           19.545
5           4           19.178
6           1           17.566
6           2           10.836
6           3           12.833
6           4           7.672
7           1           18.788
7           2           12.654
7           3           6.85
7           4           11.266
8           1           13.688
8           2           5.5
8           3           8.941
8           4           9.133



se(j, m) - Setup emission for producing a lot of item j on machine m. The setup emission are period-independent.


1           1           28.196
1           2           4.833
1           3           13.58
1           4           23.489
2           1           38.51
2           2           5.82
2           3           7.43
2           4           13.88
3           1           12.717
3           2           9.765
3           3           15.814
3           4           19.137
4           1           27.06
4           2           5.642
4           3           12.795
4           4           21.95
5           1           10.64
5           2           2.833
5           3           14.787
5           4           22.761
6           1           11.358
6           2           5.326
6           3           15.585
6           4           15.146
7           1           22.821
7           2           3.744
7           3           7.698
7           4           29.283
8           1           20.917
8           2           4.67
8           3           5.738
8           4           29.072



sc(j, m) - Setup costs for producing a lot of item j on machine m. The setup costs are period-independent.


1           1           17208.987
1           2           68835.947
1           3           34417.973
1           4           22945.316
2           1           6379.707
2           2           25518.827
2           3           12759.413
2           4           8506.276
3           1           7096.32
3           2           28385.28
3           3           14192.64
3           4           9461.76
4           1           5729.057
4           2           22916.227
4           3           11458.113
4           4           7638.742
5           1           14722.4
5           2           58889.6
5           3           29444.8
5           4           19629.867
6           1           12287.147
6           2           49148.587
6           3           24574.293
6           4           16382.862
7           1           17951.267
7           2           71805.067
7           3           35902.533
7           4           23935.022
8           1           15458.52
8           2           61834.08
8           3           30917.04
8           4           20611.36



bc(m) - Fixed investment cost for machine m.


1           4848.003159998136
2           17670.794724214844
3           1368.5872824633927
4           2005.6810638859054



ca(m, t) - The available capacity of machine m in period t.


1           1           193.20512037037037
1           2           193.20512037037037
1           3           193.20512037037037
1           4           193.20512037037037
1           5           193.20512037037037
1           6           193.20512037037037
2           1           193.20512037037037
2           2           193.20512037037037
2           3           193.20512037037037
2           4           193.20512037037037
2           5           193.20512037037037
2           6           193.20512037037037
3           1           193.20512037037037
3           2           193.20512037037037
3           3           193.20512037037037
3           4           193.20512037037037
3           5           193.20512037037037
3           6           193.20512037037037
4           1           193.20512037037037
4           2           193.20512037037037
4           3           193.20512037037037
4           4           193.20512037037037
4           5           193.20512037037037
4           6           193.20512037037037



em(t) - The limits of carbon emissions in period t.


1           1040.1365333333335
2           1040.1365333333335
3           1040.1365333333335
4           1040.1365333333335
5           1040.1365333333335
6           1040.1365333333335
