Information for the currently-owned machines and the machines that may be purchased: if 1, the machine can be purchased, otherwise currently-owned.


1           0.0
2           0.0
3           1.0
4           0.0



item_machine_arc(j, m) - The relationship arc between item j and machine m, i.e., machine m is capable of producing item j if item_machine_arc(j, m) = 1.


1           1           1.0
1           2           0.0
1           3           0.0
1           4           0.0
2           1           1.0
2           2           1.0
2           3           0.0
2           4           0.0
3           1           1.0
3           2           1.0
3           3           1.0
3           4           1.0
4           1           1.0
4           2           1.0
4           3           0.0
4           4           1.0
5           1           0.0
5           2           0.0
5           3           1.0
5           4           0.0
6           1           1.0
6           2           1.0
6           3           1.0
6           4           0.0
7           1           0.0
7           2           1.0
7           3           0.0
7           4           1.0
8           1           1.0
8           2           1.0
8           3           1.0
8           4           0.0



d(j, t) - Gross demand for item j in period t.


1           1           42
1           2           34
1           3           41
1           4           32
1           5           49
1           6           46
2           1           40
2           2           50
2           3           35
2           4           35
2           5           39
2           6           42
3           1           48
3           2           50
3           3           34
3           4           43
3           5           50
3           6           33
4           1           34
4           2           45
4           3           32
4           4           35
4           5           49
4           6           39
5           1           44
5           2           46
5           3           34
5           4           48
5           5           49
5           6           40
6           1           47
6           2           46
6           3           49
6           4           45
6           5           40
6           6           40
7           1           48
7           2           31
7           3           44
7           4           49
7           5           36
7           6           43
8           1           50
8           2           39
8           3           37
8           4           36
8           5           48
8           6           38



pt(j, m) - Time required to produce one unit of item j on machine m. The production time is period-independent.


1           1           1.399
1           2           0.984
1           3           0.872
1           4           0.876
2           1           0.931
2           2           1.427
2           3           1.254
2           4           0.777
3           1           1.306
3           2           0.76
3           3           0.857
3           4           1.11
4           1           1.371
4           2           1.272
4           3           0.724
4           4           1.34
5           1           1.405
5           2           0.682
5           3           1.105
5           4           0.634
6           1           0.983
6           2           1.263
6           3           0.859
6           4           1.029
7           1           1.066
7           2           0.957
7           3           1.283
7           4           1.474
8           1           0.568
8           2           1.175
8           3           0.609
8           4           1.001



pc(j, m) - Variable costs of producing one unit of item j on machine m. The production cost is period-independent.


1           1           9.002
1           2           2.353
1           3           5.614
1           4           1.903
2           1           6.531
2           2           2.199
2           3           5.423
2           4           2.6
3           1           8.366
3           2           1.458
3           3           2.201
3           4           3.312
4           1           10.316
4           2           1.42
4           3           3.067
4           4           2.161
5           1           11.651
5           2           2.697
5           3           5.067
5           4           1.69
6           1           6.864
6           2           1.24
6           3           3.835
6           4           3.809
7           1           9.724
7           2           1.418
7           3           4.641
7           4           1.914
8           1           8.012
8           2           1.883
8           3           5.08
8           4           1.694



pe(j, m) - Production emission for producing one unit of item j on machine m. The production emission is period-independent.


1           1           1.191
1           2           2.759
1           3           1.466
1           4           1.968
2           1           0.598
2           2           4.219
2           3           2.151
2           4           1.782
3           1           0.661
3           2           3.916
3           3           0.954
3           4           1.981
4           1           0.975
4           2           1.603
4           3           1.46
4           4           3.381
5           1           0.645
5           2           3.14
5           3           0.97
5           4           2.985
6           1           0.546
6           2           4.783
6           3           0.872
6           4           3.722
7           1           0.676
7           2           1.006
7           3           0.703
7           4           2.574
8           1           1.164
8           2           3.726
8           3           1.629
8           4           2.724



hc(j) - Inventory-holding costs for one unit of item j for one period.


1           0.257
2           0.144
3           0.114
4           0.18
5           0.24
6           0.28
7           0.249
8           0.188



st(j, m) - Setup times for producing a lot of item j on machine m. The setup times are period-independent.


1           1           18.983
1           2           19.082
1           3           10.836
1           4           7.534
2           1           6.396
2           2           19.456
2           3           13.314
2           4           7.478
3           1           16.506
3           2           17.824
3           3           8.358
3           4           17.958
4           1           13.45
4           2           11.261
4           3           7.488
4           4           8.875
5           1           14.472
5           2           10.397
5           3           19.128
5           4           12.905
6           1           10.25
6           2           16.219
6           3           11.454
6           4           10.147
7           1           9.937
7           2           6.962
7           3           17.738
7           4           8.913
8           1           8.822
8           2           8.044
8           3           5.535
8           4           9.459



se(j, m) - Setup emission for producing a lot of item j on machine m. The setup emission are period-independent.


1           1           6.915
1           2           23.557
1           3           13.34
1           4           25.858
2           1           4.664
2           2           13.824
2           3           16.239
2           4           14.074
3           1           8.631
3           2           27.817
3           3           18.875
3           4           26.938
4           1           2.989
4           2           13.968
4           3           12.275
4           4           22.16
5           1           7.566
5           2           18.903
5           3           17.275
5           4           13.143
6           1           6.082
6           2           13.788
6           3           7.187
6           4           22.302
7           1           7.535
7           2           37.926
7           3           14.158
7           4           20.452
8           1           5.037
8           2           14.016
8           3           16.023
8           4           29.287



sc(j, m) - Setup costs for producing a lot of item j on machine m. The setup costs are period-independent.


1           1           58527.467
1           2           14631.867
1           3           29263.733
1           4           19509.156
2           1           32390.4
2           2           8097.6
2           3           16195.2
2           4           10796.8
3           1           27451.2
3           2           6862.8
3           3           13725.6
3           4           9150.4
4           1           39312.0
4           2           9828.0
4           3           19656.0
4           4           13104.0
5           1           58464.0
5           2           14616.0
5           3           29232.0
5           4           19488.0
6           1           69776.0
6           2           17444.0
6           3           34888.0
6           4           23258.667
7           1           58332.4
7           2           14583.1
7           3           29166.2
7           4           19444.133
8           1           43515.733
8           2           10878.933
8           3           21757.867
8           4           14505.244



bc(m) - Fixed investment cost for machine m.


1           18927.861518702746
2           983.8783941834516
3           3002.420886203998
4           4144.102388132336



ca(m, t) - The available capacity of machine m in period t.


1           1           220.46708444444442
1           2           220.46708444444442
1           3           220.46708444444442
1           4           220.46708444444442
1           5           220.46708444444442
1           6           220.46708444444442
2           1           220.46708444444442
2           2           220.46708444444442
2           3           220.46708444444442
2           4           220.46708444444442
2           5           220.46708444444442
2           6           220.46708444444442
3           1           220.46708444444442
3           2           220.46708444444442
3           3           220.46708444444442
3           4           220.46708444444442
3           5           220.46708444444442
3           6           220.46708444444442
4           1           220.46708444444442
4           2           220.46708444444442
4           3           220.46708444444442
4           4           220.46708444444442
4           5           220.46708444444442
4           6           220.46708444444442



em(t) - The limits of carbon emissions in period t.


1           925.0374583333332
2           925.0374583333332
3           925.0374583333332
4           925.0374583333332
5           925.0374583333332
6           925.0374583333332
