Information for the currently-owned machines and the machines that may be purchased: if 1, the machine can be purchased, otherwise currently-owned.


1           1.0
2           0.0
3           0.0
4           0.0



item_machine_arc(j, m) - The relationship arc between item j and machine m, i.e., machine m is capable of producing item j if item_machine_arc(j, m) = 1.


1           1           0.0
1           2           0.0
1           3           1.0
1           4           1.0
2           1           1.0
2           2           1.0
2           3           1.0
2           4           0.0
3           1           0.0
3           2           1.0
3           3           1.0
3           4           1.0
4           1           1.0
4           2           1.0
4           3           0.0
4           4           0.0
5           1           1.0
5           2           1.0
5           3           1.0
5           4           1.0
6           1           0.0
6           2           1.0
6           3           0.0
6           4           1.0
7           1           0.0
7           2           0.0
7           3           1.0
7           4           0.0
8           1           0.0
8           2           0.0
8           3           1.0
8           4           0.0



d(j, t) - Gross demand for item j in period t.


1           1           47
1           2           49
1           3           48
1           4           31
1           5           49
1           6           50
2           1           36
2           2           35
2           3           37
2           4           46
2           5           32
2           6           30
3           1           50
3           2           49
3           3           47
3           4           30
3           5           49
3           6           46
4           1           39
4           2           48
4           3           33
4           4           42
4           5           49
4           6           42
5           1           30
5           2           31
5           3           49
5           4           31
5           5           42
5           6           30
6           1           49
6           2           37
6           3           49
6           4           44
6           5           43
6           6           48
7           1           32
7           2           40
7           3           49
7           4           34
7           5           32
7           6           36
8           1           38
8           2           36
8           3           32
8           4           42
8           5           30
8           6           45



pt(j, m) - Time required to produce one unit of item j on machine m. The production time is period-independent.


1           1           0.591
1           2           0.887
1           3           1.441
1           4           1.028
2           1           1.44
2           2           1.31
2           3           1.191
2           4           1.187
3           1           0.734
3           2           1.109
3           3           1.117
3           4           1.155
4           1           1.401
4           2           0.739
4           3           0.589
4           4           0.937
5           1           0.971
5           2           0.502
5           3           0.829
5           4           0.824
6           1           0.993
6           2           1.43
6           3           0.587
6           4           0.84
7           1           0.656
7           2           0.805
7           3           0.947
7           4           1.497
8           1           1.067
8           2           1.103
8           3           1.453
8           4           1.063



pc(j, m) - Variable costs of producing one unit of item j on machine m. The production cost is period-independent.


1           1           4.837
1           2           11.551
1           3           2.272
1           4           1.435
2           1           3.898
2           2           4.333
2           3           2.539
2           4           2.803
3           1           5.172
3           2           4.603
3           3           1.961
3           4           1.242
4           1           3.982
4           2           8.586
4           3           1.774
4           4           1.337
5           1           3.931
5           2           11.206
5           3           3.152
5           4           1.751
6           1           3.531
6           2           10.804
6           3           2.425
6           4           2.648
7           1           4.57
7           2           8.617
7           3           2.16
7           4           1.195
8           1           3.564
8           2           10.062
8           3           2.685
8           4           2.158



pe(j, m) - Production emission for producing one unit of item j on machine m. The production emission is period-independent.


1           1           0.286
1           2           0.126
1           3           0.446
1           4           0.765
2           1           0.168
2           2           0.203
2           3           0.386
2           4           0.644
3           1           0.316
3           2           0.156
3           3           0.472
3           4           0.779
4           1           0.458
4           2           0.196
4           3           0.23
4           4           0.504
5           1           0.308
5           2           0.222
5           3           0.157
5           4           0.823
6           1           0.368
6           2           0.115
6           3           0.567
6           4           0.281
7           1           0.409
7           2           0.183
7           3           0.158
7           4           0.611
8           1           0.478
8           2           0.224
8           3           0.711
8           4           0.42



hc(j) - Inventory-holding costs for one unit of item j for one period.


1           0.133
2           0.239
3           0.117
4           0.229
5           0.135
6           0.279
7           0.241
8           0.193



st(j, m) - Setup times for producing a lot of item j on machine m. The setup times are period-independent.


1           1           15.673
1           2           16.191
1           3           13.214
1           4           12.693
2           1           13.595
2           2           11.294
2           3           18.88
2           4           6.907
3           1           17.314
3           2           14.215
3           3           9.284
3           4           5.032
4           1           16.514
4           2           8.117
4           3           13.4
4           4           19.087
5           1           16.587
5           2           16.303
5           3           12.636
5           4           18.011
6           1           12.134
6           2           13.027
6           3           7.249
6           4           10.421
7           1           11.193
7           2           13.592
7           3           6.71
7           4           16.661
8           1           10.214
8           2           9.047
8           3           18.769
8           4           14.241



se(j, m) - Setup emission for producing a lot of item j on machine m. The setup emission are period-independent.


1           1           15.876
1           2           6.494
1           3           14.016
1           4           15.239
2           1           5.948
2           2           8.073
2           3           17.883
2           4           16.867
3           1           5.503
3           2           4.558
3           3           11.85
3           4           21.355
4           1           11.58
4           2           7.693
4           3           17.986
4           4           25.477
5           1           16.023
5           2           6.43
5           3           10.194
5           4           18.777
6           1           16.562
6           2           2.913
6           3           29.112
6           4           17.96
7           1           19.485
7           2           5.905
7           3           24.712
7           4           19.073
8           1           10.001
8           2           3.651
8           3           9.319
8           4           26.023



sc(j, m) - Setup costs for producing a lot of item j on machine m. The setup costs are period-independent.


1           1           18706.893
1           2           37413.787
1           3           12471.262
1           4           9353.447
2           1           26500.32
2           2           53000.64
2           3           17666.88
2           4           13250.16
3           1           16276.26
3           2           32552.52
3           3           10850.84
3           4           8138.13
4           1           29740.993
4           2           59481.987
4           3           19827.329
4           4           14870.497
5           1           14760.9
5           2           29521.8
5           3           9840.6
5           4           7380.45
6           1           38669.4
6           2           77338.8
6           3           25779.6
6           4           19334.7
7           1           27588.073
7           2           55176.147
7           3           18392.049
7           4           13794.037
8           1           22093.353
8           2           44186.707
8           3           14728.902
8           4           11046.677



bc(m) - Fixed investment cost for machine m.


1           6574.145286810836
2           15620.47155896873
3           6176.975797824446
4           1792.0447709156822



ca(m, t) - The available capacity of machine m in period t.


1           1           195.50301944444442
1           2           195.50301944444442
1           3           195.50301944444442
1           4           195.50301944444442
1           5           195.50301944444442
1           6           195.50301944444442
2           1           195.50301944444442
2           2           195.50301944444442
2           3           195.50301944444442
2           4           195.50301944444442
2           5           195.50301944444442
2           6           195.50301944444442
3           1           195.50301944444442
3           2           195.50301944444442
3           3           195.50301944444442
3           4           195.50301944444442
3           5           195.50301944444442
3           6           195.50301944444442
4           1           195.50301944444442
4           2           195.50301944444442
4           3           195.50301944444442
4           4           195.50301944444442
4           5           195.50301944444442
4           6           195.50301944444442



em(t) - The limits of carbon emissions in period t.


1           275.23008333333337
2           275.23008333333337
3           275.23008333333337
4           275.23008333333337
5           275.23008333333337
6           275.23008333333337
