Information for the currently-owned machines and the machines that may be purchased: if 1, the machine can be purchased, otherwise currently-owned.


1           1.0
2           0.0
3           0.0
4           0.0



item_machine_arc(j, m) - The relationship arc between item j and machine m, i.e., machine m is capable of producing item j if item_machine_arc(j, m) = 1.


1           1           1.0
1           2           1.0
1           3           1.0
1           4           0.0
2           1           1.0
2           2           1.0
2           3           0.0
2           4           0.0
3           1           1.0
3           2           1.0
3           3           0.0
3           4           0.0
4           1           1.0
4           2           1.0
4           3           1.0
4           4           1.0
5           1           1.0
5           2           1.0
5           3           1.0
5           4           1.0
6           1           1.0
6           2           1.0
6           3           0.0
6           4           1.0
7           1           1.0
7           2           0.0
7           3           1.0
7           4           1.0
8           1           0.0
8           2           1.0
8           3           0.0
8           4           0.0



d(j, t) - Gross demand for item j in period t.


1           1           35
1           2           50
1           3           36
1           4           44
1           5           40
1           6           46
2           1           39
2           2           48
2           3           33
2           4           30
2           5           43
2           6           47
3           1           36
3           2           47
3           3           48
3           4           42
3           5           40
3           6           45
4           1           31
4           2           45
4           3           33
4           4           31
4           5           41
4           6           38
5           1           43
5           2           45
5           3           50
5           4           35
5           5           49
5           6           33
6           1           44
6           2           43
6           3           42
6           4           41
6           5           39
6           6           43
7           1           48
7           2           45
7           3           34
7           4           49
7           5           50
7           6           38
8           1           44
8           2           43
8           3           46
8           4           37
8           5           50
8           6           30



pt(j, m) - Time required to produce one unit of item j on machine m. The production time is period-independent.


1           1           1.106
1           2           0.938
1           3           1.493
1           4           0.984
2           1           1.172
2           2           1.435
2           3           0.551
2           4           1.287
3           1           1.342
3           2           0.709
3           3           1.45
3           4           1.101
4           1           1.303
4           2           0.631
4           3           1.298
4           4           0.713
5           1           0.672
5           2           0.756
5           3           1.014
5           4           0.833
6           1           0.514
6           2           0.682
6           3           1.038
6           4           0.819
7           1           1.487
7           2           0.676
7           3           1.432
7           4           1.036
8           1           1.239
8           2           0.517
8           3           0.848
8           4           0.626



pc(j, m) - Variable costs of producing one unit of item j on machine m. The production cost is period-independent.


1           1           1.217
1           2           8.313
1           3           3.667
1           4           2.128
2           1           1.81
2           2           11.076
2           3           3.34
2           4           2.75
3           1           2.336
3           2           5.268
3           3           2.65
3           4           3.3
4           1           2.707
4           2           4.673
4           3           2.877
4           4           5.208
5           1           2.0
5           2           7.448
5           3           1.91
5           4           4.146
6           1           2.28
6           2           11.577
6           3           3.099
6           4           4.598
7           1           1.205
7           2           8.247
7           3           3.929
7           4           2.641
8           1           2.084
8           2           6.075
8           3           3.331
8           4           3.929



pe(j, m) - Production emission for producing one unit of item j on machine m. The production emission is period-independent.


1           1           3.357
1           2           0.606
1           3           1.985
1           4           1.787
2           1           1.993
2           2           0.763
2           3           0.954
2           4           1.354
3           1           3.945
3           2           0.658
3           3           0.825
3           4           1.191
4           1           4.629
4           2           0.86
4           3           2.081
4           4           1.512
5           1           3.698
5           2           0.397
5           3           2.101
5           4           2.129
6           1           2.674
6           2           0.392
6           3           1.873
6           4           0.655
7           1           3.238
7           2           0.45
7           3           1.11
7           4           1.341
8           1           1.972
8           2           0.312
8           3           0.807
8           4           2.471



hc(j) - Inventory-holding costs for one unit of item j for one period.


1           0.132
2           0.169
3           0.226
4           0.232
5           0.284
6           0.108
7           0.141
8           0.146



st(j, m) - Setup times for producing a lot of item j on machine m. The setup times are period-independent.


1           1           74.945
1           2           50.723
1           3           38.267
1           4           43.892
2           1           91.376
2           2           49.271
2           3           28.42
2           4           26.579
3           1           60.793
3           2           82.63
3           3           62.865
3           4           61.606
4           1           42.64
4           2           85.634
4           3           94.413
4           4           86.926
5           1           40.22
5           2           98.43
5           3           53.501
5           4           69.551
6           1           42.607
6           2           52.344
6           3           90.443
6           4           26.751
7           1           84.239
7           2           89.261
7           3           44.872
7           4           33.3
8           1           46.635
8           2           60.393
8           3           33.931
8           4           33.536



se(j, m) - Setup emission for producing a lot of item j on machine m. The setup emission are period-independent.


1           1           75.339
1           2           45.543
1           3           86.042
1           4           31.354
2           1           96.42
2           2           27.289
2           3           43.504
2           4           75.568
3           1           124.973
3           2           29.824
3           3           77.516
3           4           88.566
4           1           154.697
4           2           26.141
4           3           51.191
4           4           86.62
5           1           109.91
5           2           47.552
5           3           44.905
5           4           78.421
6           1           128.407
6           2           48.686
6           3           115.663
6           4           80.447
7           1           146.422
7           2           16.778
7           3           87.209
7           4           52.683
8           1           130.931
8           2           36.841
8           3           143.375
8           4           38.638



sc(j, m) - Setup costs for producing a lot of item j on machine m. The setup costs are period-independent.


1           1           8503.88
1           2           34015.52
1           3           11338.507
1           4           17007.76
2           1           10410.4
2           2           41641.6
2           3           13880.533
2           4           20820.8
3           1           14965.72
3           2           59862.88
3           3           19954.293
3           4           29931.44
4           1           13040.72
4           2           52162.88
4           3           17387.627
4           4           26081.44
5           1           18587.8
5           2           74351.2
5           3           24783.733
5           4           37175.6
6           1           6985.44
6           2           27941.76
6           3           9313.92
6           4           13970.88
7           1           9554.16
7           2           38216.64
7           3           12738.88
7           4           19108.32
8           1           9368.333
8           2           37473.333
8           3           12491.111
8           4           18736.667



bc(m) - Fixed investment cost for machine m.


1           587.5122355220009
2           10315.29658214287
3           968.1380403958502
4           819.6749017915994



ca(m, t) - The available capacity of machine m in period t.


1           1           266.66004166666664
1           2           266.66004166666664
1           3           266.66004166666664
1           4           266.66004166666664
1           5           266.66004166666664
1           6           266.66004166666664
2           1           266.66004166666664
2           2           266.66004166666664
2           3           266.66004166666664
2           4           266.66004166666664
2           5           266.66004166666664
2           6           266.66004166666664
3           1           266.66004166666664
3           2           266.66004166666664
3           3           266.66004166666664
3           4           266.66004166666664
3           5           266.66004166666664
3           6           266.66004166666664
4           1           266.66004166666664
4           2           266.66004166666664
4           3           266.66004166666664
4           4           266.66004166666664
4           5           266.66004166666664
4           6           266.66004166666664



em(t) - The limits of carbon emissions in period t.


1           1182.9879444444443
2           1182.9879444444443
3           1182.9879444444443
4           1182.9879444444443
5           1182.9879444444443
6           1182.9879444444443
