Information for the currently-owned machines and the machines that may be purchased: if 1, the machine can be purchased, otherwise currently-owned.


1           0.0
2           0.0
3           0.0
4           1.0



item_machine_arc(j, m) - The relationship arc between item j and machine m, i.e., machine m is capable of producing item j if item_machine_arc(j, m) = 1.


1           1           1.0
1           2           0.0
1           3           0.0
1           4           1.0
2           1           1.0
2           2           1.0
2           3           1.0
2           4           0.0
3           1           1.0
3           2           0.0
3           3           1.0
3           4           1.0
4           1           1.0
4           2           1.0
4           3           1.0
4           4           1.0
5           1           0.0
5           2           0.0
5           3           1.0
5           4           0.0
6           1           1.0
6           2           1.0
6           3           1.0
6           4           1.0
7           1           1.0
7           2           1.0
7           3           0.0
7           4           0.0
8           1           0.0
8           2           0.0
8           3           1.0
8           4           1.0



d(j, t) - Gross demand for item j in period t.


1           1           38
1           2           43
1           3           32
1           4           36
1           5           48
1           6           42
2           1           33
2           2           30
2           3           48
2           4           50
2           5           30
2           6           43
3           1           42
3           2           33
3           3           35
3           4           48
3           5           47
3           6           37
4           1           47
4           2           36
4           3           49
4           4           39
4           5           49
4           6           49
5           1           49
5           2           43
5           3           38
5           4           41
5           5           39
5           6           34
6           1           47
6           2           50
6           3           30
6           4           47
6           5           49
6           6           37
7           1           43
7           2           33
7           3           40
7           4           38
7           5           36
7           6           41
8           1           36
8           2           36
8           3           40
8           4           47
8           5           40
8           6           43



pt(j, m) - Time required to produce one unit of item j on machine m. The production time is period-independent.


1           1           0.985
1           2           0.889
1           3           0.522
1           4           0.603
2           1           0.616
2           2           0.71
2           3           1.161
2           4           0.713
3           1           1.021
3           2           0.53
3           3           0.908
3           4           0.833
4           1           1.006
4           2           1.313
4           3           0.633
4           4           0.728
5           1           1.296
5           2           0.98
5           3           0.905
5           4           1.394
6           1           1.119
6           2           1.365
6           3           1.293
6           4           0.769
7           1           1.413
7           2           0.847
7           3           1.296
7           4           0.525
8           1           1.474
8           2           1.247
8           3           0.762
8           4           1.103



pc(j, m) - Variable costs of producing one unit of item j on machine m. The production cost is period-independent.


1           1           2.261
1           2           4.043
1           3           9.755
1           4           2.229
2           1           2.916
2           2           3.958
2           3           10.29
2           4           2.96
3           1           1.9
3           2           4.856
3           3           8.386
3           4           2.306
4           1           2.715
4           2           5.953
4           3           6.114
4           4           2.631
5           1           3.327
5           2           5.911
5           3           9.966
5           4           1.03
6           1           2.089
6           2           3.621
6           3           5.17
6           4           2.611
7           1           3.071
7           2           3.654
7           3           9.84
7           4           1.044
8           1           3.93
8           2           2.089
8           3           7.009
8           4           1.085



pe(j, m) - Production emission for producing one unit of item j on machine m. The production emission is period-independent.


1           1           3.582
1           2           2.126
1           3           0.84
1           4           1.472
2           1           3.258
2           2           0.979
2           3           0.859
2           4           4.881
3           1           1.634
3           2           1.141
3           3           1.213
3           4           2.645
4           1           3.702
4           2           2.441
4           3           0.77
4           4           3.482
5           1           2.689
5           2           0.697
5           3           1.202
5           4           2.638
6           1           1.743
6           2           2.343
6           3           0.905
6           4           3.425
7           1           2.774
7           2           0.583
7           3           0.877
7           4           3.551
8           1           1.572
8           2           1.52
8           3           0.497
8           4           4.297



hc(j) - Inventory-holding costs for one unit of item j for one period.


1           0.109
2           0.224
3           0.189
4           0.259
5           0.235
6           0.297
7           0.2
8           0.1



st(j, m) - Setup times for producing a lot of item j on machine m. The setup times are period-independent.


1           1           19.888
1           2           14.07
1           3           14.17
1           4           17.03
2           1           16.326
2           2           9.867
2           3           11.042
2           4           9.203
3           1           8.89
3           2           17.005
3           3           6.746
3           4           5.437
4           1           11.746
4           2           10.143
4           3           12.599
4           4           13.812
5           1           19.635
5           2           12.764
5           3           19.509
5           4           8.179
6           1           14.334
6           2           16.189
6           3           18.48
6           4           14.452
7           1           16.196
7           2           16.763
7           3           18.958
7           4           6.835
8           1           8.631
8           2           14.513
8           3           16.578
8           4           16.474



se(j, m) - Setup emission for producing a lot of item j on machine m. The setup emission are period-independent.


1           1           85.0
1           2           44.107
1           3           39.041
1           4           183.918
2           1           112.935
2           2           63.309
2           3           22.594
2           4           166.337
3           1           111.931
3           2           26.885
3           3           24.74
3           4           120.451
4           1           129.845
4           2           94.273
4           3           21.14
4           4           58.593
5           1           142.975
5           2           52.129
5           3           32.794
5           4           98.137
6           1           46.749
6           2           71.857
6           3           15.789
6           4           140.33
7           1           139.732
7           2           87.274
7           3           26.92
7           4           73.809
8           1           120.659
8           2           71.935
8           3           48.407
8           4           170.575



sc(j, m) - Setup costs for producing a lot of item j on machine m. The setup costs are period-independent.


1           1           8104.756
1           2           12157.133
1           3           24314.267
1           4           6078.567
2           1           16307.2
2           2           24460.8
2           3           48921.6
2           4           12230.4
3           1           14229.6
3           2           21344.4
3           3           42688.8
3           4           10672.2
4           1           21675.422
4           2           32513.133
4           3           65026.267
4           4           16256.567
5           1           17839.111
5           2           26758.667
5           3           53517.333
5           4           13379.333
6           1           24024.0
6           2           36036.0
6           3           72072.0
6           4           18018.0
7           1           14373.333
7           2           21560.0
7           3           43120.0
7           4           10780.0
8           1           7528.889
8           2           11293.333
8           3           22586.667
8           4           5646.667



bc(m) - Fixed investment cost for machine m.


1           3362.6761715117627
2           2272.713257455399
3           17372.834096984367
4           1262.369106164185



ca(m, t) - The available capacity of machine m in period t.


1           1           172.05090648148146
1           2           172.05090648148146
1           3           172.05090648148146
1           4           172.05090648148146
1           5           172.05090648148146
1           6           172.05090648148146
2           1           172.05090648148146
2           2           172.05090648148146
2           3           172.05090648148146
2           4           172.05090648148146
2           5           172.05090648148146
2           6           172.05090648148146
3           1           172.05090648148146
3           2           172.05090648148146
3           3           172.05090648148146
3           4           172.05090648148146
3           5           172.05090648148146
3           6           172.05090648148146
4           1           172.05090648148146
4           2           172.05090648148146
4           3           172.05090648148146
4           4           172.05090648148146
4           5           172.05090648148146
4           6           172.05090648148146



em(t) - The limits of carbon emissions in period t.


1           1543.1556097222224
2           1543.1556097222224
3           1543.1556097222224
4           1543.1556097222224
5           1543.1556097222224
6           1543.1556097222224
