Information for the currently-owned machines and the machines that may be purchased: if 1, the machine can be purchased, otherwise currently-owned.


1           0.0
2           0.0
3           1.0
4           0.0



item_machine_arc(j, m) - The relationship arc between item j and machine m, i.e., machine m is capable of producing item j if item_machine_arc(j, m) = 1.


1           1           1.0
1           2           0.0
1           3           0.0
1           4           0.0
2           1           1.0
2           2           1.0
2           3           0.0
2           4           1.0
3           1           0.0
3           2           0.0
3           3           0.0
3           4           1.0
4           1           0.0
4           2           0.0
4           3           1.0
4           4           1.0
5           1           0.0
5           2           0.0
5           3           1.0
5           4           1.0
6           1           0.0
6           2           1.0
6           3           1.0
6           4           1.0
7           1           0.0
7           2           1.0
7           3           0.0
7           4           0.0
8           1           1.0
8           2           1.0
8           3           1.0
8           4           0.0



d(j, t) - Gross demand for item j in period t.


1           1           30
1           2           31
1           3           32
1           4           40
1           5           31
1           6           45
2           1           47
2           2           43
2           3           33
2           4           33
2           5           50
2           6           34
3           1           34
3           2           45
3           3           37
3           4           50
3           5           33
3           6           43
4           1           45
4           2           34
4           3           45
4           4           45
4           5           36
4           6           33
5           1           47
5           2           36
5           3           30
5           4           30
5           5           46
5           6           41
6           1           42
6           2           42
6           3           42
6           4           44
6           5           35
6           6           43
7           1           38
7           2           50
7           3           37
7           4           42
7           5           34
7           6           41
8           1           40
8           2           33
8           3           40
8           4           45
8           5           33
8           6           33



pt(j, m) - Time required to produce one unit of item j on machine m. The production time is period-independent.


1           1           0.767
1           2           0.659
1           3           1.329
1           4           1.063
2           1           0.954
2           2           1.065
2           3           1.318
2           4           0.695
3           1           0.687
3           2           1.004
3           3           0.914
3           4           1.094
4           1           0.655
4           2           0.801
4           3           0.89
4           4           1.002
5           1           0.541
5           2           1.144
5           3           1.389
5           4           1.245
6           1           0.637
6           2           0.592
6           3           0.943
6           4           1.22
7           1           0.948
7           2           0.522
7           3           0.924
7           4           1.304
8           1           1.254
8           2           1.023
8           3           1.033
8           4           1.119



pc(j, m) - Variable costs of producing one unit of item j on machine m. The production cost is period-independent.


1           1           2.695
1           2           2.768
1           3           8.005
1           4           3.228
2           1           4.785
2           2           2.994
2           3           8.988
2           4           3.01
3           1           5.672
3           2           2.982
3           3           8.505
3           4           1.847
4           1           4.827
4           2           2.543
4           3           5.958
4           4           2.656
5           1           2.706
5           2           1.531
5           3           10.253
5           4           2.858
6           1           2.994
6           2           1.856
6           3           6.812
6           4           3.732
7           1           5.095
7           2           1.143
7           3           5.509
7           4           3.952
8           1           5.571
8           2           2.646
8           3           6.377
8           4           3.546



pe(j, m) - Production emission for producing one unit of item j on machine m. The production emission is period-independent.


1           1           0.307
1           2           0.707
1           3           0.146
1           4           0.422
2           1           0.297
2           2           0.587
2           3           0.088
2           4           0.223
3           1           0.191
3           2           0.434
3           3           0.147
3           4           0.738
4           1           0.281
4           2           0.442
4           3           0.187
4           4           0.425
5           1           0.253
5           2           0.788
5           3           0.226
5           4           0.235
6           1           0.475
6           2           0.447
6           3           0.063
6           4           0.353
7           1           0.497
7           2           0.883
7           3           0.054
7           4           0.438
8           1           0.348
8           2           0.347
8           3           0.07
8           4           0.736



hc(j) - Inventory-holding costs for one unit of item j for one period.


1           0.138
2           0.227
3           0.183
4           0.274
5           0.217
6           0.181
7           0.244
8           0.234



st(j, m) - Setup times for producing a lot of item j on machine m. The setup times are period-independent.


1           1           10.34
1           2           18.002
1           3           10.206
1           4           9.551
2           1           10.411
2           2           5.557
2           3           6.37
2           4           10.574
3           1           19.535
3           2           14.625
3           3           12.323
3           4           14.448
4           1           5.92
4           2           6.934
4           3           5.063
4           4           9.19
5           1           15.418
5           2           10.837
5           3           8.777
5           4           6.376
6           1           5.414
6           2           9.768
6           3           10.908
6           4           7.695
7           1           9.503
7           2           12.923
7           3           7.113
7           4           14.314
8           1           8.906
8           2           11.185
8           3           6.983
8           4           11.639



se(j, m) - Setup emission for producing a lot of item j on machine m. The setup emission are period-independent.


1           1           65.599
1           2           167.673
1           3           14.817
1           4           90.29
2           1           42.107
2           2           76.835
2           3           33.939
2           4           100.321
3           1           47.092
3           2           123.48
3           3           28.417
3           4           99.793
4           1           65.474
4           2           190.044
4           3           32.189
4           4           73.962
5           1           29.667
5           2           158.464
5           3           35.162
5           4           65.035
6           1           97.472
6           2           92.044
6           3           36.138
6           4           50.907
7           1           46.767
7           2           58.312
7           3           21.832
7           4           46.129
8           1           90.764
8           2           149.693
8           3           18.38
8           4           80.132



sc(j, m) - Setup costs for producing a lot of item j on machine m. The setup costs are period-independent.


1           1           14805.56
1           2           7402.78
1           3           29611.12
1           4           9870.373
2           1           27966.4
2           2           13983.2
2           3           55932.8
2           4           18644.267
3           1           22733.48
3           2           11366.74
3           3           45466.96
3           4           15155.653
4           1           33475.493
4           2           16737.747
4           3           66950.987
4           4           22316.996
5           1           25620.467
5           2           12810.233
5           3           51240.933
5           4           17080.311
6           1           23042.507
6           2           11521.253
6           3           46085.013
6           4           15361.671
7           1           30311.307
7           2           15155.653
7           3           60622.613
7           4           20207.538
8           1           26906.88
8           2           13453.44
8           3           53813.76
8           4           17937.92



bc(m) - Fixed investment cost for machine m.


1           1353.0594797920214
2           4269.250323311695
3           18981.28463890349
4           2074.5950904177885



ca(m, t) - The available capacity of machine m in period t.


1           1           156.38585925925923
1           2           156.38585925925923
1           3           156.38585925925923
1           4           156.38585925925923
1           5           156.38585925925923
1           6           156.38585925925923
2           1           156.38585925925923
2           2           156.38585925925923
2           3           156.38585925925923
2           4           156.38585925925923
2           5           156.38585925925923
2           6           156.38585925925923
3           1           156.38585925925923
3           2           156.38585925925923
3           3           156.38585925925923
3           4           156.38585925925923
3           5           156.38585925925923
3           6           156.38585925925923
4           1           156.38585925925923
4           2           156.38585925925923
4           3           156.38585925925923
4           4           156.38585925925923
4           5           156.38585925925923
4           6           156.38585925925923



em(t) - The limits of carbon emissions in period t.


1           625.5306322222223
2           625.5306322222223
3           625.5306322222223
4           625.5306322222223
5           625.5306322222223
6           625.5306322222223
