Information for the currently-owned machines and the machines that may be purchased: if 1, the machine can be purchased, otherwise currently-owned.


1           1.0
2           0.0
3           0.0
4           0.0



item_machine_arc(j, m) - The relationship arc between item j and machine m, i.e., machine m is capable of producing item j if item_machine_arc(j, m) = 1.


1           1           0.0
1           2           1.0
1           3           1.0
1           4           1.0
2           1           1.0
2           2           1.0
2           3           1.0
2           4           1.0
3           1           1.0
3           2           1.0
3           3           1.0
3           4           1.0
4           1           1.0
4           2           1.0
4           3           1.0
4           4           1.0
5           1           1.0
5           2           1.0
5           3           1.0
5           4           1.0
6           1           0.0
6           2           1.0
6           3           0.0
6           4           0.0
7           1           1.0
7           2           1.0
7           3           0.0
7           4           0.0
8           1           0.0
8           2           1.0
8           3           0.0
8           4           1.0



d(j, t) - Gross demand for item j in period t.


1           1           38
1           2           45
1           3           31
1           4           30
1           5           39
1           6           38
2           1           48
2           2           36
2           3           38
2           4           34
2           5           45
2           6           50
3           1           41
3           2           31
3           3           45
3           4           49
3           5           33
3           6           44
4           1           49
4           2           30
4           3           48
4           4           45
4           5           31
4           6           35
5           1           33
5           2           30
5           3           48
5           4           46
5           5           42
5           6           48
6           1           33
6           2           42
6           3           37
6           4           34
6           5           43
6           6           46
7           1           39
7           2           50
7           3           47
7           4           38
7           5           33
7           6           44
8           1           35
8           2           37
8           3           43
8           4           50
8           5           42
8           6           34



pt(j, m) - Time required to produce one unit of item j on machine m. The production time is period-independent.


1           1           1.053
1           2           1.085
1           3           1.087
1           4           0.653
2           1           0.709
2           2           1.339
2           3           1.432
2           4           1.11
3           1           1.431
3           2           1.281
3           3           0.619
3           4           1.46
4           1           0.918
4           2           0.551
4           3           1.272
4           4           1.022
5           1           0.505
5           2           0.61
5           3           1.319
5           4           0.733
6           1           1.068
6           2           0.954
6           3           1.044
6           4           0.906
7           1           1.344
7           2           1.227
7           3           0.947
7           4           1.174
8           1           0.785
8           2           1.355
8           3           1.381
8           4           1.125



pc(j, m) - Variable costs of producing one unit of item j on machine m. The production cost is period-independent.


1           1           3.226
1           2           3.342
1           3           11.446
1           4           1.44
2           1           2.268
2           2           3.923
2           3           6.809
2           4           1.144
3           1           2.802
3           2           2.391
3           3           9.041
3           4           1.773
4           1           3.892
4           2           3.014
4           3           11.48
4           4           1.647
5           1           4.797
5           2           3.07
5           3           4.14
5           4           2.676
6           1           4.47
6           2           3.175
6           3           9.345
6           4           1.779
7           1           4.591
7           2           2.057
7           3           9.677
7           4           1.853
8           1           4.299
8           2           2.793
8           3           11.019
8           4           1.439



pe(j, m) - Production emission for producing one unit of item j on machine m. The production emission is period-independent.


1           1           1.694
1           2           3.161
1           3           0.607
1           4           1.594
2           1           2.495
2           2           1.378
2           3           0.644
2           4           2.057
3           1           1.778
3           2           2.41
3           3           0.876
3           4           3.841
4           1           1.138
4           2           2.005
4           3           0.334
4           4           3.821
5           1           1.394
5           2           2.792
5           3           0.947
5           4           4.938
6           1           2.027
6           2           3.367
6           3           0.341
6           4           2.202
7           1           1.71
7           2           2.032
7           3           0.852
7           4           2.984
8           1           1.272
8           2           3.627
8           3           0.409
8           4           2.05



hc(j) - Inventory-holding costs for one unit of item j for one period.


1           0.111
2           0.15
3           0.156
4           0.242
5           0.114
6           0.178
7           0.239
8           0.209



st(j, m) - Setup times for producing a lot of item j on machine m. The setup times are period-independent.


1           1           18.665
1           2           5.021
1           3           15.246
1           4           7.314
2           1           7.106
2           2           11.331
2           3           13.295
2           4           7.899
3           1           17.173
3           2           8.273
3           3           17.081
3           4           9.516
4           1           8.752
4           2           13.829
4           3           5.134
4           4           9.16
5           1           17.065
5           2           11.886
5           3           12.811
5           4           7.913
6           1           14.284
6           2           16.634
6           3           9.65
6           4           12.118
7           1           6.538
7           2           12.176
7           3           13.679
7           4           11.14
8           1           14.033
8           2           14.259
8           3           11.965
8           4           8.986



se(j, m) - Setup emission for producing a lot of item j on machine m. The setup emission are period-independent.


1           1           79.543
1           2           89.598
1           3           43.802
1           4           58.776
2           1           81.825
2           2           138.703
2           3           35.784
2           4           174.15
3           1           84.78
3           2           76.23
3           3           32.521
3           4           102.315
4           1           70.291
4           2           60.063
4           3           29.679
4           4           66.819
5           1           50.46
5           2           55.006
5           3           40.565
5           4           90.472
6           1           54.601
6           2           140.002
6           3           47.539
6           4           188.409
7           1           95.163
7           2           47.066
7           3           47.092
7           4           124.15
8           1           35.274
8           2           46.498
8           3           15.4
8           4           135.575



sc(j, m) - Setup costs for producing a lot of item j on machine m. The setup costs are period-independent.


1           1           12592.58
1           2           8395.053
1           3           25185.16
1           4           6296.29
2           1           19327.0
2           2           12884.667
2           3           38654.0
2           4           9663.5
3           1           19459.44
3           2           12972.96
3           3           38918.88
3           4           9729.72
4           1           29565.947
4           2           19710.631
4           3           59131.893
4           4           14782.973
5           1           14454.44
5           2           9636.293
5           3           28908.88
5           4           7227.22
6           1           21472.733
6           2           14315.156
6           3           42945.467
6           4           10736.367
7           1           30794.353
7           2           20529.569
7           3           61588.707
7           4           15397.177
8           1           25856.087
8           2           17237.391
8           3           51712.173
8           4           12928.043



bc(m) - Fixed investment cost for machine m.


1           2714.485217760243
2           4388.133974049404
3           17017.438264057346
4           1700.4058956849517



ca(m, t) - The available capacity of machine m in period t.


1           1           199.03856907407413
1           2           199.03856907407413
1           3           199.03856907407413
1           4           199.03856907407413
1           5           199.03856907407413
1           6           199.03856907407413
2           1           199.03856907407413
2           2           199.03856907407413
2           3           199.03856907407413
2           4           199.03856907407413
2           5           199.03856907407413
2           6           199.03856907407413
3           1           199.03856907407413
3           2           199.03856907407413
3           3           199.03856907407413
3           4           199.03856907407413
3           5           199.03856907407413
3           6           199.03856907407413
4           1           199.03856907407413
4           2           199.03856907407413
4           3           199.03856907407413
4           4           199.03856907407413
4           5           199.03856907407413
4           6           199.03856907407413



em(t) - The limits of carbon emissions in period t.


1           1479.4359805555555
2           1479.4359805555555
3           1479.4359805555555
4           1479.4359805555555
5           1479.4359805555555
6           1479.4359805555555
