Information for the currently-owned machines and the machines that may be purchased: if 1, the machine can be purchased, otherwise currently-owned.


1           0.0
2           0.0
3           0.0
4           1.0



item_machine_arc(j, m) - The relationship arc between item j and machine m, i.e., machine m is capable of producing item j if item_machine_arc(j, m) = 1.


1           1           0.0
1           2           1.0
1           3           0.0
1           4           0.0
2           1           1.0
2           2           1.0
2           3           1.0
2           4           1.0
3           1           1.0
3           2           1.0
3           3           1.0
3           4           1.0
4           1           1.0
4           2           1.0
4           3           1.0
4           4           1.0
5           1           1.0
5           2           1.0
5           3           1.0
5           4           1.0
6           1           1.0
6           2           0.0
6           3           1.0
6           4           0.0
7           1           1.0
7           2           1.0
7           3           1.0
7           4           1.0
8           1           0.0
8           2           0.0
8           3           1.0
8           4           0.0



d(j, t) - Gross demand for item j in period t.


1           1           36
1           2           36
1           3           34
1           4           36
1           5           44
1           6           31
2           1           31
2           2           35
2           3           31
2           4           45
2           5           34
2           6           47
3           1           47
3           2           43
3           3           38
3           4           33
3           5           31
3           6           48
4           1           35
4           2           38
4           3           31
4           4           36
4           5           49
4           6           32
5           1           35
5           2           34
5           3           44
5           4           33
5           5           33
5           6           35
6           1           39
6           2           32
6           3           42
6           4           48
6           5           40
6           6           32
7           1           31
7           2           42
7           3           45
7           4           42
7           5           38
7           6           34
8           1           38
8           2           30
8           3           46
8           4           44
8           5           38
8           6           46



pt(j, m) - Time required to produce one unit of item j on machine m. The production time is period-independent.


1           1           1.498
1           2           0.978
1           3           0.955
1           4           1.259
2           1           0.783
2           2           0.746
2           3           0.79
2           4           0.841
3           1           1.301
3           2           0.857
3           3           0.554
3           4           0.671
4           1           1.328
4           2           0.589
4           3           0.507
4           4           1.067
5           1           0.848
5           2           0.672
5           3           1.492
5           4           1.444
6           1           0.729
6           2           1.05
6           3           0.904
6           4           0.615
7           1           1.134
7           2           0.901
7           3           1.244
7           4           0.999
8           1           1.31
8           2           1.274
8           3           1.209
8           4           1.036



pc(j, m) - Variable costs of producing one unit of item j on machine m. The production cost is period-independent.


1           1           6.125
1           2           1.454
1           3           5.617
1           4           3.519
2           1           7.187
2           2           1.107
2           3           4.925
2           4           1.668
3           1           6.257
3           2           1.082
3           3           4.379
3           4           2.574
4           1           6.851
4           2           2.015
4           3           4.43
4           4           2.706
5           1           9.824
5           2           1.536
5           3           2.955
5           4           2.841
6           1           4.808
6           2           2.302
6           3           3.335
6           4           3.556
7           1           6.203
7           2           2.253
7           3           5.838
7           4           3.089
8           1           9.466
8           2           2.081
8           3           5.658
8           4           1.511



pe(j, m) - Production emission for producing one unit of item j on machine m. The production emission is period-independent.


1           1           0.162
1           2           0.403
1           3           0.308
1           4           0.393
2           1           0.169
2           2           0.887
2           3           0.371
2           4           0.21
3           1           0.207
3           2           0.402
3           3           0.38
3           4           0.291
4           1           0.11
4           2           0.679
4           3           0.256
4           4           0.426
5           1           0.158
5           2           0.702
5           3           0.301
5           4           0.665
6           1           0.063
6           2           0.386
6           3           0.239
6           4           0.163
7           1           0.229
7           2           0.948
7           3           0.202
7           4           0.744
8           1           0.053
8           2           0.468
8           3           0.28
8           4           0.397



hc(j) - Inventory-holding costs for one unit of item j for one period.


1           0.166
2           0.252
3           0.117
4           0.189
5           0.152
6           0.152
7           0.176
8           0.233



st(j, m) - Setup times for producing a lot of item j on machine m. The setup times are period-independent.


1           1           77.718
1           2           30.304
1           3           93.639
1           4           36.791
2           1           49.586
2           2           32.182
2           3           54.559
2           4           84.432
3           1           40.302
3           2           28.237
3           3           96.962
3           4           57.7
4           1           94.732
4           2           34.378
4           3           54.711
4           4           69.004
5           1           82.348
5           2           51.113
5           3           42.214
5           4           82.728
6           1           49.555
6           2           71.664
6           3           28.217
6           4           47.225
7           1           93.405
7           2           61.207
7           3           82.66
7           4           44.152
8           1           81.312
8           2           73.023
8           3           51.663
8           4           29.44



se(j, m) - Setup emission for producing a lot of item j on machine m. The setup emission are period-independent.


1           1           4.127
1           2           31.787
1           3           7.119
1           4           17.768
2           1           7.838
2           2           17.083
2           3           14.234
2           4           13.399
3           1           8.185
3           2           13.621
3           3           18.459
3           4           24.95
4           1           8.858
4           2           20.316
4           3           13.682
4           4           10.878
5           1           9.624
5           2           32.464
5           3           10.104
5           4           20.933
6           1           7.941
6           2           14.613
6           3           13.97
6           4           10.404
7           1           5.275
7           2           39.853
7           3           5.477
7           4           15.329
8           1           5.743
8           2           38.963
8           3           16.263
8           4           21.902



sc(j, m) - Setup costs for producing a lot of item j on machine m. The setup costs are period-independent.


1           1           33620.533
1           2           8405.133
1           3           16810.267
1           4           11206.844
2           1           52449.6
2           2           13112.4
2           3           26224.8
2           4           17483.2
3           1           26208.0
3           2           6552.0
3           3           13104.0
3           4           8736.0
4           1           38984.4
4           2           9746.1
4           3           19492.2
4           4           12994.8
5           1           30359.467
5           2           7589.867
5           3           15179.733
5           4           10119.822
6           1           33054.933
6           2           8263.733
6           3           16527.467
6           4           11018.311
7           1           38109.867
7           2           9527.467
7           3           19054.933
7           4           12703.289
8           1           52626.933
8           2           13156.733
8           3           26313.467
8           4           17542.311



bc(m) - Fixed investment cost for machine m.


1           16757.441197318272
2           4229.867564119795
3           3501.5383030375338
4           3779.2866796218937



ca(m, t) - The available capacity of machine m in period t.


1           1           260.3981080555555
1           2           260.3981080555555
1           3           260.3981080555555
1           4           260.3981080555555
1           5           260.3981080555555
1           6           260.3981080555555
2           1           260.3981080555555
2           2           260.3981080555555
2           3           260.3981080555555
2           4           260.3981080555555
2           5           260.3981080555555
2           6           260.3981080555555
3           1           260.3981080555555
3           2           260.3981080555555
3           3           260.3981080555555
3           4           260.3981080555555
3           5           260.3981080555555
3           6           260.3981080555555
4           1           260.3981080555555
4           2           260.3981080555555
4           3           260.3981080555555
4           4           260.3981080555555
4           5           260.3981080555555
4           6           260.3981080555555



em(t) - The limits of carbon emissions in period t.


1           249.78158333333332
2           249.78158333333332
3           249.78158333333332
4           249.78158333333332
5           249.78158333333332
6           249.78158333333332
