Information for the currently-owned machines and the machines that may be purchased: if 1, the machine can be purchased, otherwise currently-owned.


1           0.0
2           1.0
3           0.0
4           0.0



item_machine_arc(j, m) - The relationship arc between item j and machine m, i.e., machine m is capable of producing item j if item_machine_arc(j, m) = 1.


1           1           1.0
1           2           0.0
1           3           0.0
1           4           1.0
2           1           1.0
2           2           1.0
2           3           1.0
2           4           1.0
3           1           0.0
3           2           0.0
3           3           1.0
3           4           0.0
4           1           1.0
4           2           0.0
4           3           1.0
4           4           0.0
5           1           0.0
5           2           1.0
5           3           1.0
5           4           0.0
6           1           0.0
6           2           1.0
6           3           0.0
6           4           0.0
7           1           1.0
7           2           0.0
7           3           0.0
7           4           0.0
8           1           1.0
8           2           1.0
8           3           1.0
8           4           1.0



d(j, t) - Gross demand for item j in period t.


1           1           38
1           2           49
1           3           38
1           4           33
1           5           47
1           6           42
2           1           30
2           2           45
2           3           42
2           4           30
2           5           40
2           6           32
3           1           43
3           2           43
3           3           45
3           4           48
3           5           38
3           6           50
4           1           36
4           2           47
4           3           49
4           4           36
4           5           30
4           6           43
5           1           45
5           2           35
5           3           40
5           4           38
5           5           35
5           6           41
6           1           42
6           2           43
6           3           35
6           4           50
6           5           44
6           6           41
7           1           36
7           2           33
7           3           41
7           4           37
7           5           38
7           6           43
8           1           43
8           2           33
8           3           38
8           4           45
8           5           33
8           6           40



pt(j, m) - Time required to produce one unit of item j on machine m. The production time is period-independent.


1           1           0.81
1           2           0.788
1           3           0.688
1           4           1.275
2           1           1.492
2           2           0.881
2           3           0.513
2           4           0.936
3           1           0.782
3           2           0.521
3           3           1.266
3           4           0.725
4           1           1.494
4           2           1.158
4           3           1.126
4           4           1.235
5           1           0.59
5           2           0.833
5           3           1.258
5           4           1.249
6           1           0.719
6           2           0.57
6           3           0.749
6           4           0.996
7           1           0.65
7           2           1.279
7           3           1.088
7           4           0.585
8           1           0.669
8           2           0.505
8           3           1.296
8           4           1.087



pc(j, m) - Variable costs of producing one unit of item j on machine m. The production cost is period-independent.


1           1           2.657
1           2           1.602
1           3           5.154
1           4           3.891
2           1           2.2
2           2           2.498
2           3           6.062
2           4           2.301
3           1           1.102
3           2           2.873
3           3           8.055
3           4           4.727
4           1           1.398
4           2           2.092
4           3           9.098
4           4           4.911
5           1           2.734
5           2           2.05
5           3           10.939
5           4           2.561
6           1           1.698
6           2           1.534
6           3           9.875
6           4           5.659
7           1           1.382
7           2           3.826
7           3           8.668
7           4           5.229
8           1           1.074
8           2           3.593
8           3           6.785
8           4           2.395



pe(j, m) - Production emission for producing one unit of item j on machine m. The production emission is period-independent.


1           1           4.499
1           2           0.831
1           3           0.755
1           4           2.428
2           1           4.258
2           2           2.751
2           3           0.822
2           4           1.01
3           1           1.183
3           2           3.127
3           3           1.19
3           4           0.896
4           1           2.348
4           2           2.364
4           3           0.29
4           4           2.48
5           1           2.545
5           2           1.3
5           3           1.03
5           4           1.547
6           1           1.313
6           2           0.758
6           3           0.766
6           4           1.857
7           1           4.281
7           2           1.63
7           3           0.888
7           4           1.598
8           1           3.013
8           2           0.758
8           3           1.222
8           4           1.417



hc(j) - Inventory-holding costs for one unit of item j for one period.


1           0.288
2           0.179
3           0.177
4           0.21
5           0.264
6           0.258
7           0.206
8           0.273



st(j, m) - Setup times for producing a lot of item j on machine m. The setup times are period-independent.


1           1           72.649
1           2           28.851
1           3           76.179
1           4           87.436
2           1           50.791
2           2           37.284
2           3           65.342
2           4           63.625
3           1           86.32
3           2           72.183
3           3           58.888
3           4           83.1
4           1           45.21
4           2           38.861
4           3           82.272
4           4           77.923
5           1           43.645
5           2           88.098
5           3           62.301
5           4           63.44
6           1           63.525
6           2           68.56
6           3           97.368
6           4           67.049
7           1           44.081
7           2           32.978
7           3           80.081
7           4           83.271
8           1           80.966
8           2           42.479
8           3           70.295
8           4           91.335



se(j, m) - Setup emission for producing a lot of item j on machine m. The setup emission are period-independent.


1           1           155.653
1           2           43.123
1           3           49.361
1           4           67.033
2           1           120.834
2           2           110.038
2           3           35.551
2           4           59.79
3           1           138.322
3           2           146.159
3           3           49.877
3           4           62.226
4           1           114.074
4           2           101.935
4           3           32.854
4           4           82.197
5           1           78.038
5           2           102.842
5           3           25.488
5           4           59.686
6           1           166.12
6           2           41.402
6           3           25.808
6           4           43.772
7           1           106.408
7           2           50.459
7           3           25.985
7           4           98.808
8           1           196.124
8           2           139.412
8           3           48.84
8           4           30.946



sc(j, m) - Setup costs for producing a lot of item j on machine m. The setup costs are period-independent.


1           1           18258.24
1           2           24344.32
1           3           73032.96
1           4           36516.48
2           1           10061.59
2           2           13415.453
2           3           40246.36
2           4           20123.18
3           1           12129.81
3           2           16173.08
3           3           48519.24
3           4           24259.62
4           1           12989.9
4           2           17319.867
4           3           51959.6
4           4           25979.8
5           1           15855.84
5           2           21141.12
5           3           63423.36
5           4           31711.68
6           1           16886.1
6           2           22514.8
6           3           67544.4
6           4           33772.2
7           1           12055.12
7           2           16073.493
7           3           48220.48
7           4           24110.24
8           1           16256.24
8           2           21674.987
8           3           65024.96
8           4           32512.48



bc(m) - Fixed investment cost for machine m.


1           935.5126792296626
2           4749.152506482977
3           4489.240531523873
4           2180.8715425774108



ca(m, t) - The available capacity of machine m in period t.


1           1           292.01058638888895
1           2           292.01058638888895
1           3           292.01058638888895
1           4           292.01058638888895
1           5           292.01058638888895
1           6           292.01058638888895
2           1           292.01058638888895
2           2           292.01058638888895
2           3           292.01058638888895
2           4           292.01058638888895
2           5           292.01058638888895
2           6           292.01058638888895
3           1           292.01058638888895
3           2           292.01058638888895
3           3           292.01058638888895
3           4           292.01058638888895
3           5           292.01058638888895
3           6           292.01058638888895
4           1           292.01058638888895
4           2           292.01058638888895
4           3           292.01058638888895
4           4           292.01058638888895
4           5           292.01058638888895
4           6           292.01058638888895



em(t) - The limits of carbon emissions in period t.


1           1326.5033833333332
2           1326.5033833333332
3           1326.5033833333332
4           1326.5033833333332
5           1326.5033833333332
6           1326.5033833333332
