Information for the currently-owned machines and the machines that may be purchased: if 1, the machine can be purchased, otherwise currently-owned.


1           1.0
2           0.0
3           0.0
4           0.0



item_machine_arc(j, m) - The relationship arc between item j and machine m, i.e., machine m is capable of producing item j if item_machine_arc(j, m) = 1.


1           1           1.0
1           2           1.0
1           3           0.0
1           4           1.0
2           1           1.0
2           2           0.0
2           3           0.0
2           4           0.0
3           1           0.0
3           2           1.0
3           3           0.0
3           4           0.0
4           1           0.0
4           2           1.0
4           3           0.0
4           4           1.0
5           1           1.0
5           2           0.0
5           3           0.0
5           4           0.0
6           1           1.0
6           2           1.0
6           3           1.0
6           4           1.0
7           1           1.0
7           2           0.0
7           3           1.0
7           4           1.0
8           1           1.0
8           2           0.0
8           3           1.0
8           4           0.0



d(j, t) - Gross demand for item j in period t.


1           1           30
1           2           44
1           3           40
1           4           30
1           5           32
1           6           35
2           1           41
2           2           48
2           3           44
2           4           41
2           5           36
2           6           45
3           1           48
3           2           43
3           3           38
3           4           31
3           5           42
3           6           36
4           1           40
4           2           47
4           3           33
4           4           47
4           5           38
4           6           43
5           1           31
5           2           41
5           3           31
5           4           47
5           5           43
5           6           41
6           1           45
6           2           37
6           3           47
6           4           31
6           5           47
6           6           36
7           1           49
7           2           43
7           3           46
7           4           46
7           5           50
7           6           34
8           1           32
8           2           31
8           3           42
8           4           49
8           5           44
8           6           35



pt(j, m) - Time required to produce one unit of item j on machine m. The production time is period-independent.


1           1           0.716
1           2           1.3
1           3           1.124
1           4           0.583
2           1           0.942
2           2           0.615
2           3           1.369
2           4           1.169
3           1           1.386
3           2           1.044
3           3           1.318
3           4           1.005
4           1           0.78
4           2           0.959
4           3           0.938
4           4           1.208
5           1           1.116
5           2           1.168
5           3           1.196
5           4           0.571
6           1           0.732
6           2           0.888
6           3           1.094
6           4           1.403
7           1           0.569
7           2           1.18
7           3           0.578
7           4           1.235
8           1           0.574
8           2           1.428
8           3           1.336
8           4           1.196



pc(j, m) - Variable costs of producing one unit of item j on machine m. The production cost is period-independent.


1           1           11.392
1           2           4.034
1           3           2.709
1           4           1.778
2           1           7.824
2           2           5.883
2           3           2.15
2           4           1.967
3           1           8.134
3           2           5.333
3           3           2.904
3           4           1.678
4           1           4.255
4           2           5.72
4           3           2.125
4           4           3.356
5           1           6.272
5           2           3.38
5           3           2.292
5           4           2.176
6           1           8.644
6           2           5.237
6           3           1.912
6           4           1.665
7           1           4.015
7           2           3.834
7           3           1.883
7           4           2.802
8           1           4.721
8           2           2.661
8           3           2.444
8           4           2.039



pe(j, m) - Production emission for producing one unit of item j on machine m. The production emission is period-independent.


1           1           0.767
1           2           2.021
1           3           1.691
1           4           2.857
2           1           0.885
2           2           0.616
2           3           3.071
2           4           3.383
3           1           1.233
3           2           2.326
3           3           4.003
3           4           2.74
4           1           1.054
4           2           1.585
4           3           4.683
4           4           1.581
5           1           0.302
5           2           1.948
5           3           3.218
5           4           2.711
6           1           0.785
6           2           1.657
6           3           4.841
6           4           1.002
7           1           0.454
7           2           1.668
7           3           1.767
7           4           1.386
8           1           0.916
8           2           1.035
8           3           3.82
8           4           3.302



hc(j) - Inventory-holding costs for one unit of item j for one period.


1           0.175
2           0.298
3           0.123
4           0.102
5           0.12
6           0.236
7           0.248
8           0.2



st(j, m) - Setup times for producing a lot of item j on machine m. The setup times are period-independent.


1           1           60.87
1           2           36.937
1           3           55.883
1           4           34.588
2           1           38.088
2           2           46.773
2           3           71.04
2           4           45.876
3           1           60.309
3           2           86.474
3           3           45.048
3           4           38.198
4           1           96.856
4           2           48.302
4           3           43.78
4           4           66.534
5           1           78.888
5           2           99.513
5           3           96.529
5           4           79.169
6           1           97.626
6           2           86.522
6           3           35.746
6           4           53.972
7           1           58.016
7           2           27.23
7           3           72.906
7           4           48.153
8           1           79.164
8           2           39.057
8           3           99.804
8           4           37.989



se(j, m) - Setup emission for producing a lot of item j on machine m. The setup emission are period-independent.


1           1           2.872
1           2           11.759
1           3           32.358
1           4           14.363
2           1           3.819
2           2           5.364
2           3           20.001
2           4           8.667
3           1           5.02
3           2           13.555
3           3           18.864
3           4           17.047
4           1           7.621
4           2           9.816
4           3           24.871
4           4           26.851
5           1           5.851
5           2           15.589
5           3           10.299
5           4           12.344
6           1           5.745
6           2           11.364
6           3           21.513
6           4           27.016
7           1           8.571
7           2           12.186
7           3           35.086
7           4           11.96
8           1           6.263
8           2           13.325
8           3           31.567
8           4           13.998



sc(j, m) - Setup costs for producing a lot of item j on machine m. The setup costs are period-independent.


1           1           37909.667
1           2           18954.833
1           3           9477.417
1           4           12636.556
2           1           78016.4
2           2           39008.2
2           3           19504.1
2           4           26005.467
3           1           30054.64
3           2           15027.32
3           3           7513.66
3           4           10018.213
4           1           25970.56
4           2           12985.28
4           3           6492.64
4           4           8656.853
5           1           28828.8
5           2           14414.4
5           3           7207.2
5           4           9609.6
6           1           58877.28
6           2           29438.64
6           3           14719.32
6           4           19625.76
7           1           68236.373
7           2           34118.187
7           3           17059.093
7           4           22745.458
8           1           47842.667
8           2           23921.333
8           3           11960.667
8           4           15947.556



bc(m) - Fixed investment cost for machine m.


1           10030.2410109139
2           8123.796459771235
3           4354.21167824936
4           3675.7482425189687



ca(m, t) - The available capacity of machine m in period t.


1           1           268.6966009259259
1           2           268.6966009259259
1           3           268.6966009259259
1           4           268.6966009259259
1           5           268.6966009259259
1           6           268.6966009259259
2           1           268.6966009259259
2           2           268.6966009259259
2           3           268.6966009259259
2           4           268.6966009259259
2           5           268.6966009259259
2           6           268.6966009259259
3           1           268.6966009259259
3           2           268.6966009259259
3           3           268.6966009259259
3           4           268.6966009259259
3           5           268.6966009259259
3           6           268.6966009259259
4           1           268.6966009259259
4           2           268.6966009259259
4           3           268.6966009259259
4           4           268.6966009259259
4           5           268.6966009259259
4           6           268.6966009259259



em(t) - The limits of carbon emissions in period t.


1           855.2363691666667
2           855.2363691666667
3           855.2363691666667
4           855.2363691666667
5           855.2363691666667
6           855.2363691666667
