Information for the currently-owned machines and the machines that may be purchased: if 1, the machine can be purchased, otherwise currently-owned.


1           1.0
2           0.0
3           0.0
4           0.0



item_machine_arc(j, m) - The relationship arc between item j and machine m, i.e., machine m is capable of producing item j if item_machine_arc(j, m) = 1.


1           1           0.0
1           2           1.0
1           3           0.0
1           4           0.0
2           1           0.0
2           2           1.0
2           3           1.0
2           4           1.0
3           1           1.0
3           2           0.0
3           3           0.0
3           4           0.0
4           1           0.0
4           2           1.0
4           3           1.0
4           4           0.0
5           1           1.0
5           2           1.0
5           3           1.0
5           4           1.0
6           1           1.0
6           2           1.0
6           3           1.0
6           4           1.0
7           1           1.0
7           2           1.0
7           3           1.0
7           4           1.0
8           1           1.0
8           2           0.0
8           3           0.0
8           4           0.0



d(j, t) - Gross demand for item j in period t.


1           1           35
1           2           38
1           3           34
1           4           50
1           5           30
1           6           48
2           1           44
2           2           48
2           3           39
2           4           35
2           5           45
2           6           30
3           1           49
3           2           39
3           3           34
3           4           48
3           5           41
3           6           44
4           1           34
4           2           30
4           3           37
4           4           41
4           5           50
4           6           48
5           1           38
5           2           43
5           3           32
5           4           30
5           5           30
5           6           36
6           1           34
6           2           40
6           3           42
6           4           45
6           5           37
6           6           46
7           1           48
7           2           47
7           3           40
7           4           48
7           5           35
7           6           46
8           1           33
8           2           40
8           3           31
8           4           45
8           5           36
8           6           37



pt(j, m) - Time required to produce one unit of item j on machine m. The production time is period-independent.


1           1           1.436
1           2           1.383
1           3           0.837
1           4           1.495
2           1           1.397
2           2           1.041
2           3           1.084
2           4           0.689
3           1           1.126
3           2           0.904
3           3           0.836
3           4           0.556
4           1           1.157
4           2           1.412
4           3           0.623
4           4           1.484
5           1           1.097
5           2           1.428
5           3           1.401
5           4           1.189
6           1           1.385
6           2           0.529
6           3           1.203
6           4           1.462
7           1           1.093
7           2           0.964
7           3           1.227
7           4           0.837
8           1           0.543
8           2           0.831
8           3           1.327
8           4           1.112



pc(j, m) - Variable costs of producing one unit of item j on machine m. The production cost is period-independent.


1           1           3.717
1           2           10.223
1           3           3.178
1           4           1.235
2           1           5.907
2           2           7.798
2           3           3.88
2           4           1.717
3           1           5.901
3           2           8.293
3           3           3.583
3           4           1.114
4           1           5.586
4           2           5.523
4           3           3.488
4           4           2.783
5           1           5.264
5           2           10.708
5           3           2.458
5           4           1.523
6           1           3.643
6           2           7.256
6           3           1.669
6           4           1.883
7           1           5.723
7           2           11.882
7           3           1.379
7           4           1.306
8           1           4.573
8           2           5.752
8           3           2.968
8           4           2.257



pe(j, m) - Production emission for producing one unit of item j on machine m. The production emission is period-independent.


1           1           2.288
1           2           0.79
1           3           3.74
1           4           3.351
2           1           0.606
2           2           1.0
2           3           0.791
2           4           2.363
3           1           1.282
3           2           0.514
3           3           1.936
3           4           1.892
4           1           2.037
4           2           0.959
4           3           1.893
4           4           2.668
5           1           1.32
5           2           0.813
5           3           3.566
5           4           2.821
6           1           1.97
6           2           0.828
6           3           3.101
6           4           4.938
7           1           0.677
7           2           0.261
7           3           1.029
7           4           2.764
8           1           2.336
8           2           0.679
8           3           1.485
8           4           2.62



hc(j) - Inventory-holding costs for one unit of item j for one period.


1           0.23
2           0.131
3           0.23
4           0.216
5           0.262
6           0.288
7           0.194
8           0.162



st(j, m) - Setup times for producing a lot of item j on machine m. The setup times are period-independent.


1           1           63.656
1           2           54.872
1           3           50.0
1           4           49.362
2           1           60.272
2           2           49.664
2           3           34.547
2           4           31.38
3           1           72.092
3           2           55.209
3           3           45.175
3           4           65.54
4           1           82.073
4           2           58.334
4           3           26.733
4           4           47.829
5           1           76.106
5           2           55.453
5           3           70.787
5           4           50.436
6           1           28.526
6           2           71.251
6           3           97.717
6           4           32.529
7           1           83.691
7           2           44.434
7           3           87.703
7           4           30.223
8           1           63.686
8           2           74.2
8           3           26.972
8           4           85.215



se(j, m) - Setup emission for producing a lot of item j on machine m. The setup emission are period-independent.


1           1           6.585
1           2           9.179
1           3           18.209
1           4           10.05
2           1           14.776
2           2           5.261
2           3           28.658
2           4           21.011
3           1           7.412
3           2           5.977
3           3           10.035
3           4           34.605
4           1           16.87
4           2           5.459
4           3           26.034
4           4           13.197
5           1           12.792
5           2           7.372
5           3           22.801
5           4           19.484
6           1           6.953
6           2           5.363
6           3           28.037
6           4           38.261
7           1           12.19
7           2           4.383
7           3           13.119
7           4           37.896
8           1           6.622
8           2           7.114
8           3           12.865
8           4           28.046



sc(j, m) - Setup costs for producing a lot of item j on machine m. The setup costs are period-independent.


1           1           25223.333
1           2           50446.667
1           3           16815.556
1           4           12611.667
2           1           14733.133
2           2           29466.267
2           3           9822.089
2           4           7366.567
3           1           27370.0
3           2           54740.0
3           3           18246.667
3           4           13685.0
4           1           24192.0
4           2           48384.0
4           3           16128.0
4           4           12096.0
5           1           25553.733
5           2           51107.467
5           3           17035.822
5           4           12776.867
6           1           32793.6
6           2           65587.2
6           3           21862.4
6           4           16396.8
7           1           23900.8
7           2           47801.6
7           3           15933.867
7           4           11950.4
8           1           16783.2
8           2           33566.4
8           3           11188.8
8           4           8391.6



bc(m) - Fixed investment cost for machine m.


1           359.0453188420739
2           9964.354447505319
3           2128.887916063566
4           2834.542713031393



ca(m, t) - The available capacity of machine m in period t.


1           1           263.1444861111111
1           2           263.1444861111111
1           3           263.1444861111111
1           4           263.1444861111111
1           5           263.1444861111111
1           6           263.1444861111111
2           1           263.1444861111111
2           2           263.1444861111111
2           3           263.1444861111111
2           4           263.1444861111111
2           5           263.1444861111111
2           6           263.1444861111111
3           1           263.1444861111111
3           2           263.1444861111111
3           3           263.1444861111111
3           4           263.1444861111111
3           5           263.1444861111111
3           6           263.1444861111111
4           1           263.1444861111111
4           2           263.1444861111111
4           3           263.1444861111111
4           4           263.1444861111111
4           5           263.1444861111111
4           6           263.1444861111111



em(t) - The limits of carbon emissions in period t.


1           805.9021638888887
2           805.9021638888887
3           805.9021638888887
4           805.9021638888887
5           805.9021638888887
6           805.9021638888887
