Information for the currently-owned machines and the machines that may be purchased: if 1, the machine can be purchased, otherwise currently-owned.


1           0.0
2           1.0
3           0.0
4           0.0



item_machine_arc(j, m) - The relationship arc between item j and machine m, i.e., machine m is capable of producing item j if item_machine_arc(j, m) = 1.


1           1           1.0
1           2           0.0
1           3           1.0
1           4           0.0
2           1           1.0
2           2           1.0
2           3           1.0
2           4           1.0
3           1           1.0
3           2           1.0
3           3           1.0
3           4           1.0
4           1           1.0
4           2           0.0
4           3           1.0
4           4           0.0
5           1           1.0
5           2           1.0
5           3           1.0
5           4           1.0
6           1           0.0
6           2           0.0
6           3           0.0
6           4           1.0
7           1           1.0
7           2           1.0
7           3           1.0
7           4           1.0
8           1           0.0
8           2           0.0
8           3           1.0
8           4           0.0



d(j, t) - Gross demand for item j in period t.


1           1           38
1           2           49
1           3           34
1           4           33
1           5           39
1           6           32
2           1           43
2           2           38
2           3           43
2           4           47
2           5           38
2           6           47
3           1           44
3           2           41
3           3           42
3           4           45
3           5           45
3           6           31
4           1           50
4           2           49
4           3           35
4           4           43
4           5           49
4           6           45
5           1           49
5           2           31
5           3           42
5           4           32
5           5           48
5           6           33
6           1           39
6           2           45
6           3           40
6           4           44
6           5           48
6           6           32
7           1           36
7           2           42
7           3           41
7           4           41
7           5           49
7           6           49
8           1           44
8           2           40
8           3           42
8           4           41
8           5           43
8           6           32



pt(j, m) - Time required to produce one unit of item j on machine m. The production time is period-independent.


1           1           1.302
1           2           1.336
1           3           1.442
1           4           1.467
2           1           0.894
2           2           0.598
2           3           1.11
2           4           1.194
3           1           0.811
3           2           0.747
3           3           1.436
3           4           1.116
4           1           0.784
4           2           1.427
4           3           1.171
4           4           1.376
5           1           0.966
5           2           0.94
5           3           0.564
5           4           0.676
6           1           1.229
6           2           1.253
6           3           0.979
6           4           0.896
7           1           1.273
7           2           0.648
7           3           1.168
7           4           0.619
8           1           0.502
8           2           1.385
8           3           0.899
8           4           0.758



pc(j, m) - Variable costs of producing one unit of item j on machine m. The production cost is period-independent.


1           1           8.525
1           2           2.956
1           3           4.118
1           4           2.38
2           1           10.162
2           2           3.329
2           3           2.472
2           4           2.463
3           1           7.468
3           2           2.559
3           3           2.163
3           4           1.681
4           1           7.851
4           2           2.185
4           3           5.84
4           4           2.262
5           1           5.411
5           2           2.561
5           3           2.108
5           4           1.421
6           1           11.831
6           2           3.865
6           3           3.203
6           4           2.556
7           1           4.984
7           2           1.632
7           3           2.168
7           4           1.453
8           1           7.671
8           2           2.188
8           3           4.475
8           4           2.431



pe(j, m) - Production emission for producing one unit of item j on machine m. The production emission is period-independent.


1           1           0.116
1           2           0.652
1           3           0.28
1           4           0.711
2           1           0.058
2           2           0.299
2           3           0.412
2           4           0.767
3           1           0.24
3           2           0.537
3           3           0.272
3           4           0.213
4           1           0.189
4           2           0.225
4           3           0.36
4           4           0.457
5           1           0.227
5           2           0.308
5           3           0.219
5           4           0.876
6           1           0.105
6           2           0.649
6           3           0.21
6           4           0.202
7           1           0.23
7           2           0.381
7           3           0.236
7           4           0.529
8           1           0.06
8           2           0.519
8           3           0.27
8           4           0.253



hc(j) - Inventory-holding costs for one unit of item j for one period.


1           0.143
2           0.136
3           0.274
4           0.196
5           0.297
6           0.205
7           0.299
8           0.2



st(j, m) - Setup times for producing a lot of item j on machine m. The setup times are period-independent.


1           1           90.767
1           2           27.011
1           3           78.641
1           4           86.582
2           1           33.737
2           2           36.55
2           3           31.262
2           4           34.694
3           1           46.468
3           2           81.098
3           3           86.069
3           4           67.618
4           1           27.408
4           2           90.465
4           3           32.941
4           4           28.628
5           1           50.323
5           2           27.114
5           3           63.983
5           4           33.845
6           1           62.084
6           2           48.03
6           3           28.829
6           4           46.57
7           1           97.543
7           2           46.777
7           3           27.661
7           4           31.183
8           1           51.224
8           2           94.571
8           3           86.932
8           4           28.213



se(j, m) - Setup emission for producing a lot of item j on machine m. The setup emission are period-independent.


1           1           5.509
1           2           8.463
1           3           7.36
1           4           12.044
2           1           4.991
2           2           10.621
2           3           11.815
2           4           32.707
3           1           4.294
3           2           11.197
3           3           18.581
3           4           22.701
4           1           6.551
4           2           28.779
4           3           7.992
4           4           37.435
5           1           6.688
5           2           8.966
5           3           9.216
5           4           12.576
6           1           9.712
6           2           29.823
6           3           11.324
6           4           13.775
7           1           3.449
7           2           10.07
7           3           17.517
7           4           12.275
8           1           8.502
8           2           11.153
8           3           19.148
8           4           22.375



sc(j, m) - Setup costs for producing a lot of item j on machine m. The setup costs are period-independent.


1           1           30030.0
1           2           10010.0
1           3           15015.0
1           4           7507.5
2           1           32494.933
2           2           10831.644
2           3           16247.467
2           4           8123.733
3           1           63421.867
3           2           21140.622
3           3           31710.933
3           4           15855.467
4           1           49574.933
4           2           16524.978
4           3           24787.467
4           4           12393.733
5           1           65142.0
5           2           21714.0
5           3           32571.0
5           4           16285.5
6           1           47450.667
6           2           15816.889
6           3           23725.333
6           4           11862.667
7           1           71999.2
7           2           23999.733
7           3           35999.6
7           4           17999.8
8           1           45173.333
8           2           15057.778
8           3           22586.667
8           4           11293.333



bc(m) - Fixed investment cost for machine m.


1           9495.674553828087
2           5638.002304107387
3           9481.244697485401
4           4924.293103480903



ca(m, t) - The available capacity of machine m in period t.


1           1           254.8942083333333
1           2           254.8942083333333
1           3           254.8942083333333
1           4           254.8942083333333
1           5           254.8942083333333
1           6           254.8942083333333
2           1           254.8942083333333
2           2           254.8942083333333
2           3           254.8942083333333
2           4           254.8942083333333
2           5           254.8942083333333
2           6           254.8942083333333
3           1           254.8942083333333
3           2           254.8942083333333
3           3           254.8942083333333
3           4           254.8942083333333
3           5           254.8942083333333
3           6           254.8942083333333
4           1           254.8942083333333
4           2           254.8942083333333
4           3           254.8942083333333
4           4           254.8942083333333
4           5           254.8942083333333
4           6           254.8942083333333



em(t) - The limits of carbon emissions in period t.


1           226.78373666666667
2           226.78373666666667
3           226.78373666666667
4           226.78373666666667
5           226.78373666666667
6           226.78373666666667
