Information for the currently-owned machines and the machines that may be purchased: if 1, the machine can be purchased, otherwise currently-owned.


1           1.0
2           0.0
3           0.0
4           0.0



item_machine_arc(j, m) - The relationship arc between item j and machine m, i.e., machine m is capable of producing item j if item_machine_arc(j, m) = 1.


1           1           1.0
1           2           1.0
1           3           1.0
1           4           1.0
2           1           0.0
2           2           0.0
2           3           0.0
2           4           1.0
3           1           0.0
3           2           0.0
3           3           0.0
3           4           1.0
4           1           1.0
4           2           0.0
4           3           0.0
4           4           1.0
5           1           1.0
5           2           1.0
5           3           1.0
5           4           0.0
6           1           1.0
6           2           0.0
6           3           1.0
6           4           0.0
7           1           1.0
7           2           1.0
7           3           0.0
7           4           0.0
8           1           1.0
8           2           1.0
8           3           1.0
8           4           1.0



d(j, t) - Gross demand for item j in period t.


1           1           44
1           2           41
1           3           32
1           4           42
1           5           33
1           6           40
2           1           39
2           2           40
2           3           50
2           4           36
2           5           38
2           6           32
3           1           42
3           2           33
3           3           41
3           4           48
3           5           45
3           6           41
4           1           43
4           2           49
4           3           50
4           4           45
4           5           46
4           6           39
5           1           44
5           2           30
5           3           42
5           4           31
5           5           43
5           6           32
6           1           32
6           2           41
6           3           37
6           4           42
6           5           39
6           6           47
7           1           40
7           2           41
7           3           50
7           4           43
7           5           33
7           6           50
8           1           42
8           2           34
8           3           34
8           4           31
8           5           47
8           6           45



pt(j, m) - Time required to produce one unit of item j on machine m. The production time is period-independent.


1           1           1.043
1           2           1.186
1           3           0.993
1           4           0.548
2           1           1.276
2           2           1.433
2           3           0.637
2           4           0.627
3           1           0.753
3           2           0.501
3           3           0.83
3           4           1.445
4           1           1.093
4           2           1.158
4           3           1.156
4           4           0.668
5           1           0.503
5           2           0.526
5           3           0.516
5           4           0.561
6           1           1.321
6           2           0.682
6           3           0.745
6           4           0.948
7           1           0.617
7           2           0.745
7           3           0.563
7           4           1.461
8           1           1.142
8           2           1.131
8           3           0.903
8           4           1.366



pc(j, m) - Variable costs of producing one unit of item j on machine m. The production cost is period-independent.


1           1           1.465
1           2           6.935
1           3           4.798
1           4           3.954
2           1           1.972
2           2           9.913
2           3           2.254
2           4           1.625
3           1           1.903
3           2           10.932
3           3           5.831
3           4           2.193
4           1           1.765
4           2           6.173
4           3           4.928
4           4           3.478
5           1           2.897
5           2           8.762
5           3           4.913
5           4           1.593
6           1           2.623
6           2           10.313
6           3           2.862
6           4           3.002
7           1           2.257
7           2           11.813
7           3           5.55
7           4           2.932
8           1           2.669
8           2           10.626
8           3           5.777
8           4           1.382



pe(j, m) - Production emission for producing one unit of item j on machine m. The production emission is period-independent.


1           1           0.319
1           2           0.065
1           3           0.109
1           4           0.393
2           1           0.204
2           2           0.109
2           3           0.191
2           4           0.663
3           1           0.299
3           2           0.138
3           3           0.165
3           4           0.724
4           1           0.605
4           2           0.249
4           3           0.352
4           4           0.38
5           1           0.521
5           2           0.243
5           3           0.393
5           4           0.373
6           1           0.589
6           2           0.065
6           3           0.192
6           4           0.247
7           1           0.86
7           2           0.163
7           3           0.398
7           4           0.39
8           1           0.44
8           2           0.214
8           3           0.27
8           4           0.408



hc(j) - Inventory-holding costs for one unit of item j for one period.


1           0.263
2           0.125
3           0.183
4           0.148
5           0.191
6           0.141
7           0.143
8           0.242



st(j, m) - Setup times for producing a lot of item j on machine m. The setup times are period-independent.


1           1           75.411
1           2           59.06
1           3           26.796
1           4           74.801
2           1           72.322
2           2           54.333
2           3           95.825
2           4           77.337
3           1           79.611
3           2           80.368
3           3           52.193
3           4           88.282
4           1           47.543
4           2           50.402
4           3           87.792
4           4           57.117
5           1           88.003
5           2           25.084
5           3           95.384
5           4           82.627
6           1           47.719
6           2           55.257
6           3           57.551
6           4           75.294
7           1           60.239
7           2           70.152
7           3           69.736
7           4           49.216
8           1           82.394
8           2           41.967
8           3           30.644
8           4           83.629



se(j, m) - Setup emission for producing a lot of item j on machine m. The setup emission are period-independent.


1           1           17.37
1           2           6.305
1           3           11.406
1           4           18.588
2           1           10.58
2           2           6.995
2           3           10.341
2           4           13.582
3           1           25.054
3           2           2.664
3           3           13.496
3           4           12.418
4           1           11.205
4           2           3.154
4           3           10.584
4           4           26.819
5           1           21.544
5           2           4.915
5           3           11.358
5           4           26.57
6           1           27.584
6           2           7.567
6           3           17.852
6           4           28.72
7           1           37.928
7           2           3.671
7           3           13.634
7           4           22.245
8           1           11.631
8           2           5.013
8           3           5.537
8           4           16.264



sc(j, m) - Setup costs for producing a lot of item j on machine m. The setup costs are period-independent.


1           1           15660.773
1           2           62643.093
1           3           31321.547
1           4           20881.031
2           1           7539.583
2           2           30158.333
2           3           15079.167
2           4           10052.778
3           1           11742.5
3           2           46970.0
3           3           23485.0
3           4           15656.667
4           1           10332.373
4           2           41329.493
4           3           20664.747
4           4           13776.498
5           1           10883.18
5           2           43532.72
5           3           21766.36
5           4           14510.907
6           1           8613.22
6           2           34452.88
6           3           17226.44
6           4           11484.293
7           1           9432.757
7           2           37731.027
7           3           18865.513
7           4           12577.009
8           1           14472.407
8           2           57889.627
8           3           28944.813
8           4           19296.542



bc(m) - Fixed investment cost for machine m.


1           3671.7176487426627
2           5825.876053016153
3           7723.307000163697
4           2481.2448589249843



ca(m, t) - The available capacity of machine m in period t.


1           1           259.6501833333333
1           2           259.6501833333333
1           3           259.6501833333333
1           4           259.6501833333333
1           5           259.6501833333333
1           6           259.6501833333333
2           1           259.6501833333333
2           2           259.6501833333333
2           3           259.6501833333333
2           4           259.6501833333333
2           5           259.6501833333333
2           6           259.6501833333333
3           1           259.6501833333333
3           2           259.6501833333333
3           3           259.6501833333333
3           4           259.6501833333333
3           5           259.6501833333333
3           6           259.6501833333333
4           1           259.6501833333333
4           2           259.6501833333333
4           3           259.6501833333333
4           4           259.6501833333333
4           5           259.6501833333333
4           6           259.6501833333333



em(t) - The limits of carbon emissions in period t.


1           329.1096783333333
2           329.1096783333333
3           329.1096783333333
4           329.1096783333333
5           329.1096783333333
6           329.1096783333333
