Information for the currently-owned machines and the machines that may be purchased: if 1, the machine can be purchased, otherwise currently-owned.


1           1.0
2           0.0
3           0.0
4           0.0



item_machine_arc(j, m) - The relationship arc between item j and machine m, i.e., machine m is capable of producing item j if item_machine_arc(j, m) = 1.


1           1           1.0
1           2           1.0
1           3           1.0
1           4           1.0
2           1           1.0
2           2           1.0
2           3           0.0
2           4           0.0
3           1           1.0
3           2           1.0
3           3           1.0
3           4           1.0
4           1           1.0
4           2           1.0
4           3           1.0
4           4           1.0
5           1           1.0
5           2           0.0
5           3           1.0
5           4           0.0
6           1           1.0
6           2           1.0
6           3           1.0
6           4           1.0
7           1           1.0
7           2           1.0
7           3           1.0
7           4           0.0
8           1           0.0
8           2           0.0
8           3           0.0
8           4           1.0



d(j, t) - Gross demand for item j in period t.


1           1           35
1           2           41
1           3           37
1           4           40
1           5           30
1           6           50
2           1           31
2           2           45
2           3           36
2           4           34
2           5           45
2           6           44
3           1           48
3           2           34
3           3           45
3           4           34
3           5           47
3           6           31
4           1           39
4           2           46
4           3           32
4           4           30
4           5           32
4           6           37
5           1           30
5           2           35
5           3           31
5           4           44
5           5           38
5           6           46
6           1           40
6           2           31
6           3           50
6           4           47
6           5           36
6           6           40
7           1           31
7           2           33
7           3           30
7           4           33
7           5           44
7           6           46
8           1           50
8           2           42
8           3           47
8           4           31
8           5           36
8           6           33



pt(j, m) - Time required to produce one unit of item j on machine m. The production time is period-independent.


1           1           0.536
1           2           0.818
1           3           1.084
1           4           0.624
2           1           1.434
2           2           0.579
2           3           1.222
2           4           0.611
3           1           1.169
3           2           0.692
3           3           1.314
3           4           1.207
4           1           0.684
4           2           0.665
4           3           0.838
4           4           1.423
5           1           0.937
5           2           0.996
5           3           1.456
5           4           1.158
6           1           1.336
6           2           0.709
6           3           1.408
6           4           1.103
7           1           0.526
7           2           0.893
7           3           0.756
7           4           0.741
8           1           1.017
8           2           1.37
8           3           0.72
8           4           0.653



pc(j, m) - Variable costs of producing one unit of item j on machine m. The production cost is period-independent.


1           1           5.485
1           2           4.825
1           3           1.556
1           4           2.394
2           1           5.275
2           2           6.65
2           3           2.289
2           4           2.073
3           1           5.888
3           2           6.669
3           3           2.524
3           4           3.783
4           1           2.063
4           2           4.286
4           3           2.175
4           4           1.974
5           1           5.945
5           2           4.604
5           3           1.32
5           4           1.584
6           1           2.786
6           2           6.254
6           3           2.849
6           4           2.349
7           1           2.892
7           2           5.399
7           3           1.914
7           4           1.574
8           1           5.486
8           2           4.225
8           3           1.355
8           4           3.467



pe(j, m) - Production emission for producing one unit of item j on machine m. The production emission is period-independent.


1           1           2.494
1           2           1.082
1           3           2.282
1           4           2.022
2           1           1.779
2           2           0.894
2           3           4.344
2           4           2.513
3           1           1.288
3           2           0.999
3           3           1.902
3           4           3.03
4           1           0.75
4           2           0.651
4           3           3.478
4           4           1.761
5           1           1.895
5           2           1.018
5           3           1.183
5           4           1.139
6           1           1.999
6           2           0.369
6           3           2.035
6           4           1.367
7           1           1.102
7           2           0.555
7           3           4.276
7           4           3.102
8           1           1.284
8           2           0.389
8           3           4.669
8           4           0.929



hc(j) - Inventory-holding costs for one unit of item j for one period.


1           0.226
2           0.199
3           0.185
4           0.194
5           0.233
6           0.121
7           0.201
8           0.149



st(j, m) - Setup times for producing a lot of item j on machine m. The setup times are period-independent.


1           1           90.399
1           2           41.063
1           3           79.506
1           4           67.934
2           1           91.831
2           2           39.513
2           3           51.916
2           4           31.221
3           1           93.778
3           2           57.651
3           3           95.984
3           4           95.75
4           1           58.725
4           2           80.633
4           3           50.357
4           4           91.665
5           1           68.494
5           2           33.88
5           3           97.952
5           4           41.199
6           1           39.651
6           2           93.131
6           3           27.992
6           4           68.136
7           1           94.594
7           2           90.145
7           3           88.037
7           4           62.046
8           1           46.495
8           2           39.934
8           3           50.651
8           4           60.432



se(j, m) - Setup emission for producing a lot of item j on machine m. The setup emission are period-independent.


1           1           19.685
1           2           6.343
1           3           11.043
1           4           19.959
2           1           18.303
2           2           3.754
2           3           18.731
2           4           22.29
3           1           16.053
3           2           6.171
3           3           37.617
3           4           18.714
4           1           14.789
4           2           9.895
4           3           27.005
4           4           19.532
5           1           13.634
5           2           5.306
5           3           10.092
5           4           12.66
6           1           19.801
6           2           7.596
6           3           27.962
6           4           12.267
7           1           5.544
7           2           7.424
7           3           32.77
7           4           15.27
8           1           9.405
8           2           8.12
8           3           29.891
8           4           18.097



sc(j, m) - Setup costs for producing a lot of item j on machine m. The setup costs are period-independent.


1           1           24573.733
1           2           49147.467
1           3           12286.867
1           4           16382.489
2           1           21823.667
2           2           43647.333
2           3           10911.833
2           4           14549.111
3           1           20633.667
3           2           41267.333
3           3           10316.833
3           4           13755.778
4           1           19555.2
4           2           39110.4
4           3           9777.6
4           4           13036.8
5           1           24356.267
5           2           48712.533
5           3           12178.133
5           4           16237.511
6           1           13777.867
6           2           27555.733
6           3           6888.933
6           4           9185.244
7           1           20354.6
7           2           40709.2
7           3           10177.3
7           4           13569.733
8           1           16618.467
8           2           33236.933
8           3           8309.233
8           4           11078.978



bc(m) - Fixed investment cost for machine m.


1           5040.68723554064
2           18235.46786910865
3           1803.6504840412554
4           1026.7797760149197



ca(m, t) - The available capacity of machine m in period t.


1           1           270.74450277777777
1           2           270.74450277777777
1           3           270.74450277777777
1           4           270.74450277777777
1           5           270.74450277777777
1           6           270.74450277777777
2           1           270.74450277777777
2           2           270.74450277777777
2           3           270.74450277777777
2           4           270.74450277777777
2           5           270.74450277777777
2           6           270.74450277777777
3           1           270.74450277777777
3           2           270.74450277777777
3           3           270.74450277777777
3           4           270.74450277777777
3           5           270.74450277777777
3           6           270.74450277777777
4           1           270.74450277777777
4           2           270.74450277777777
4           3           270.74450277777777
4           4           270.74450277777777
4           5           270.74450277777777
4           6           270.74450277777777



em(t) - The limits of carbon emissions in period t.


1           766.5935472222222
2           766.5935472222222
3           766.5935472222222
4           766.5935472222222
5           766.5935472222222
6           766.5935472222222
