Information for the currently-owned machines and the machines that may be purchased: if 1, the machine can be purchased, otherwise currently-owned.


1           0.0
2           0.0
3           1.0
4           0.0



item_machine_arc(j, m) - The relationship arc between item j and machine m, i.e., machine m is capable of producing item j if item_machine_arc(j, m) = 1.


1           1           1.0
1           2           1.0
1           3           1.0
1           4           1.0
2           1           1.0
2           2           0.0
2           3           0.0
2           4           1.0
3           1           0.0
3           2           0.0
3           3           0.0
3           4           1.0
4           1           1.0
4           2           1.0
4           3           1.0
4           4           1.0
5           1           1.0
5           2           1.0
5           3           1.0
5           4           1.0
6           1           1.0
6           2           0.0
6           3           1.0
6           4           0.0
7           1           1.0
7           2           1.0
7           3           1.0
7           4           1.0
8           1           0.0
8           2           0.0
8           3           1.0
8           4           0.0



d(j, t) - Gross demand for item j in period t.


1           1           40
1           2           49
1           3           33
1           4           32
1           5           32
1           6           33
2           1           31
2           2           38
2           3           47
2           4           39
2           5           43
2           6           37
3           1           39
3           2           33
3           3           44
3           4           43
3           5           39
3           6           39
4           1           32
4           2           34
4           3           33
4           4           48
4           5           42
4           6           30
5           1           31
5           2           41
5           3           42
5           4           39
5           5           33
5           6           37
6           1           48
6           2           44
6           3           32
6           4           45
6           5           42
6           6           33
7           1           30
7           2           38
7           3           40
7           4           36
7           5           46
7           6           47
8           1           30
8           2           33
8           3           34
8           4           37
8           5           46
8           6           49



pt(j, m) - Time required to produce one unit of item j on machine m. The production time is period-independent.


1           1           1.197
1           2           0.828
1           3           1.069
1           4           0.88
2           1           0.903
2           2           0.749
2           3           0.554
2           4           0.629
3           1           0.957
3           2           0.602
3           3           0.925
3           4           1.261
4           1           1.086
4           2           1.05
4           3           0.599
4           4           0.628
5           1           0.873
5           2           1.213
5           3           1.407
5           4           1.472
6           1           0.679
6           2           0.53
6           3           1.153
6           4           0.562
7           1           1.211
7           2           1.006
7           3           0.825
7           4           0.694
8           1           0.679
8           2           1.456
8           3           1.347
8           4           0.958



pc(j, m) - Variable costs of producing one unit of item j on machine m. The production cost is period-independent.


1           1           3.993
1           2           2.328
1           3           11.218
1           4           3.532
2           1           2.094
2           2           2.418
2           3           5.969
2           4           4.886
3           1           3.983
3           2           2.262
3           3           8.239
3           4           4.725
4           1           1.344
4           2           1.272
4           3           9.379
4           4           5.599
5           1           2.65
5           2           2.433
5           3           11.56
5           4           3.073
6           1           3.564
6           2           1.424
6           3           6.251
6           4           4.295
7           1           2.372
7           2           2.063
7           3           4.918
7           4           4.627
8           1           2.914
8           2           1.43
8           3           9.92
8           4           2.393



pe(j, m) - Production emission for producing one unit of item j on machine m. The production emission is period-independent.


1           1           0.168
1           2           0.82
1           3           0.186
1           4           0.154
2           1           0.194
2           2           0.859
2           3           0.058
2           4           0.19
3           1           0.376
3           2           0.495
3           3           0.178
3           4           0.312
4           1           0.733
4           2           0.869
4           3           0.239
4           4           0.315
5           1           0.709
5           2           0.381
5           3           0.124
5           4           0.426
6           1           0.439
6           2           0.897
6           3           0.078
6           4           0.202
7           1           0.749
7           2           0.357
7           3           0.104
7           4           0.278
8           1           0.517
8           2           0.575
8           3           0.211
8           4           0.123



hc(j) - Inventory-holding costs for one unit of item j for one period.


1           0.112
2           0.139
3           0.114
4           0.19
5           0.175
6           0.234
7           0.267
8           0.174



st(j, m) - Setup times for producing a lot of item j on machine m. The setup times are period-independent.


1           1           79.979
1           2           39.316
1           3           73.336
1           4           66.115
2           1           61.016
2           2           47.365
2           3           80.834
2           4           47.112
3           1           66.025
3           2           85.072
3           3           98.548
3           4           92.113
4           1           42.838
4           2           98.679
4           3           50.349
4           4           41.365
5           1           81.633
5           2           33.646
5           3           93.762
5           4           57.498
6           1           38.77
6           2           75.852
6           3           52.709
6           4           73.171
7           1           37.059
7           2           63.957
7           3           46.467
7           4           60.926
8           1           65.159
8           2           47.456
8           3           59.161
8           4           82.444



se(j, m) - Setup emission for producing a lot of item j on machine m. The setup emission are period-independent.


1           1           73.528
1           2           121.22
1           3           24.634
1           4           58.842
2           1           82.801
2           2           146.277
2           3           42.642
2           4           91.774
3           1           68.597
3           2           140.339
3           3           18.624
3           4           32.848
4           1           116.052
4           2           111.653
4           3           15.073
4           4           68.259
5           1           38.968
5           2           190.145
5           3           49.806
5           4           47.957
6           1           136.229
6           2           71.642
6           3           24.707
6           4           27.904
7           1           57.826
7           2           79.242
7           3           30.404
7           4           76.222
8           1           83.04
8           2           105.837
8           3           29.677
8           4           61.635



sc(j, m) - Setup costs for producing a lot of item j on machine m. The setup costs are period-independent.


1           1           7630.933
1           2           5723.2
1           3           22892.8
1           4           11446.4
2           1           10162.444
2           2           7621.833
2           3           30487.333
2           4           15243.667
3           1           8405.6
3           2           6304.2
3           3           25216.8
3           4           12608.4
4           1           12945.333
4           2           9709.0
4           3           38836.0
4           4           19418.0
5           1           12141.111
5           2           9105.833
5           3           36423.333
5           4           18211.667
6           1           17763.2
6           2           13322.4
6           3           53289.6
6           4           26644.8
7           1           19686.8
7           2           14765.1
7           3           59060.4
7           4           29530.2
8           1           12396.533
8           2           9297.4
8           3           37189.6
8           4           18594.8



bc(m) - Fixed investment cost for machine m.


1           2134.1728735236215
2           1495.742118746507
3           5284.209182969097
4           4126.650988637221



ca(m, t) - The available capacity of machine m in period t.


1           1           263.5980472222222
1           2           263.5980472222222
1           3           263.5980472222222
1           4           263.5980472222222
1           5           263.5980472222222
1           6           263.5980472222222
2           1           263.5980472222222
2           2           263.5980472222222
2           3           263.5980472222222
2           4           263.5980472222222
2           5           263.5980472222222
2           6           263.5980472222222
3           1           263.5980472222222
3           2           263.5980472222222
3           3           263.5980472222222
3           4           263.5980472222222
3           5           263.5980472222222
3           6           263.5980472222222
4           1           263.5980472222222
4           2           263.5980472222222
4           3           263.5980472222222
4           4           263.5980472222222
4           5           263.5980472222222
4           6           263.5980472222222



em(t) - The limits of carbon emissions in period t.


1           554.7887858333333
2           554.7887858333333
3           554.7887858333333
4           554.7887858333333
5           554.7887858333333
6           554.7887858333333
