Information for the currently-owned machines and the machines that may be purchased: if 1, the machine can be purchased, otherwise currently-owned.


1           0.0
2           0.0
3           1.0
4           0.0



item_machine_arc(j, m) - The relationship arc between item j and machine m, i.e., machine m is capable of producing item j if item_machine_arc(j, m) = 1.


1           1           1.0
1           2           1.0
1           3           1.0
1           4           1.0
2           1           1.0
2           2           1.0
2           3           1.0
2           4           1.0
3           1           1.0
3           2           1.0
3           3           0.0
3           4           1.0
4           1           1.0
4           2           0.0
4           3           0.0
4           4           0.0
5           1           1.0
5           2           0.0
5           3           0.0
5           4           0.0
6           1           1.0
6           2           1.0
6           3           0.0
6           4           0.0
7           1           0.0
7           2           0.0
7           3           0.0
7           4           1.0
8           1           1.0
8           2           1.0
8           3           1.0
8           4           1.0



d(j, t) - Gross demand for item j in period t.


1           1           39
1           2           42
1           3           42
1           4           32
1           5           37
1           6           36
2           1           49
2           2           41
2           3           48
2           4           43
2           5           33
2           6           46
3           1           39
3           2           47
3           3           49
3           4           49
3           5           45
3           6           38
4           1           47
4           2           30
4           3           49
4           4           45
4           5           50
4           6           36
5           1           34
5           2           48
5           3           38
5           4           47
5           5           40
5           6           30
6           1           42
6           2           50
6           3           48
6           4           41
6           5           46
6           6           40
7           1           37
7           2           34
7           3           49
7           4           35
7           5           35
7           6           47
8           1           32
8           2           30
8           3           31
8           4           39
8           5           47
8           6           42



pt(j, m) - Time required to produce one unit of item j on machine m. The production time is period-independent.


1           1           1.202
1           2           0.88
1           3           0.985
1           4           0.545
2           1           1.433
2           2           0.614
2           3           1.22
2           4           0.973
3           1           1.201
3           2           1.193
3           3           0.842
3           4           0.998
4           1           0.627
4           2           1.235
4           3           0.744
4           4           1.47
5           1           0.945
5           2           0.517
5           3           1.171
5           4           0.531
6           1           1.079
6           2           0.627
6           3           0.769
6           4           0.964
7           1           1.354
7           2           1.165
7           3           1.2
7           4           1.042
8           1           1.399
8           2           0.801
8           3           1.185
8           4           1.302



pc(j, m) - Variable costs of producing one unit of item j on machine m. The production cost is period-independent.


1           1           1.605
1           2           5.501
1           3           2.89
1           4           5.026
2           1           2.408
2           2           4.811
2           3           2.425
2           4           2.687
3           1           3.776
3           2           5.266
3           3           1.866
3           4           2.112
4           1           2.647
4           2           5.773
4           3           2.909
4           4           4.339
5           1           2.279
5           2           8.223
5           3           2.774
5           4           5.015
6           1           1.529
6           2           10.215
6           3           2.791
6           4           3.113
7           1           3.788
7           2           10.669
7           3           1.415
7           4           3.501
8           1           3.83
8           2           8.084
8           3           2.832
8           4           4.784



pe(j, m) - Production emission for producing one unit of item j on machine m. The production emission is period-independent.


1           1           0.663
1           2           0.165
1           3           0.448
1           4           0.349
2           1           0.281
2           2           0.127
2           3           0.552
2           4           0.453
3           1           0.437
3           2           0.178
3           3           0.368
3           4           0.48
4           1           0.178
4           2           0.056
4           3           0.252
4           4           0.178
5           1           0.531
5           2           0.142
5           3           0.321
5           4           0.219
6           1           0.687
6           2           0.244
6           3           0.223
6           4           0.384
7           1           0.464
7           2           0.116
7           3           0.481
7           4           0.122
8           1           0.334
8           2           0.132
8           3           0.649
8           4           0.171



hc(j) - Inventory-holding costs for one unit of item j for one period.


1           0.24
2           0.153
3           0.241
4           0.168
5           0.29
6           0.127
7           0.178
8           0.166



st(j, m) - Setup times for producing a lot of item j on machine m. The setup times are period-independent.


1           1           86.469
1           2           65.532
1           3           29.311
1           4           68.395
2           1           42.708
2           2           96.387
2           3           60.058
2           4           51.394
3           1           96.674
3           2           99.422
3           3           49.203
3           4           42.357
4           1           92.755
4           2           63.73
4           3           98.064
4           4           89.937
5           1           28.89
5           2           93.894
5           3           45.208
5           4           61.575
6           1           32.482
6           2           80.492
6           3           54.595
6           4           97.522
7           1           95.761
7           2           98.133
7           3           31.842
7           4           73.326
8           1           54.444
8           2           32.386
8           3           35.974
8           4           32.163



se(j, m) - Setup emission for producing a lot of item j on machine m. The setup emission are period-independent.


1           1           146.379
1           2           29.558
1           3           114.759
1           4           88.461
2           1           109.523
2           2           47.527
2           3           158.891
2           4           27.677
3           1           125.072
3           2           27.228
3           3           114.729
3           4           49.656
4           1           101.203
4           2           47.379
4           3           52.778
4           4           56.938
5           1           109.6
5           2           46.791
5           3           79.77
5           4           44.889
6           1           66.236
6           2           41.561
6           3           114.702
6           4           30.643
7           1           44.48
7           2           37.475
7           3           158.518
7           4           39.51
8           1           70.301
8           2           26.362
8           3           161.912
8           4           59.771



sc(j, m) - Setup costs for producing a lot of item j on machine m. The setup costs are period-independent.


1           1           17024.0
1           2           51072.0
1           3           12768.0
1           4           25536.0
2           1           12376.0
2           2           37128.0
2           3           9282.0
2           4           18564.0
3           1           20019.067
3           2           60057.2
3           3           15014.3
3           4           30028.6
4           1           13432.533
4           2           40297.6
4           3           10074.4
4           4           20148.8
5           1           21382.667
5           2           64148.0
5           3           16037.0
5           4           32074.0
6           1           10549.467
6           2           31648.4
6           3           7912.1
6           4           15824.2
7           1           13124.533
7           2           39373.6
7           3           9843.4
7           4           19686.8
8           1           11413.422
8           2           34240.267
8           3           8560.067
8           4           17120.133



bc(m) - Fixed investment cost for machine m.


1           4891.898746531038
2           4967.729548189135
3           362.8057542550617
4           6728.128453572021



ca(m, t) - The available capacity of machine m in period t.


1           1           289.723665
1           2           289.723665
1           3           289.723665
1           4           289.723665
1           5           289.723665
1           6           289.723665
2           1           289.723665
2           2           289.723665
2           3           289.723665
2           4           289.723665
2           5           289.723665
2           6           289.723665
3           1           289.723665
3           2           289.723665
3           3           289.723665
3           4           289.723665
3           5           289.723665
3           6           289.723665
4           1           289.723665
4           2           289.723665
4           3           289.723665
4           4           289.723665
4           5           289.723665
4           6           289.723665



em(t) - The limits of carbon emissions in period t.


1           600.4140916666666
2           600.4140916666666
3           600.4140916666666
4           600.4140916666666
5           600.4140916666666
6           600.4140916666666
