Information for the currently-owned machines and the machines that may be purchased: if 1, the machine can be purchased, otherwise currently-owned.


1           0.0
2           0.0
3           0.0
4           1.0



item_machine_arc(j, m) - The relationship arc between item j and machine m, i.e., machine m is capable of producing item j if item_machine_arc(j, m) = 1.


1           1           1.0
1           2           1.0
1           3           1.0
1           4           1.0
2           1           1.0
2           2           0.0
2           3           1.0
2           4           1.0
3           1           0.0
3           2           1.0
3           3           0.0
3           4           0.0
4           1           1.0
4           2           1.0
4           3           0.0
4           4           0.0
5           1           0.0
5           2           1.0
5           3           0.0
5           4           1.0
6           1           0.0
6           2           0.0
6           3           1.0
6           4           1.0
7           1           0.0
7           2           0.0
7           3           1.0
7           4           0.0
8           1           1.0
8           2           1.0
8           3           1.0
8           4           0.0



d(j, t) - Gross demand for item j in period t.


1           1           31
1           2           34
1           3           42
1           4           45
1           5           35
1           6           37
2           1           48
2           2           45
2           3           48
2           4           32
2           5           42
2           6           39
3           1           38
3           2           47
3           3           37
3           4           31
3           5           36
3           6           30
4           1           43
4           2           34
4           3           50
4           4           32
4           5           41
4           6           50
5           1           38
5           2           44
5           3           40
5           4           47
5           5           50
5           6           31
6           1           35
6           2           43
6           3           48
6           4           43
6           5           42
6           6           41
7           1           41
7           2           50
7           3           46
7           4           39
7           5           35
7           6           38
8           1           35
8           2           48
8           3           39
8           4           46
8           5           41
8           6           37



pt(j, m) - Time required to produce one unit of item j on machine m. The production time is period-independent.


1           1           0.584
1           2           0.747
1           3           1.189
1           4           0.694
2           1           0.823
2           2           0.774
2           3           0.765
2           4           1.468
3           1           0.876
3           2           1.082
3           3           0.838
3           4           1.217
4           1           1.188
4           2           1.213
4           3           1.378
4           4           1.13
5           1           0.845
5           2           0.589
5           3           0.634
5           4           0.724
6           1           0.641
6           2           0.995
6           3           0.949
6           4           1.435
7           1           0.818
7           2           0.871
7           3           1.162
7           4           0.61
8           1           1.022
8           2           1.043
8           3           0.586
8           4           0.636



pc(j, m) - Variable costs of producing one unit of item j on machine m. The production cost is period-independent.


1           1           11.114
1           2           3.88
1           3           5.491
1           4           1.38
2           1           11.981
2           2           2.999
2           3           3.625
2           4           1.368
3           1           4.644
3           2           3.393
3           3           2.863
3           4           2.527
4           1           7.375
4           2           1.524
4           3           5.444
4           4           2.346
5           1           11.76
5           2           2.973
5           3           4.143
5           4           1.19
6           1           5.184
6           2           2.354
6           3           4.86
6           4           2.091
7           1           10.973
7           2           3.183
7           3           3.044
7           4           1.735
8           1           7.371
8           2           2.671
8           3           4.504
8           4           1.076



pe(j, m) - Production emission for producing one unit of item j on machine m. The production emission is period-independent.


1           1           0.205
1           2           0.263
1           3           0.383
1           4           0.288
2           1           0.084
2           2           0.703
2           3           0.425
2           4           0.83
3           1           0.204
3           2           0.668
3           3           0.209
3           4           0.389
4           1           0.159
4           2           0.559
4           3           0.452
4           4           0.447
5           1           0.094
5           2           0.565
5           3           0.466
5           4           0.864
6           1           0.162
6           2           0.364
6           3           0.393
6           4           0.935
7           1           0.14
7           2           0.469
7           3           0.245
7           4           0.961
8           1           0.211
8           2           0.701
8           3           0.453
8           4           0.769



hc(j) - Inventory-holding costs for one unit of item j for one period.


1           0.278
2           0.127
3           0.249
4           0.226
5           0.166
6           0.263
7           0.147
8           0.165



st(j, m) - Setup times for producing a lot of item j on machine m. The setup times are period-independent.


1           1           11.181
1           2           19.138
1           3           16.323
1           4           10.593
2           1           5.377
2           2           17.906
2           3           18.039
2           4           16.001
3           1           19.105
3           2           14.958
3           3           9.657
3           4           8.571
4           1           17.455
4           2           17.675
4           3           11.107
4           4           6.688
5           1           11.319
5           2           5.795
5           3           7.084
5           4           8.328
6           1           19.557
6           2           13.903
6           3           5.398
6           4           5.61
7           1           19.736
7           2           19.145
7           3           10.834
7           4           9.295
8           1           10.912
8           2           16.509
8           3           17.546
8           4           16.595



se(j, m) - Setup emission for producing a lot of item j on machine m. The setup emission are period-independent.


1           1           39.168
1           2           119.848
1           3           82.457
1           4           170.177
2           1           49.533
2           2           111.972
2           3           39.336
2           4           55.478
3           1           13.336
3           2           47.11
3           3           30.45
3           4           58.123
4           1           13.18
4           2           119.44
4           3           52.726
4           4           92.242
5           1           21.721
5           2           77.577
5           3           55.982
5           4           97.928
6           1           49.621
6           2           141.555
6           3           81.208
6           4           56.624
7           1           37.884
7           2           44.914
7           3           53.809
7           4           69.72
8           1           25.786
8           2           107.074
8           3           48.107
8           4           158.669



sc(j, m) - Setup costs for producing a lot of item j on machine m. The setup costs are period-independent.


1           1           63932.587
1           2           21310.862
1           3           31966.293
1           4           15983.147
2           1           33118.213
2           2           11039.404
2           3           16559.107
2           4           8279.553
3           1           55985.16
3           2           18661.72
3           3           27992.58
3           4           13996.29
4           1           58006.667
4           2           19335.556
4           3           29003.333
4           4           14501.667
5           1           42606.667
5           2           14202.222
5           3           21303.333
5           4           10651.667
6           1           68043.36
6           2           22681.12
6           3           34021.68
6           4           17010.84
7           1           37579.08
7           2           12526.36
7           3           18789.54
7           4           9394.77
8           1           41672.4
8           2           13890.8
8           3           20836.2
8           4           10418.1



bc(m) - Fixed investment cost for machine m.


1           1816.6045792854168
2           32.8812622176929
3           3458.1169250119824
4           1578.032598750113



ca(m, t) - The available capacity of machine m in period t.


1           1           191.82540157407405
1           2           191.82540157407405
1           3           191.82540157407405
1           4           191.82540157407405
1           5           191.82540157407405
1           6           191.82540157407405
2           1           191.82540157407405
2           2           191.82540157407405
2           3           191.82540157407405
2           4           191.82540157407405
2           5           191.82540157407405
2           6           191.82540157407405
3           1           191.82540157407405
3           2           191.82540157407405
3           3           191.82540157407405
3           4           191.82540157407405
3           5           191.82540157407405
3           6           191.82540157407405
4           1           191.82540157407405
4           2           191.82540157407405
4           3           191.82540157407405
4           4           191.82540157407405
4           5           191.82540157407405
4           6           191.82540157407405



em(t) - The limits of carbon emissions in period t.


1           651.3755111111112
2           651.3755111111112
3           651.3755111111112
4           651.3755111111112
5           651.3755111111112
6           651.3755111111112
