Information for the currently-owned machines and the machines that may be purchased: if 1, the machine can be purchased, otherwise currently-owned.


1           0.0
2           1.0
3           0.0
4           0.0



item_machine_arc(j, m) - The relationship arc between item j and machine m, i.e., machine m is capable of producing item j if item_machine_arc(j, m) = 1.


1           1           0.0
1           2           0.0
1           3           0.0
1           4           1.0
2           1           0.0
2           2           1.0
2           3           1.0
2           4           0.0
3           1           0.0
3           2           1.0
3           3           0.0
3           4           0.0
4           1           1.0
4           2           1.0
4           3           1.0
4           4           1.0
5           1           1.0
5           2           0.0
5           3           0.0
5           4           0.0
6           1           1.0
6           2           1.0
6           3           1.0
6           4           0.0
7           1           0.0
7           2           1.0
7           3           1.0
7           4           1.0
8           1           1.0
8           2           0.0
8           3           1.0
8           4           1.0



d(j, t) - Gross demand for item j in period t.


1           1           41
1           2           41
1           3           46
1           4           31
1           5           46
1           6           36
2           1           45
2           2           31
2           3           33
2           4           48
2           5           42
2           6           32
3           1           48
3           2           35
3           3           39
3           4           36
3           5           46
3           6           39
4           1           34
4           2           49
4           3           38
4           4           44
4           5           46
4           6           35
5           1           48
5           2           50
5           3           49
5           4           40
5           5           30
5           6           38
6           1           48
6           2           42
6           3           50
6           4           41
6           5           47
6           6           40
7           1           43
7           2           41
7           3           32
7           4           35
7           5           50
7           6           34
8           1           46
8           2           36
8           3           31
8           4           33
8           5           34
8           6           42



pt(j, m) - Time required to produce one unit of item j on machine m. The production time is period-independent.


1           1           1.444
1           2           1.158
1           3           0.967
1           4           1.147
2           1           1.306
2           2           0.521
2           3           0.578
2           4           0.723
3           1           1.217
3           2           1.267
3           3           0.698
3           4           1.383
4           1           1.026
4           2           0.517
4           3           1.172
4           4           1.343
5           1           1.093
5           2           0.545
5           3           0.839
5           4           1.016
6           1           0.891
6           2           1.458
6           3           1.129
6           4           1.249
7           1           0.893
7           2           0.682
7           3           1.336
7           4           1.423
8           1           0.666
8           2           1.194
8           3           1.091
8           4           1.425



pc(j, m) - Variable costs of producing one unit of item j on machine m. The production cost is period-independent.


1           1           7.23
1           2           4.79
1           3           3.898
1           4           1.49
2           1           6.593
2           2           3.444
2           3           2.4
2           4           1.146
3           1           4.876
3           2           4.751
3           3           2.765
3           4           1.014
4           1           10.495
4           2           5.704
4           3           1.616
4           4           1.018
5           1           5.56
5           2           5.93
5           3           3.821
5           4           2.504
6           1           4.015
6           2           2.263
6           3           3.83
6           4           1.955
7           1           10.439
7           2           4.294
7           3           3.906
7           4           2.753
8           1           10.884
8           2           3.733
8           3           3.112
8           4           2.668



pe(j, m) - Production emission for producing one unit of item j on machine m. The production emission is period-independent.


1           1           0.085
1           2           0.464
1           3           0.283
1           4           0.67
2           1           0.141
2           2           0.369
2           3           0.155
2           4           0.91
3           1           0.17
3           2           0.408
3           3           0.334
3           4           0.475
4           1           0.233
4           2           0.471
4           3           0.179
4           4           0.6
5           1           0.218
5           2           0.345
5           3           0.209
5           4           0.411
6           1           0.248
6           2           0.355
6           3           0.211
6           4           0.861
7           1           0.171
7           2           0.115
7           3           0.321
7           4           0.834
8           1           0.133
8           2           0.159
8           3           0.344
8           4           0.372



hc(j) - Inventory-holding costs for one unit of item j for one period.


1           0.281
2           0.151
3           0.133
4           0.28
5           0.246
6           0.233
7           0.259
8           0.241



st(j, m) - Setup times for producing a lot of item j on machine m. The setup times are period-independent.


1           1           19.284
1           2           14.639
1           3           19.367
1           4           6.552
2           1           6.809
2           2           14.458
2           3           10.469
2           4           17.316
3           1           11.538
3           2           19.603
3           3           14.705
3           4           16.274
4           1           9.825
4           2           18.288
4           3           14.148
4           4           5.002
5           1           17.753
5           2           8.193
5           3           18.121
5           4           14.726
6           1           13.51
6           2           9.926
6           3           19.334
6           4           8.886
7           1           19.193
7           2           12.56
7           3           17.27
7           4           18.529
8           1           7.706
8           2           9.583
8           3           18.198
8           4           18.126



se(j, m) - Setup emission for producing a lot of item j on machine m. The setup emission are period-independent.


1           1           27.001
1           2           29.72
1           3           136.511
1           4           137.269
2           1           21.056
2           2           72.781
2           3           105.106
2           4           112.794
3           1           36.169
3           2           83.534
3           3           140.254
3           4           130.298
4           1           40.345
4           2           95.684
4           3           144.253
4           4           50.431
5           1           13.858
5           2           47.331
5           3           142.512
5           4           67.074
6           1           20.602
6           2           88.501
6           3           116.732
6           4           71.71
7           1           31.315
7           2           97.469
7           3           62.692
7           4           110.175
8           1           13.993
8           2           82.644
8           3           52.105
8           4           184.372



sc(j, m) - Setup costs for producing a lot of item j on machine m. The setup costs are period-independent.


1           1           63206.267
1           2           31603.133
1           3           21068.756
1           4           15801.567
2           1           32555.6
2           2           16277.8
2           3           10851.867
2           4           8138.9
3           1           30164.4
3           2           15082.2
3           3           10054.8
3           4           7541.1
4           1           64288.0
4           2           32144.0
4           3           21429.333
4           4           16072.0
5           1           58548.0
5           2           29274.0
5           3           19516.0
5           4           14637.0
6           1           58281.067
6           2           29140.533
6           3           19427.022
6           4           14570.267
7           1           56807.333
7           2           28403.667
7           3           18935.778
7           4           14201.833
8           1           49935.2
8           2           24967.6
8           3           16645.067
8           4           12483.8



bc(m) - Fixed investment cost for machine m.


1           7731.119048845576
2           545.0476542421534
3           4432.427954764631
4           1008.6307862080823



ca(m, t) - The available capacity of machine m in period t.


1           1           186.27463425925924
1           2           186.27463425925924
1           3           186.27463425925924
1           4           186.27463425925924
1           5           186.27463425925924
1           6           186.27463425925924
2           1           186.27463425925924
2           2           186.27463425925924
2           3           186.27463425925924
2           4           186.27463425925924
2           5           186.27463425925924
2           6           186.27463425925924
3           1           186.27463425925924
3           2           186.27463425925924
3           3           186.27463425925924
3           4           186.27463425925924
3           5           186.27463425925924
3           6           186.27463425925924
4           1           186.27463425925924
4           2           186.27463425925924
4           3           186.27463425925924
4           4           186.27463425925924
4           5           186.27463425925924
4           6           186.27463425925924



em(t) - The limits of carbon emissions in period t.


1           622.6374972222222
2           622.6374972222222
3           622.6374972222222
4           622.6374972222222
5           622.6374972222222
6           622.6374972222222
