Information for the currently-owned machines and the machines that may be purchased: if 1, the machine can be purchased, otherwise currently-owned.


1           0.0
2           0.0
3           0.0
4           1.0



item_machine_arc(j, m) - The relationship arc between item j and machine m, i.e., machine m is capable of producing item j if item_machine_arc(j, m) = 1.


1           1           1.0
1           2           0.0
1           3           0.0
1           4           0.0
2           1           0.0
2           2           0.0
2           3           0.0
2           4           1.0
3           1           0.0
3           2           1.0
3           3           1.0
3           4           1.0
4           1           1.0
4           2           1.0
4           3           1.0
4           4           1.0
5           1           1.0
5           2           1.0
5           3           1.0
5           4           1.0
6           1           1.0
6           2           1.0
6           3           1.0
6           4           1.0
7           1           0.0
7           2           0.0
7           3           1.0
7           4           0.0
8           1           0.0
8           2           0.0
8           3           1.0
8           4           0.0



d(j, t) - Gross demand for item j in period t.


1           1           31
1           2           39
1           3           50
1           4           31
1           5           46
1           6           33
2           1           44
2           2           40
2           3           50
2           4           41
2           5           36
2           6           50
3           1           37
3           2           45
3           3           31
3           4           42
3           5           38
3           6           43
4           1           48
4           2           45
4           3           44
4           4           50
4           5           42
4           6           48
5           1           45
5           2           46
5           3           38
5           4           35
5           5           40
5           6           40
6           1           37
6           2           35
6           3           44
6           4           48
6           5           36
6           6           43
7           1           32
7           2           50
7           3           37
7           4           35
7           5           42
7           6           38
8           1           37
8           2           39
8           3           48
8           4           37
8           5           34
8           6           48



pt(j, m) - Time required to produce one unit of item j on machine m. The production time is period-independent.


1           1           1.167
1           2           0.959
1           3           1.324
1           4           0.831
2           1           0.577
2           2           0.786
2           3           0.978
2           4           0.723
3           1           1.255
3           2           1.052
3           3           0.538
3           4           0.772
4           1           0.736
4           2           1.248
4           3           0.929
4           4           1.088
5           1           1.302
5           2           0.957
5           3           0.557
5           4           0.902
6           1           1.187
6           2           1.243
6           3           1.38
6           4           1.404
7           1           1.083
7           2           0.988
7           3           0.94
7           4           0.832
8           1           1.205
8           2           1.438
8           3           1.014
8           4           1.408



pc(j, m) - Variable costs of producing one unit of item j on machine m. The production cost is period-independent.


1           1           1.513
1           2           10.558
1           3           2.418
1           4           3.894
2           1           2.571
2           2           8.426
2           3           2.009
2           4           3.472
3           1           1.683
3           2           7.269
3           3           3.3
3           4           1.388
4           1           2.803
4           2           7.67
4           3           4.494
4           4           3.18
5           1           1.856
5           2           4.003
5           3           2.212
5           4           3.891
6           1           1.815
6           2           10.49
6           3           3.246
6           4           3.026
7           1           1.121
7           2           4.45
7           3           4.712
7           4           2.464
8           1           1.156
8           2           4.984
8           3           2.854
8           4           2.656



pe(j, m) - Production emission for producing one unit of item j on machine m. The production emission is period-independent.


1           1           0.851
1           2           0.188
1           3           0.341
1           4           0.679
2           1           0.991
2           2           0.098
2           3           0.383
2           4           0.632
3           1           0.819
3           2           0.14
3           3           0.372
3           4           0.438
4           1           0.922
4           2           0.066
4           3           0.49
4           4           0.494
5           1           0.333
5           2           0.087
5           3           0.204
5           4           0.665
6           1           0.286
6           2           0.147
6           3           0.111
6           4           0.277
7           1           0.627
7           2           0.061
7           3           0.434
7           4           0.62
8           1           0.42
8           2           0.244
8           3           0.494
8           4           0.294



hc(j) - Inventory-holding costs for one unit of item j for one period.


1           0.202
2           0.138
3           0.28
4           0.12
5           0.238
6           0.215
7           0.139
8           0.211



st(j, m) - Setup times for producing a lot of item j on machine m. The setup times are period-independent.


1           1           15.038
1           2           13.178
1           3           13.44
1           4           17.535
2           1           17.053
2           2           5.823
2           3           7.735
2           4           17.704
3           1           10.055
3           2           7.126
3           3           7.735
3           4           12.491
4           1           11.128
4           2           16.38
4           3           7.889
4           4           10.318
5           1           10.268
5           2           9.255
5           3           9.758
5           4           11.297
6           1           9.488
6           2           6.172
6           3           11.114
6           4           10.784
7           1           10.19
7           2           15.284
7           3           13.428
7           4           18.766
8           1           5.237
8           2           11.213
8           3           19.344
8           4           13.586



se(j, m) - Setup emission for producing a lot of item j on machine m. The setup emission are period-independent.


1           1           198.634
1           2           36.258
1           3           63.261
1           4           95.801
2           1           96.575
2           2           19.653
2           3           74.922
2           4           89.108
3           1           65.85
3           2           17.222
3           3           61.615
3           4           62.162
4           1           141.996
4           2           29.163
4           3           49.541
4           4           106.956
5           1           72.33
5           2           28.877
5           3           72.855
5           4           118.77
6           1           124.588
6           2           35.387
6           3           32.015
6           4           149.711
7           1           199.014
7           2           23.567
7           3           59.317
7           4           112.486
8           1           104.708
8           2           13.65
8           3           45.832
8           4           115.776



sc(j, m) - Setup costs for producing a lot of item j on machine m. The setup costs are period-independent.


1           1           11924.733
1           2           47698.933
1           3           23849.467
1           4           15899.644
2           1           9244.62
2           2           36978.48
2           3           18489.24
2           4           12326.16
3           1           16960.533
3           2           67842.133
3           3           33921.067
3           4           22614.044
4           1           8531.6
4           2           34126.4
4           3           17063.2
4           4           11375.467
5           1           14905.147
5           2           59620.587
5           3           29810.293
5           4           19873.529
6           1           13409.55
6           2           53638.2
6           3           26819.1
6           4           17879.4
7           1           8348.34
7           2           33393.36
7           3           16696.68
7           4           11131.12
8           1           13160.07
8           2           52640.28
8           3           26320.14
8           4           17546.76



bc(m) - Fixed investment cost for machine m.


1           4863.954643573485
2           16986.765061399743
3           9313.239714147812
4           3376.2409385232804



ca(m, t) - The available capacity of machine m in period t.


1           1           192.21644037037035
1           2           192.21644037037035
1           3           192.21644037037035
1           4           192.21644037037035
1           5           192.21644037037035
1           6           192.21644037037035
2           1           192.21644037037035
2           2           192.21644037037035
2           3           192.21644037037035
2           4           192.21644037037035
2           5           192.21644037037035
2           6           192.21644037037035
3           1           192.21644037037035
3           2           192.21644037037035
3           3           192.21644037037035
3           4           192.21644037037035
3           5           192.21644037037035
3           6           192.21644037037035
4           1           192.21644037037035
4           2           192.21644037037035
4           3           192.21644037037035
4           4           192.21644037037035
4           5           192.21644037037035
4           6           192.21644037037035



em(t) - The limits of carbon emissions in period t.


1           760.6041605555556
2           760.6041605555556
3           760.6041605555556
4           760.6041605555556
5           760.6041605555556
6           760.6041605555556
