Information for the currently-owned machines and the machines that may be purchased: if 1, the machine can be purchased, otherwise currently-owned.


1           1.0
2           0.0
3           0.0
4           0.0



item_machine_arc(j, m) - The relationship arc between item j and machine m, i.e., machine m is capable of producing item j if item_machine_arc(j, m) = 1.


1           1           0.0
1           2           1.0
1           3           0.0
1           4           0.0
2           1           0.0
2           2           0.0
2           3           0.0
2           4           1.0
3           1           1.0
3           2           0.0
3           3           1.0
3           4           0.0
4           1           1.0
4           2           0.0
4           3           1.0
4           4           0.0
5           1           1.0
5           2           1.0
5           3           1.0
5           4           0.0
6           1           1.0
6           2           0.0
6           3           1.0
6           4           1.0
7           1           0.0
7           2           1.0
7           3           1.0
7           4           1.0
8           1           1.0
8           2           1.0
8           3           1.0
8           4           1.0



d(j, t) - Gross demand for item j in period t.


1           1           37
1           2           31
1           3           36
1           4           31
1           5           49
1           6           49
2           1           30
2           2           48
2           3           31
2           4           37
2           5           33
2           6           50
3           1           30
3           2           36
3           3           41
3           4           31
3           5           44
3           6           41
4           1           31
4           2           49
4           3           46
4           4           41
4           5           44
4           6           41
5           1           34
5           2           33
5           3           47
5           4           47
5           5           34
5           6           44
6           1           47
6           2           40
6           3           50
6           4           47
6           5           37
6           6           38
7           1           46
7           2           49
7           3           35
7           4           37
7           5           50
7           6           31
8           1           36
8           2           35
8           3           33
8           4           37
8           5           46
8           6           43



pt(j, m) - Time required to produce one unit of item j on machine m. The production time is period-independent.


1           1           1.139
1           2           1.137
1           3           1.322
1           4           0.816
2           1           0.784
2           2           0.64
2           3           1.327
2           4           1.244
3           1           0.556
3           2           1.053
3           3           0.562
3           4           1.443
4           1           1.344
4           2           0.873
4           3           0.989
4           4           1.479
5           1           0.78
5           2           1.22
5           3           1.141
5           4           0.88
6           1           0.622
6           2           0.504
6           3           1.056
6           4           1.161
7           1           1.076
7           2           0.915
7           3           0.701
7           4           1.207
8           1           0.698
8           2           0.685
8           3           0.947
8           4           1.329



pc(j, m) - Variable costs of producing one unit of item j on machine m. The production cost is period-independent.


1           1           3.409
1           2           6.687
1           3           1.458
1           4           2.894
2           1           3.44
2           2           10.433
2           3           2.229
2           4           2.482
3           1           4.818
3           2           10.65
3           3           2.418
3           4           2.94
4           1           2.672
4           2           8.317
4           3           3.235
4           4           1.905
5           1           2.773
5           2           7.289
5           3           1.523
5           4           2.882
6           1           2.77
6           2           9.798
6           3           3.766
6           4           2.182
7           1           3.341
7           2           10.04
7           3           2.911
7           4           2.627
8           1           4.65
8           2           7.889
8           3           1.801
8           4           1.393



pe(j, m) - Production emission for producing one unit of item j on machine m. The production emission is period-independent.


1           1           0.574
1           2           0.642
1           3           2.594
1           4           3.881
2           1           0.502
2           2           0.634
2           3           3.75
2           4           2.1
3           1           1.16
3           2           0.318
3           3           0.86
3           4           2.126
4           1           2.123
4           2           0.493
4           3           1.829
4           4           4.099
5           1           2.238
5           2           0.475
5           3           1.415
5           4           2.345
6           1           0.522
6           2           0.821
6           3           1.344
6           4           2.217
7           1           1.597
7           2           0.832
7           3           2.081
7           4           3.928
8           1           1.978
8           2           1.058
8           3           1.401
8           4           2.578



hc(j) - Inventory-holding costs for one unit of item j for one period.


1           0.191
2           0.197
3           0.207
4           0.23
5           0.208
6           0.158
7           0.158
8           0.268



st(j, m) - Setup times for producing a lot of item j on machine m. The setup times are period-independent.


1           1           83.878
1           2           62.553
1           3           66.684
1           4           51.648
2           1           61.874
2           2           86.321
2           3           88.487
2           4           66.021
3           1           96.642
3           2           95.244
3           3           86.739
3           4           89.323
4           1           56.336
4           2           65.508
4           3           59.794
4           4           33.185
5           1           89.52
5           2           88.355
5           3           50.913
5           4           40.927
6           1           30.686
6           2           61.668
6           3           50.971
6           4           75.595
7           1           59.238
7           2           47.792
7           3           36.782
7           4           52.009
8           1           88.591
8           2           42.345
8           3           81.618
8           4           94.545



se(j, m) - Setup emission for producing a lot of item j on machine m. The setup emission are period-independent.


1           1           96.371
1           2           31.195
1           3           101.04
1           4           91.851
2           1           25.988
2           2           36.034
2           3           37.844
2           4           109.263
3           1           29.574
3           2           40.761
3           3           61.467
3           4           142.901
4           1           63.984
4           2           40.718
4           3           126.998
4           4           139.815
5           1           43.05
5           2           48.646
5           3           127.884
5           4           165.672
6           1           89.697
6           2           26.635
6           3           121.278
6           4           102.649
7           1           57.904
7           2           22.664
7           3           120.614
7           4           145.592
8           1           54.534
8           2           14.163
8           3           117.212
8           4           63.62



sc(j, m) - Setup costs for producing a lot of item j on machine m. The setup costs are period-independent.


1           1           20768.067
1           2           41536.133
1           3           13845.378
1           4           10384.033
2           1           21052.733
2           2           42105.467
2           3           14035.156
2           4           10526.367
3           1           21541.8
3           2           43083.6
3           3           14361.2
3           4           10770.9
4           1           27048.0
4           2           54096.0
4           3           18032.0
4           4           13524.0
5           1           23198.933
5           2           46397.867
5           3           15465.956
5           4           11599.467
6           1           19096.933
6           2           38193.867
6           3           12731.289
6           4           9548.467
7           1           18285.867
7           2           36571.733
7           3           12190.578
7           4           9142.933
8           1           28765.333
8           2           57530.667
8           3           19176.889
8           4           14382.667



bc(m) - Fixed investment cost for machine m.


1           2817.0399542785317
2           12631.076744894941
3           3616.0485583893374
4           324.5628466757966



ca(m, t) - The available capacity of machine m in period t.


1           1           271.8676787037037
1           2           271.8676787037037
1           3           271.8676787037037
1           4           271.8676787037037
1           5           271.8676787037037
1           6           271.8676787037037
2           1           271.8676787037037
2           2           271.8676787037037
2           3           271.8676787037037
2           4           271.8676787037037
2           5           271.8676787037037
2           6           271.8676787037037
3           1           271.8676787037037
3           2           271.8676787037037
3           3           271.8676787037037
3           4           271.8676787037037
3           5           271.8676787037037
3           6           271.8676787037037
4           1           271.8676787037037
4           2           271.8676787037037
4           3           271.8676787037037
4           4           271.8676787037037
4           5           271.8676787037037
4           6           271.8676787037037



em(t) - The limits of carbon emissions in period t.


1           1246.7699902777777
2           1246.7699902777777
3           1246.7699902777777
4           1246.7699902777777
5           1246.7699902777777
6           1246.7699902777777
