Information for the currently-owned machines and the machines that may be purchased: if 1, the machine can be purchased, otherwise currently-owned.


1           0.0
2           0.0
3           0.0
4           1.0



item_machine_arc(j, m) - The relationship arc between item j and machine m, i.e., machine m is capable of producing item j if item_machine_arc(j, m) = 1.


1           1           1.0
1           2           1.0
1           3           1.0
1           4           1.0
2           1           0.0
2           2           1.0
2           3           0.0
2           4           1.0
3           1           1.0
3           2           1.0
3           3           0.0
3           4           0.0
4           1           1.0
4           2           0.0
4           3           1.0
4           4           1.0
5           1           1.0
5           2           1.0
5           3           1.0
5           4           1.0
6           1           1.0
6           2           1.0
6           3           1.0
6           4           1.0
7           1           1.0
7           2           0.0
7           3           0.0
7           4           0.0
8           1           0.0
8           2           1.0
8           3           0.0
8           4           0.0



d(j, t) - Gross demand for item j in period t.


1           1           43
1           2           33
1           3           30
1           4           31
1           5           50
1           6           48
2           1           44
2           2           44
2           3           31
2           4           48
2           5           37
2           6           48
3           1           35
3           2           35
3           3           41
3           4           33
3           5           36
3           6           38
4           1           34
4           2           40
4           3           39
4           4           33
4           5           44
4           6           39
5           1           33
5           2           44
5           3           40
5           4           45
5           5           38
5           6           37
6           1           34
6           2           38
6           3           35
6           4           46
6           5           40
6           6           32
7           1           46
7           2           45
7           3           36
7           4           49
7           5           35
7           6           38
8           1           36
8           2           46
8           3           31
8           4           49
8           5           40
8           6           47



pt(j, m) - Time required to produce one unit of item j on machine m. The production time is period-independent.


1           1           0.929
1           2           0.902
1           3           0.834
1           4           0.585
2           1           1.203
2           2           1.43
2           3           0.622
2           4           0.601
3           1           0.757
3           2           1.306
3           3           1.027
3           4           0.595
4           1           1.202
4           2           0.748
4           3           1.275
4           4           1.324
5           1           0.564
5           2           0.571
5           3           0.51
5           4           1.071
6           1           0.683
6           2           0.763
6           3           0.591
6           4           0.543
7           1           1.446
7           2           0.765
7           3           0.728
7           4           1.006
8           1           0.784
8           2           0.555
8           3           0.828
8           4           1.471



pc(j, m) - Variable costs of producing one unit of item j on machine m. The production cost is period-independent.


1           1           1.759
1           2           10.538
1           3           2.682
1           4           3.663
2           1           1.737
2           2           7.897
2           3           1.334
2           4           5.883
3           1           2.251
3           2           5.662
3           3           3.266
3           4           4.785
4           1           1.205
4           2           4.058
4           3           2.251
4           4           5.579
5           1           2.917
5           2           11.558
5           3           2.403
5           4           3.897
6           1           1.764
6           2           11.536
6           3           3.105
6           4           4.28
7           1           1.824
7           2           8.41
7           3           3.883
7           4           2.844
8           1           2.291
8           2           6.118
8           3           2.18
8           4           2.538



pe(j, m) - Production emission for producing one unit of item j on machine m. The production emission is period-independent.


1           1           2.138
1           2           0.628
1           3           2.758
1           4           1.257
2           1           1.084
2           2           0.506
2           3           1.449
2           4           1.663
3           1           2.838
3           2           1.054
3           3           2.797
3           4           2.39
4           1           4.369
4           2           0.75
4           3           1.462
4           4           2.094
5           1           1.937
5           2           1.006
5           3           1.799
5           4           1.971
6           1           3.729
6           2           0.528
6           3           3.54
6           4           0.615
7           1           1.839
7           2           0.465
7           3           1.268
7           4           1.797
8           1           4.796
8           2           0.393
8           3           1.155
8           4           0.688



hc(j) - Inventory-holding costs for one unit of item j for one period.


1           0.167
2           0.177
3           0.282
4           0.151
5           0.18
6           0.134
7           0.178
8           0.241



st(j, m) - Setup times for producing a lot of item j on machine m. The setup times are period-independent.


1           1           89.744
1           2           28.785
1           3           68.944
1           4           82.564
2           1           80.602
2           2           35.177
2           3           87.074
2           4           66.144
3           1           42.902
3           2           81.436
3           3           65.343
3           4           71.541
4           1           46.744
4           2           44.941
4           3           77.715
4           4           86.14
5           1           29.181
5           2           31.556
5           3           31.712
5           4           42.221
6           1           31.566
6           2           77.394
6           3           56.72
6           4           32.591
7           1           92.238
7           2           74.741
7           3           45.053
7           4           80.221
8           1           34.994
8           2           98.761
8           3           25.065
8           4           73.442



se(j, m) - Setup emission for producing a lot of item j on machine m. The setup emission are period-independent.


1           1           17.876
1           2           8.212
1           3           23.704
1           4           5.574
2           1           12.968
2           2           3.195
2           3           8.039
2           4           5.775
3           1           17.259
3           2           7.447
3           3           27.14
3           4           11.375
4           1           11.063
4           2           4.673
4           3           28.099
4           4           5.056
5           1           16.127
5           2           5.078
5           3           12.401
5           4           5.389
6           1           19.288
6           2           5.321
6           3           9.268
6           4           15.518
7           1           33.916
7           2           9.351
7           3           28.782
7           4           11.413
8           1           28.917
8           2           7.751
8           3           16.368
8           4           9.444



sc(j, m) - Setup costs for producing a lot of item j on machine m. The setup costs are period-independent.


1           1           9157.167
1           2           36628.667
1           3           12209.556
1           4           18314.333
2           1           10407.6
2           2           41630.4
2           3           13876.8
2           4           20815.2
3           1           14344.4
3           2           57377.6
3           3           19125.867
3           4           28688.8
4           1           8068.433
4           2           32273.733
4           3           10757.911
4           4           16136.867
5           1           9954.0
5           2           39816.0
5           3           13272.0
5           4           19908.0
6           1           7035.0
6           2           28140.0
6           3           9380.0
6           4           14070.0
7           1           10341.8
7           2           41367.2
7           3           13789.067
7           4           20683.6
8           1           14002.1
8           2           56008.4
8           3           18669.467
8           4           28004.2



bc(m) - Fixed investment cost for machine m.


1           1962.9971046253859
2           10343.445766238057
3           4595.2193650749105
4           4015.6204103375903



ca(m, t) - The available capacity of machine m in period t.


1           1           259.8142166666667
1           2           259.8142166666667
1           3           259.8142166666667
1           4           259.8142166666667
1           5           259.8142166666667
1           6           259.8142166666667
2           1           259.8142166666667
2           2           259.8142166666667
2           3           259.8142166666667
2           4           259.8142166666667
2           5           259.8142166666667
2           6           259.8142166666667
3           1           259.8142166666667
3           2           259.8142166666667
3           3           259.8142166666667
3           4           259.8142166666667
3           5           259.8142166666667
3           6           259.8142166666667
4           1           259.8142166666667
4           2           259.8142166666667
4           3           259.8142166666667
4           4           259.8142166666667
4           5           259.8142166666667
4           6           259.8142166666667



em(t) - The limits of carbon emissions in period t.


1           806.1866555555555
2           806.1866555555555
3           806.1866555555555
4           806.1866555555555
5           806.1866555555555
6           806.1866555555555
