Information for the currently-owned machines and the machines that may be purchased: if 1, the machine can be purchased, otherwise currently-owned.


1           0.0
2           0.0
3           0.0
4           1.0



item_machine_arc(j, m) - The relationship arc between item j and machine m, i.e., machine m is capable of producing item j if item_machine_arc(j, m) = 1.


1           1           0.0
1           2           1.0
1           3           1.0
1           4           0.0
2           1           0.0
2           2           0.0
2           3           0.0
2           4           1.0
3           1           0.0
3           2           0.0
3           3           1.0
3           4           1.0
4           1           1.0
4           2           1.0
4           3           1.0
4           4           1.0
5           1           1.0
5           2           1.0
5           3           1.0
5           4           1.0
6           1           1.0
6           2           0.0
6           3           0.0
6           4           0.0
7           1           0.0
7           2           1.0
7           3           0.0
7           4           0.0
8           1           0.0
8           2           0.0
8           3           0.0
8           4           1.0



d(j, t) - Gross demand for item j in period t.


1           1           48
1           2           49
1           3           43
1           4           40
1           5           40
1           6           30
2           1           42
2           2           44
2           3           34
2           4           34
2           5           30
2           6           45
3           1           40
3           2           38
3           3           39
3           4           48
3           5           38
3           6           34
4           1           38
4           2           47
4           3           50
4           4           38
4           5           35
4           6           38
5           1           44
5           2           35
5           3           36
5           4           49
5           5           45
5           6           40
6           1           46
6           2           48
6           3           40
6           4           40
6           5           46
6           6           41
7           1           39
7           2           49
7           3           49
7           4           39
7           5           39
7           6           40
8           1           37
8           2           42
8           3           38
8           4           41
8           5           40
8           6           30



pt(j, m) - Time required to produce one unit of item j on machine m. The production time is period-independent.


1           1           0.695
1           2           0.776
1           3           0.722
1           4           1.345
2           1           0.631
2           2           1.172
2           3           0.842
2           4           1.406
3           1           1.037
3           2           1.325
3           3           0.821
3           4           0.609
4           1           0.718
4           2           1.382
4           3           0.93
4           4           1.492
5           1           0.537
5           2           1.357
5           3           0.752
5           4           1.329
6           1           0.541
6           2           0.878
6           3           0.756
6           4           1.089
7           1           0.971
7           2           0.657
7           3           0.619
7           4           1.001
8           1           1.165
8           2           0.887
8           3           0.925
8           4           1.054



pc(j, m) - Variable costs of producing one unit of item j on machine m. The production cost is period-independent.


1           1           8.557
1           2           5.391
1           3           3.024
1           4           2.455
2           1           9.677
2           2           5.555
2           3           1.751
2           4           1.978
3           1           9.845
3           2           2.989
3           3           2.73
3           4           2.395
4           1           10.832
4           2           2.693
4           3           1.985
4           4           1.575
5           1           11.266
5           2           3.716
5           3           2.481
5           4           2.62
6           1           8.451
6           2           2.854
6           3           2.777
6           4           2.582
7           1           5.4
7           2           3.885
7           3           3.624
7           4           1.482
8           1           6.731
8           2           3.017
8           3           2.086
8           4           1.741



pe(j, m) - Production emission for producing one unit of item j on machine m. The production emission is period-independent.


1           1           1.161
1           2           1.533
1           3           3.618
1           4           4.053
2           1           0.912
2           2           2.065
2           3           3.724
2           4           1.331
3           1           0.906
3           2           0.993
3           3           2.803
3           4           2.516
4           1           0.976
4           2           0.736
4           3           2.88
4           4           3.649
5           1           0.506
5           2           2.409
5           3           1.28
5           4           1.604
6           1           0.824
6           2           1.785
6           3           3.315
6           4           4.771
7           1           0.432
7           2           0.888
7           3           1.7
7           4           1.049
8           1           0.41
8           2           1.316
8           3           3.367
8           4           4.802



hc(j) - Inventory-holding costs for one unit of item j for one period.


1           0.203
2           0.216
3           0.221
4           0.157
5           0.29
6           0.257
7           0.254
8           0.195



st(j, m) - Setup times for producing a lot of item j on machine m. The setup times are period-independent.


1           1           14.928
1           2           19.496
1           3           13.771
1           4           16.241
2           1           13.663
2           2           13.016
2           3           14.905
2           4           13.798
3           1           9.847
3           2           14.36
3           3           17.331
3           4           13.448
4           1           12.025
4           2           17.168
4           3           12.748
4           4           10.428
5           1           15.789
5           2           11.285
5           3           6.991
5           4           18.954
6           1           10.547
6           2           14.424
6           3           8.495
6           4           8.367
7           1           17.225
7           2           18.843
7           3           7.0
7           4           19.635
8           1           7.264
8           2           5.315
8           3           17.526
8           4           5.303



se(j, m) - Setup emission for producing a lot of item j on machine m. The setup emission are period-independent.


1           1           5.713
1           2           18.994
1           3           9.369
1           4           23.766
2           1           4.134
2           2           14.347
2           3           18.234
2           4           14.839
3           1           4.416
3           2           17.422
3           3           8.044
3           4           33.953
4           1           4.234
4           2           6.195
4           3           15.67
4           4           18.83
5           1           9.242
5           2           14.009
5           3           19.537
5           4           11.766
6           1           3.388
6           2           18.89
6           3           28.238
6           4           22.491
7           1           5.691
7           2           17.995
7           3           14.084
7           4           27.435
8           1           9.997
8           2           6.453
8           3           26.008
8           4           17.069



sc(j, m) - Setup costs for producing a lot of item j on machine m. The setup costs are period-independent.


1           1           52103.333
1           2           26051.667
1           3           17367.778
1           4           13025.833
2           1           50783.04
2           2           25391.52
2           3           16927.68
2           4           12695.76
3           1           53773.72
3           2           26886.86
3           3           17924.573
3           4           13443.43
4           1           39651.92
4           2           19825.96
4           3           13217.307
4           4           9912.98
5           1           74135.6
5           2           37067.8
5           3           24711.867
5           4           18533.9
6           1           68865.72
6           2           34432.86
6           3           22955.24
6           4           17216.43
7           1           66497.2
7           2           33248.6
7           3           22165.733
7           4           16624.3
8           1           45645.6
8           2           22822.8
8           3           15215.2
8           4           11411.4



bc(m) - Fixed investment cost for machine m.


1           2788.855063930402
2           6630.432194131645
3           1560.5893267620488
4           1673.6906709492077



ca(m, t) - The available capacity of machine m in period t.


1           1           177.4299663888889
1           2           177.4299663888889
1           3           177.4299663888889
1           4           177.4299663888889
1           5           177.4299663888889
1           6           177.4299663888889
2           1           177.4299663888889
2           2           177.4299663888889
2           3           177.4299663888889
2           4           177.4299663888889
2           5           177.4299663888889
2           6           177.4299663888889
3           1           177.4299663888889
3           2           177.4299663888889
3           3           177.4299663888889
3           4           177.4299663888889
3           5           177.4299663888889
3           6           177.4299663888889
4           1           177.4299663888889
4           2           177.4299663888889
4           3           177.4299663888889
4           4           177.4299663888889
4           5           177.4299663888889
4           6           177.4299663888889



em(t) - The limits of carbon emissions in period t.


1           1008.7396666666666
2           1008.7396666666666
3           1008.7396666666666
4           1008.7396666666666
5           1008.7396666666666
6           1008.7396666666666
