Information for the currently-owned machines and the machines that may be purchased: if 1, the machine can be purchased, otherwise currently-owned.


1           1.0
2           0.0
3           0.0
4           0.0



item_machine_arc(j, m) - The relationship arc between item j and machine m, i.e., machine m is capable of producing item j if item_machine_arc(j, m) = 1.


1           1           0.0
1           2           1.0
1           3           0.0
1           4           1.0
2           1           0.0
2           2           0.0
2           3           0.0
2           4           1.0
3           1           1.0
3           2           1.0
3           3           1.0
3           4           0.0
4           1           0.0
4           2           1.0
4           3           0.0
4           4           1.0
5           1           1.0
5           2           1.0
5           3           1.0
5           4           1.0
6           1           1.0
6           2           1.0
6           3           1.0
6           4           1.0
7           1           1.0
7           2           0.0
7           3           1.0
7           4           0.0
8           1           0.0
8           2           1.0
8           3           0.0
8           4           0.0



d(j, t) - Gross demand for item j in period t.


1           1           48
1           2           46
1           3           37
1           4           32
1           5           48
1           6           48
2           1           49
2           2           46
2           3           39
2           4           45
2           5           50
2           6           30
3           1           30
3           2           31
3           3           39
3           4           31
3           5           43
3           6           46
4           1           34
4           2           47
4           3           32
4           4           37
4           5           44
4           6           40
5           1           36
5           2           31
5           3           31
5           4           45
5           5           32
5           6           32
6           1           33
6           2           48
6           3           33
6           4           41
6           5           43
6           6           42
7           1           49
7           2           33
7           3           42
7           4           45
7           5           45
7           6           41
8           1           48
8           2           38
8           3           31
8           4           47
8           5           44
8           6           33



pt(j, m) - Time required to produce one unit of item j on machine m. The production time is period-independent.


1           1           1.426
1           2           0.949
1           3           0.61
1           4           0.973
2           1           0.708
2           2           0.964
2           3           0.991
2           4           1.201
3           1           1.23
3           2           1.474
3           3           1.194
3           4           0.676
4           1           1.11
4           2           0.531
4           3           1.258
4           4           0.941
5           1           0.563
5           2           1.037
5           3           1.03
5           4           1.206
6           1           1.285
6           2           1.489
6           3           0.932
6           4           1.386
7           1           1.025
7           2           0.908
7           3           0.641
7           4           1.1
8           1           0.846
8           2           0.65
8           3           0.706
8           4           0.824



pc(j, m) - Variable costs of producing one unit of item j on machine m. The production cost is period-independent.


1           1           2.664
1           2           2.955
1           3           6.34
1           4           5.159
2           1           3.596
2           2           2.561
2           3           11.4
2           4           2.884
3           1           3.364
3           2           2.83
3           3           10.59
3           4           5.7
4           1           2.915
4           2           1.95
4           3           5.808
4           4           5.563
5           1           1.464
5           2           2.516
5           3           6.039
5           4           3.836
6           1           1.823
6           2           1.035
6           3           10.179
6           4           3.017
7           1           3.617
7           2           1.946
7           3           7.789
7           4           2.205
8           1           2.256
8           2           1.905
8           3           4.406
8           4           3.355



pe(j, m) - Production emission for producing one unit of item j on machine m. The production emission is period-independent.


1           1           0.871
1           2           2.734
1           3           0.599
1           4           1.819
2           1           3.548
2           2           4.964
2           3           1.088
2           4           1.775
3           1           1.038
3           2           4.012
3           3           1.013
3           4           1.522
4           1           1.325
4           2           3.833
4           3           0.711
4           4           1.287
5           1           2.77
5           2           3.519
5           3           0.804
5           4           2.135
6           1           2.288
6           2           4.739
6           3           0.797
6           4           0.73
7           1           1.858
7           2           3.067
7           3           0.545
7           4           2.294
8           1           1.786
8           2           4.263
8           3           0.717
8           4           1.039



hc(j) - Inventory-holding costs for one unit of item j for one period.


1           0.212
2           0.291
3           0.105
4           0.178
5           0.232
6           0.143
7           0.136
8           0.232



st(j, m) - Setup times for producing a lot of item j on machine m. The setup times are period-independent.


1           1           65.515
1           2           43.491
1           3           88.484
1           4           62.906
2           1           32.196
2           2           84.19
2           3           77.777
2           4           62.98
3           1           44.073
3           2           65.45
3           3           71.632
3           4           62.775
4           1           69.183
4           2           95.788
4           3           79.361
4           4           80.356
5           1           36.487
5           2           68.584
5           3           70.849
5           4           65.339
6           1           76.557
6           2           64.07
6           3           60.512
6           4           88.913
7           1           27.631
7           2           50.801
7           3           53.236
7           4           64.157
8           1           30.648
8           2           96.61
8           3           34.769
8           4           27.67



se(j, m) - Setup emission for producing a lot of item j on machine m. The setup emission are period-independent.


1           1           50.326
1           2           129.729
1           3           17.442
1           4           97.421
2           1           75.007
2           2           97.71
2           3           23.139
2           4           47.421
3           1           118.119
3           2           124.026
3           3           43.87
3           4           80.964
4           1           140.508
4           2           177.68
4           3           18.941
4           4           82.962
5           1           53.36
5           2           165.097
5           3           42.029
5           4           47.081
6           1           54.674
6           2           155.361
6           3           25.808
6           4           95.799
7           1           85.797
7           2           174.214
7           3           39.198
7           4           42.484
8           1           125.538
8           2           112.843
8           3           44.423
8           4           29.729



sc(j, m) - Setup costs for producing a lot of item j on machine m. The setup costs are period-independent.


1           1           18790.738
1           2           14093.053
1           3           56372.213
1           4           28186.107
2           1           25792.947
2           2           19344.71
2           3           77378.84
2           4           38689.42
3           1           7905.333
3           2           5929.0
3           3           23716.0
3           4           11858.0
4           1           14254.24
4           2           10690.68
4           3           42762.72
4           4           21381.36
5           1           16434.88
5           2           12326.16
5           3           49304.64
5           4           24652.32
6           1           11745.067
6           2           8808.8
6           3           35235.2
6           4           17617.6
7           1           11868.267
7           2           8901.2
7           3           35604.8
7           4           17802.4
8           1           19134.329
8           2           14350.747
8           3           57402.987
8           4           28701.493



bc(m) - Fixed investment cost for machine m.


1           437.0838980268162
2           1330.4743214751625
3           15941.58205320116
4           2303.619645549424



ca(m, t) - The available capacity of machine m in period t.


1           1           271.8063898148148
1           2           271.8063898148148
1           3           271.8063898148148
1           4           271.8063898148148
1           5           271.8063898148148
1           6           271.8063898148148
2           1           271.8063898148148
2           2           271.8063898148148
2           3           271.8063898148148
2           4           271.8063898148148
2           5           271.8063898148148
2           6           271.8063898148148
3           1           271.8063898148148
3           2           271.8063898148148
3           3           271.8063898148148
3           4           271.8063898148148
3           5           271.8063898148148
3           6           271.8063898148148
4           1           271.8063898148148
4           2           271.8063898148148
4           3           271.8063898148148
4           4           271.8063898148148
4           5           271.8063898148148
4           6           271.8063898148148



em(t) - The limits of carbon emissions in period t.


1           1689.6231275000002
2           1689.6231275000002
3           1689.6231275000002
4           1689.6231275000002
5           1689.6231275000002
6           1689.6231275000002
