Information for the currently-owned machines and the machines that may be purchased: if 1, the machine can be purchased, otherwise currently-owned.


1           0.0
2           0.0
3           1.0
4           0.0



item_machine_arc(j, m) - The relationship arc between item j and machine m, i.e., machine m is capable of producing item j if item_machine_arc(j, m) = 1.


1           1           1.0
1           2           1.0
1           3           1.0
1           4           1.0
2           1           0.0
2           2           1.0
2           3           1.0
2           4           0.0
3           1           0.0
3           2           0.0
3           3           1.0
3           4           0.0
4           1           1.0
4           2           1.0
4           3           1.0
4           4           1.0
5           1           1.0
5           2           1.0
5           3           1.0
5           4           0.0
6           1           0.0
6           2           0.0
6           3           0.0
6           4           1.0
7           1           0.0
7           2           1.0
7           3           1.0
7           4           1.0
8           1           1.0
8           2           1.0
8           3           1.0
8           4           1.0



d(j, t) - Gross demand for item j in period t.


1           1           30
1           2           49
1           3           40
1           4           35
1           5           30
1           6           34
2           1           36
2           2           36
2           3           39
2           4           33
2           5           35
2           6           46
3           1           46
3           2           47
3           3           49
3           4           40
3           5           45
3           6           38
4           1           42
4           2           38
4           3           48
4           4           31
4           5           31
4           6           40
5           1           47
5           2           40
5           3           33
5           4           37
5           5           42
5           6           39
6           1           38
6           2           46
6           3           45
6           4           36
6           5           31
6           6           46
7           1           35
7           2           31
7           3           47
7           4           49
7           5           30
7           6           47
8           1           49
8           2           34
8           3           40
8           4           37
8           5           35
8           6           38



pt(j, m) - Time required to produce one unit of item j on machine m. The production time is period-independent.


1           1           1.128
1           2           0.974
1           3           1.478
1           4           1.164
2           1           1.375
2           2           1.071
2           3           0.568
2           4           1.46
3           1           0.959
3           2           1.132
3           3           1.368
3           4           0.545
4           1           0.527
4           2           0.687
4           3           1.41
4           4           1.404
5           1           0.782
5           2           1.078
5           3           1.155
5           4           1.075
6           1           0.877
6           2           1.208
6           3           0.871
6           4           1.069
7           1           0.767
7           2           1.472
7           3           1.231
7           4           0.629
8           1           0.581
8           2           1.216
8           3           0.754
8           4           1.411



pc(j, m) - Variable costs of producing one unit of item j on machine m. The production cost is period-independent.


1           1           1.506
1           2           3.876
1           3           8.37
1           4           2.636
2           1           1.352
2           2           2.447
2           3           9.329
2           4           1.908
3           1           2.926
3           2           4.084
3           3           11.197
3           4           2.964
4           1           1.339
4           2           5.359
4           3           5.019
4           4           1.48
5           1           1.673
5           2           5.931
5           3           5.084
5           4           2.554
6           1           3.487
6           2           4.8
6           3           9.376
6           4           2.671
7           1           3.972
7           2           3.641
7           3           11.46
7           4           1.684
8           1           3.281
8           2           3.58
8           3           11.942
8           4           1.191



pe(j, m) - Production emission for producing one unit of item j on machine m. The production emission is period-independent.


1           1           1.24
1           2           0.683
1           3           0.825
1           4           4.323
2           1           2.054
2           2           1.745
2           3           0.287
2           4           4.314
3           1           2.355
3           2           0.935
3           3           0.944
3           4           3.261
4           1           3.632
4           2           0.644
4           3           0.471
4           4           3.864
5           1           3.187
5           2           0.556
5           3           0.424
5           4           4.538
6           1           3.601
6           2           0.593
6           3           0.997
6           4           3.947
7           1           2.488
7           2           0.545
7           3           1.244
7           4           4.171
8           1           3.277
8           2           1.153
8           3           0.825
8           4           3.398



hc(j) - Inventory-holding costs for one unit of item j for one period.


1           0.157
2           0.237
3           0.18
4           0.138
5           0.201
6           0.171
7           0.293
8           0.227



st(j, m) - Setup times for producing a lot of item j on machine m. The setup times are period-independent.


1           1           16.342
1           2           15.969
1           3           15.469
1           4           7.805
2           1           18.116
2           2           6.115
2           3           16.719
2           4           11.062
3           1           19.366
3           2           15.077
3           3           8.683
3           4           12.099
4           1           8.053
4           2           9.344
4           3           6.046
4           4           6.361
5           1           15.538
5           2           6.472
5           3           5.913
5           4           19.935
6           1           12.534
6           2           7.002
6           3           6.353
6           4           5.176
7           1           14.411
7           2           12.57
7           3           9.172
7           4           9.983
8           1           5.069
8           2           15.613
8           3           15.852
8           4           15.456



se(j, m) - Setup emission for producing a lot of item j on machine m. The setup emission are period-independent.


1           1           9.919
1           2           13.133
1           3           8.019
1           4           16.359
2           1           10.915
2           2           5.876
2           3           8.262
2           4           22.203
3           1           18.55
3           2           19.838
3           3           3.821
3           4           29.525
4           1           23.339
4           2           18.663
4           3           9.238
4           4           28.587
5           1           13.604
5           2           12.151
5           3           3.246
5           4           24.293
6           1           27.946
6           2           12.111
6           3           8.06
6           4           21.462
7           1           25.776
7           2           6.519
7           3           6.603
7           4           14.639
8           1           10.346
8           2           17.077
8           3           5.364
8           4           11.826



sc(j, m) - Setup costs for producing a lot of item j on machine m. The setup costs are period-independent.


1           1           11712.898
1           2           17569.347
1           3           35138.693
1           4           8784.673
2           1           18249.0
2           2           27373.5
2           3           54747.0
2           4           13686.75
3           1           16324.0
3           2           24486.0
3           3           48972.0
3           4           12243.0
4           1           10862.133
4           2           16293.2
4           3           32586.4
4           4           8146.6
5           1           16371.227
5           2           24556.84
5           3           49113.68
5           4           12278.42
6           1           14161.84
6           2           21242.76
6           3           42485.52
6           4           10621.38
7           1           23964.796
7           2           35947.193
7           3           71894.387
7           4           17973.597
8           1           18100.476
8           2           27150.713
8           3           54301.427
8           4           13575.357



bc(m) - Fixed investment cost for machine m.


1           6418.195217810329
2           6416.9150876291915
3           2104.123057317271
4           545.5665943731541



ca(m, t) - The available capacity of machine m in period t.


1           1           194.1854087962963
1           2           194.1854087962963
1           3           194.1854087962963
1           4           194.1854087962963
1           5           194.1854087962963
1           6           194.1854087962963
2           1           194.1854087962963
2           2           194.1854087962963
2           3           194.1854087962963
2           4           194.1854087962963
2           5           194.1854087962963
2           6           194.1854087962963
3           1           194.1854087962963
3           2           194.1854087962963
3           3           194.1854087962963
3           4           194.1854087962963
3           5           194.1854087962963
3           6           194.1854087962963
4           1           194.1854087962963
4           2           194.1854087962963
4           3           194.1854087962963
4           4           194.1854087962963
4           5           194.1854087962963
4           6           194.1854087962963



em(t) - The limits of carbon emissions in period t.


1           1002.6911980555558
2           1002.6911980555558
3           1002.6911980555558
4           1002.6911980555558
5           1002.6911980555558
6           1002.6911980555558
