Information for the currently-owned machines and the machines that may be purchased: if 1, the machine can be purchased, otherwise currently-owned.


1           1.0
2           0.0
3           0.0
4           0.0



item_machine_arc(j, m) - The relationship arc between item j and machine m, i.e., machine m is capable of producing item j if item_machine_arc(j, m) = 1.


1           1           1.0
1           2           0.0
1           3           0.0
1           4           0.0
2           1           1.0
2           2           1.0
2           3           1.0
2           4           0.0
3           1           1.0
3           2           0.0
3           3           0.0
3           4           0.0
4           1           1.0
4           2           0.0
4           3           0.0
4           4           1.0
5           1           1.0
5           2           1.0
5           3           1.0
5           4           1.0
6           1           1.0
6           2           1.0
6           3           1.0
6           4           1.0
7           1           0.0
7           2           0.0
7           3           0.0
7           4           1.0
8           1           0.0
8           2           0.0
8           3           0.0
8           4           1.0



d(j, t) - Gross demand for item j in period t.


1           1           47
1           2           41
1           3           42
1           4           37
1           5           37
1           6           46
2           1           40
2           2           46
2           3           38
2           4           30
2           5           40
2           6           39
3           1           30
3           2           43
3           3           39
3           4           38
3           5           50
3           6           30
4           1           41
4           2           42
4           3           32
4           4           41
4           5           40
4           6           42
5           1           35
5           2           42
5           3           47
5           4           32
5           5           42
5           6           47
6           1           48
6           2           41
6           3           33
6           4           49
6           5           50
6           6           47
7           1           34
7           2           32
7           3           36
7           4           31
7           5           49
7           6           35
8           1           50
8           2           33
8           3           44
8           4           36
8           5           36
8           6           50



pt(j, m) - Time required to produce one unit of item j on machine m. The production time is period-independent.


1           1           1.072
1           2           1.424
1           3           0.853
1           4           0.956
2           1           1.141
2           2           0.575
2           3           1.5
2           4           1.436
3           1           0.813
3           2           1.033
3           3           0.653
3           4           0.512
4           1           1.029
4           2           0.872
4           3           1.486
4           4           1.272
5           1           0.719
5           2           1.267
5           3           1.295
5           4           0.58
6           1           1.115
6           2           1.405
6           3           1.414
6           4           1.478
7           1           1.467
7           2           1.04
7           3           0.989
7           4           1.303
8           1           1.441
8           2           1.009
8           3           1.271
8           4           0.582



pc(j, m) - Variable costs of producing one unit of item j on machine m. The production cost is period-independent.


1           1           1.695
1           2           1.405
1           3           6.327
1           4           3.334
2           1           2.962
2           2           3.476
2           3           9.855
2           4           2.449
3           1           2.143
3           2           3.603
3           3           9.732
3           4           2.912
4           1           2.177
4           2           2.284
4           3           8.76
4           4           2.969
5           1           2.429
5           2           2.919
5           3           10.417
5           4           5.645
6           1           2.826
6           2           2.111
6           3           6.879
6           4           3.895
7           1           1.067
7           2           3.804
7           3           10.444
7           4           2.331
8           1           1.243
8           2           2.153
8           3           9.514
8           4           3.916



pe(j, m) - Production emission for producing one unit of item j on machine m. The production emission is period-independent.


1           1           0.793
1           2           0.613
1           3           0.205
1           4           0.132
2           1           0.257
2           2           0.223
2           3           0.074
2           4           0.212
3           1           0.889
3           2           0.188
3           3           0.057
3           4           0.412
4           1           0.986
4           2           0.703
4           3           0.064
4           4           0.301
5           1           0.259
5           2           0.677
5           3           0.204
5           4           0.294
6           1           0.498
6           2           0.151
6           3           0.201
6           4           0.235
7           1           0.566
7           2           0.232
7           3           0.216
7           4           0.312
8           1           0.544
8           2           0.541
8           3           0.148
8           4           0.469



hc(j) - Inventory-holding costs for one unit of item j for one period.


1           0.299
2           0.13
3           0.172
4           0.183
5           0.245
6           0.241
7           0.146
8           0.23



st(j, m) - Setup times for producing a lot of item j on machine m. The setup times are period-independent.


1           1           10.665
1           2           11.244
1           3           9.175
1           4           5.574
2           1           7.962
2           2           13.18
2           3           10.462
2           4           9.147
3           1           19.763
3           2           17.711
3           3           6.666
3           4           16.45
4           1           17.361
4           2           16.405
4           3           12.772
4           4           7.926
5           1           9.156
5           2           11.481
5           3           17.604
5           4           11.758
6           1           16.341
6           2           12.301
6           3           9.627
6           4           18.331
7           1           5.116
7           2           12.433
7           3           15.247
7           4           12.764
8           1           9.638
8           2           14.545
8           3           19.302
8           4           10.001



se(j, m) - Setup emission for producing a lot of item j on machine m. The setup emission are period-independent.


1           1           58.589
1           2           93.337
1           3           23.247
1           4           93.034
2           1           82.524
2           2           106.341
2           3           20.766
2           4           87.65
3           1           68.523
3           2           115.439
3           3           17.529
3           4           68.591
4           1           139.977
4           2           57.485
4           3           45.742
4           4           86.479
5           1           191.315
5           2           73.687
5           3           12.536
5           4           91.335
6           1           96.576
6           2           58.271
6           3           42.944
6           4           67.789
7           1           59.358
7           2           102.443
7           3           20.574
7           4           32.179
8           1           65.801
8           2           108.14
8           3           39.606
8           4           62.211



sc(j, m) - Setup costs for producing a lot of item j on machine m. The setup costs are period-independent.


1           1           19185.833
1           2           25581.111
1           3           76743.333
1           4           38371.667
2           1           7774.433
2           2           10365.911
2           3           31097.733
2           4           15548.867
3           1           10153.733
3           2           13538.311
3           3           40614.933
3           4           20307.467
4           1           11178.86
4           2           14905.147
4           3           44715.44
4           4           22357.72
5           1           15406.417
5           2           20541.889
5           3           61625.667
5           4           30812.833
6           1           16577.587
6           2           22103.449
6           3           66310.347
6           4           33155.173
7           1           8131.713
7           2           10842.284
7           3           32526.853
7           4           16263.427
8           1           14699.3
8           2           19599.067
8           3           58797.2
8           4           29398.6



bc(m) - Fixed investment cost for machine m.


1           2485.2890925672896
2           850.4578960789622
3           19109.61867460679
4           9155.808607843619



ca(m, t) - The available capacity of machine m in period t.


1           1           180.00943333333333
1           2           180.00943333333333
1           3           180.00943333333333
1           4           180.00943333333333
1           5           180.00943333333333
1           6           180.00943333333333
2           1           180.00943333333333
2           2           180.00943333333333
2           3           180.00943333333333
2           4           180.00943333333333
2           5           180.00943333333333
2           6           180.00943333333333
3           1           180.00943333333333
3           2           180.00943333333333
3           3           180.00943333333333
3           4           180.00943333333333
3           5           180.00943333333333
3           6           180.00943333333333
4           1           180.00943333333333
4           2           180.00943333333333
4           3           180.00943333333333
4           4           180.00943333333333
4           5           180.00943333333333
4           6           180.00943333333333



em(t) - The limits of carbon emissions in period t.


1           614.5005027777777
2           614.5005027777777
3           614.5005027777777
4           614.5005027777777
5           614.5005027777777
6           614.5005027777777
