Information for the currently-owned machines and the machines that may be purchased: if 1, the machine can be purchased, otherwise currently-owned.


1           0.0
2           0.0
3           1.0
4           0.0



item_machine_arc(j, m) - The relationship arc between item j and machine m, i.e., machine m is capable of producing item j if item_machine_arc(j, m) = 1.


1           1           1.0
1           2           0.0
1           3           0.0
1           4           0.0
2           1           0.0
2           2           1.0
2           3           0.0
2           4           1.0
3           1           1.0
3           2           1.0
3           3           0.0
3           4           1.0
4           1           1.0
4           2           0.0
4           3           1.0
4           4           1.0
5           1           1.0
5           2           1.0
5           3           1.0
5           4           1.0
6           1           1.0
6           2           0.0
6           3           0.0
6           4           1.0
7           1           1.0
7           2           0.0
7           3           1.0
7           4           1.0
8           1           0.0
8           2           1.0
8           3           0.0
8           4           0.0



d(j, t) - Gross demand for item j in period t.


1           1           33
1           2           37
1           3           35
1           4           42
1           5           44
1           6           38
2           1           31
2           2           36
2           3           32
2           4           44
2           5           37
2           6           42
3           1           49
3           2           37
3           3           46
3           4           38
3           5           41
3           6           38
4           1           50
4           2           47
4           3           36
4           4           50
4           5           35
4           6           38
5           1           41
5           2           48
5           3           40
5           4           40
5           5           33
5           6           35
6           1           40
6           2           36
6           3           41
6           4           49
6           5           33
6           6           41
7           1           35
7           2           34
7           3           32
7           4           43
7           5           36
7           6           31
8           1           43
8           2           40
8           3           50
8           4           32
8           5           46
8           6           42



pt(j, m) - Time required to produce one unit of item j on machine m. The production time is period-independent.


1           1           0.706
1           2           1.24
1           3           1.325
1           4           0.653
2           1           1.36
2           2           0.874
2           3           0.862
2           4           1.005
3           1           1.26
3           2           1.244
3           3           1.451
3           4           1.274
4           1           1.167
4           2           0.879
4           3           1.04
4           4           1.052
5           1           1.469
5           2           1.0
5           3           0.692
5           4           0.655
6           1           0.893
6           2           1.083
6           3           1.146
6           4           1.191
7           1           0.671
7           2           0.727
7           3           1.022
7           4           1.41
8           1           0.679
8           2           0.979
8           3           1.047
8           4           1.012



pc(j, m) - Variable costs of producing one unit of item j on machine m. The production cost is period-independent.


1           1           3.12
1           2           1.402
1           3           2.853
1           4           8.355
2           1           2.524
2           2           3.524
2           3           1.497
2           4           8.799
3           1           5.98
3           2           2.983
3           3           1.075
3           4           7.658
4           1           5.744
4           2           3.321
4           3           1.254
4           4           6.653
5           1           3.404
5           2           3.345
5           3           1.767
5           4           10.322
6           1           4.929
6           2           3.729
6           3           2.368
6           4           7.061
7           1           5.432
7           2           3.993
7           3           1.336
7           4           10.045
8           1           2.407
8           2           2.017
8           3           1.96
8           4           9.601



pe(j, m) - Production emission for producing one unit of item j on machine m. The production emission is period-independent.


1           1           0.738
1           2           2.785
1           3           1.64
1           4           0.488
2           1           1.463
2           2           2.104
2           3           3.54
2           4           0.471
3           1           0.818
3           2           1.893
3           3           4.261
3           4           0.563
4           1           1.4
4           2           3.41
4           3           1.21
4           4           0.949
5           1           2.386
5           2           2.156
5           3           3.192
5           4           0.564
6           1           0.991
6           2           3.454
6           3           4.451
6           4           0.706
7           1           2.435
7           2           1.348
7           3           1.81
7           4           0.372
8           1           0.871
8           2           3.069
8           3           2.729
8           4           0.257



hc(j) - Inventory-holding costs for one unit of item j for one period.


1           0.146
2           0.291
3           0.108
4           0.145
5           0.182
6           0.212
7           0.113
8           0.292



st(j, m) - Setup times for producing a lot of item j on machine m. The setup times are period-independent.


1           1           9.923
1           2           18.023
1           3           13.803
1           4           6.505
2           1           12.963
2           2           17.807
2           3           5.496
2           4           18.351
3           1           12.95
3           2           15.13
3           3           13.11
3           4           15.186
4           1           19.482
4           2           6.348
4           3           19.041
4           4           7.963
5           1           9.739
5           2           14.388
5           3           19.25
5           4           16.248
6           1           8.773
6           2           15.966
6           3           13.782
6           4           6.835
7           1           17.487
7           2           8.889
7           3           18.415
7           4           15.531
8           1           15.469
8           2           9.969
8           3           8.103
8           4           12.06



se(j, m) - Setup emission for producing a lot of item j on machine m. The setup emission are period-independent.


1           1           6.833
1           2           8.634
1           3           38.094
1           4           7.521
2           1           12.409
2           2           14.089
2           3           35.663
2           4           6.541
3           1           11.751
3           2           20.971
3           3           21.954
3           4           7.052
4           1           15.584
4           2           12.24
4           3           11.15
4           4           9.521
5           1           11.37
5           2           25.606
5           3           25.517
5           4           8.339
6           1           10.5
6           2           17.107
6           3           18.503
6           4           7.778
7           1           10.196
7           2           22.811
7           3           21.345
7           4           3.475
8           1           13.723
8           2           21.452
8           3           23.711
8           4           5.887



sc(j, m) - Setup costs for producing a lot of item j on machine m. The setup costs are period-independent.


1           1           17162.787
1           2           11441.858
1           3           8581.393
1           4           34325.573
2           1           33162.36
2           2           22108.24
2           3           16581.18
2           4           66324.72
3           1           13804.56
3           2           9203.04
3           3           6902.28
3           4           27609.12
4           1           19054.933
4           2           12703.289
4           3           9527.467
4           4           38109.867
5           1           22142.12
5           2           14761.413
5           3           11071.06
5           4           44284.24
6           1           26118.4
6           2           17412.267
6           3           13059.2
6           4           52236.8
7           1           12239.407
7           2           8159.604
7           3           6119.703
7           4           24478.813
8           1           37923.013
8           2           25282.009
8           3           18961.507
8           4           75846.027



bc(m) - Fixed investment cost for machine m.


1           2067.32132616691
2           2858.195813377556
3           183.33284232731063
4           3796.387129081618



ca(m, t) - The available capacity of machine m in period t.


1           1           190.55416009259258
1           2           190.55416009259258
1           3           190.55416009259258
1           4           190.55416009259258
1           5           190.55416009259258
1           6           190.55416009259258
2           1           190.55416009259258
2           2           190.55416009259258
2           3           190.55416009259258
2           4           190.55416009259258
2           5           190.55416009259258
2           6           190.55416009259258
3           1           190.55416009259258
3           2           190.55416009259258
3           3           190.55416009259258
3           4           190.55416009259258
3           5           190.55416009259258
3           6           190.55416009259258
4           1           190.55416009259258
4           2           190.55416009259258
4           3           190.55416009259258
4           4           190.55416009259258
4           5           190.55416009259258
4           6           190.55416009259258



em(t) - The limits of carbon emissions in period t.


1           731.2990611111111
2           731.2990611111111
3           731.2990611111111
4           731.2990611111111
5           731.2990611111111
6           731.2990611111111
