Information for the currently-owned machines and the machines that may be purchased: if 1, the machine can be purchased, otherwise currently-owned.


1           1.0
2           0.0
3           0.0
4           0.0



item_machine_arc(j, m) - The relationship arc between item j and machine m, i.e., machine m is capable of producing item j if item_machine_arc(j, m) = 1.


1           1           1.0
1           2           1.0
1           3           1.0
1           4           1.0
2           1           0.0
2           2           1.0
2           3           0.0
2           4           0.0
3           1           1.0
3           2           0.0
3           3           0.0
3           4           0.0
4           1           1.0
4           2           1.0
4           3           1.0
4           4           1.0
5           1           1.0
5           2           1.0
5           3           1.0
5           4           0.0
6           1           1.0
6           2           0.0
6           3           0.0
6           4           1.0
7           1           1.0
7           2           1.0
7           3           1.0
7           4           1.0
8           1           0.0
8           2           0.0
8           3           1.0
8           4           1.0



d(j, t) - Gross demand for item j in period t.


1           1           33
1           2           32
1           3           43
1           4           49
1           5           42
1           6           49
2           1           42
2           2           33
2           3           39
2           4           31
2           5           31
2           6           50
3           1           50
3           2           32
3           3           32
3           4           33
3           5           32
3           6           44
4           1           41
4           2           50
4           3           30
4           4           31
4           5           34
4           6           44
5           1           37
5           2           39
5           3           38
5           4           45
5           5           34
5           6           50
6           1           42
6           2           36
6           3           35
6           4           35
6           5           31
6           6           44
7           1           41
7           2           43
7           3           42
7           4           36
7           5           35
7           6           43
8           1           33
8           2           43
8           3           32
8           4           35
8           5           32
8           6           41



pt(j, m) - Time required to produce one unit of item j on machine m. The production time is period-independent.


1           1           0.685
1           2           1.46
1           3           1.026
1           4           1.035
2           1           0.724
2           2           1.091
2           3           0.63
2           4           0.929
3           1           0.581
3           2           0.841
3           3           0.904
3           4           0.591
4           1           0.603
4           2           1.427
4           3           1.204
4           4           1.319
5           1           1.267
5           2           1.109
5           3           0.797
5           4           0.619
6           1           0.552
6           2           1.109
6           3           1.164
6           4           1.354
7           1           1.17
7           2           1.054
7           3           0.701
7           4           0.861
8           1           0.836
8           2           0.995
8           3           1.345
8           4           1.013



pc(j, m) - Variable costs of producing one unit of item j on machine m. The production cost is period-independent.


1           1           1.744
1           2           9.319
1           3           4.377
1           4           2.118
2           1           2.008
2           2           10.325
2           3           4.066
2           4           1.4
3           1           2.929
3           2           11.142
3           3           4.977
3           4           1.946
4           1           3.515
4           2           9.966
4           3           3.227
4           4           1.465
5           1           1.786
5           2           7.512
5           3           5.963
5           4           2.487
6           1           2.792
6           2           11.703
6           3           2.843
6           4           1.567
7           1           1.857
7           2           8.603
7           3           3.861
7           4           2.588
8           1           3.444
8           2           8.452
8           3           5.933
8           4           2.074



pe(j, m) - Production emission for producing one unit of item j on machine m. The production emission is period-independent.


1           1           3.304
1           2           0.84
1           3           2.367
1           4           2.976
2           1           2.956
2           2           0.861
2           3           1.957
2           4           2.701
3           1           3.128
3           2           0.655
3           3           0.593
3           4           2.229
4           1           0.853
4           2           1.052
4           3           0.889
4           4           4.11
5           1           0.781
5           2           0.679
5           3           2.206
5           4           3.317
6           1           3.252
6           2           0.673
6           3           1.021
6           4           1.884
7           1           3.669
7           2           0.893
7           3           1.78
7           4           4.241
8           1           2.052
8           2           1.058
8           3           0.945
8           4           4.7



hc(j) - Inventory-holding costs for one unit of item j for one period.


1           0.11
2           0.252
3           0.129
4           0.205
5           0.241
6           0.193
7           0.193
8           0.189



st(j, m) - Setup times for producing a lot of item j on machine m. The setup times are period-independent.


1           1           46.489
1           2           58.172
1           3           92.428
1           4           36.478
2           1           63.316
2           2           92.078
2           3           27.591
2           4           71.938
3           1           71.122
3           2           82.749
3           3           67.332
3           4           33.056
4           1           92.654
4           2           79.449
4           3           64.912
4           4           95.999
5           1           50.697
5           2           70.216
5           3           84.157
5           4           40.838
6           1           39.186
6           2           66.559
6           3           79.688
6           4           32.776
7           1           71.362
7           2           32.16
7           3           28.932
7           4           56.062
8           1           50.527
8           2           45.931
8           3           39.666
8           4           96.36



se(j, m) - Setup emission for producing a lot of item j on machine m. The setup emission are period-independent.


1           1           9.985
1           2           9.316
1           3           11.73
1           4           16.113
2           1           15.523
2           2           5.812
2           3           12.949
2           4           20.839
3           1           8.163
3           2           4.426
3           3           17.681
3           4           13.025
4           1           22.565
4           2           6.848
4           3           9.142
4           4           26.705
5           1           13.331
5           2           3.701
5           3           7.63
5           4           28.056
6           1           20.873
6           2           8.318
6           3           14.138
6           4           11.767
7           1           20.756
7           2           6.609
7           3           19.638
7           4           31.623
8           1           13.205
8           2           5.145
8           3           11.472
8           4           29.489



sc(j, m) - Setup costs for producing a lot of item j on machine m. The setup costs are period-independent.


1           1           9335.822
1           2           28007.467
1           3           14003.733
1           4           7001.867
2           1           19490.24
2           2           58470.72
2           3           29235.36
2           4           14617.68
3           1           9844.707
3           2           29534.12
3           3           14767.06
3           4           7383.53
4           1           16135.778
4           2           48407.333
4           3           24203.667
4           4           12101.833
5           1           20041.56
5           2           60124.68
5           3           30062.34
5           4           15031.17
6           1           14728.902
6           2           44186.707
6           3           22093.353
6           4           11046.677
7           1           15851.733
7           2           47555.2
7           3           23777.6
7           4           11888.8
8           1           13970.88
8           2           41912.64
8           3           20956.32
8           4           10478.16



bc(m) - Fixed investment cost for machine m.


1           6642.895215302445
2           1067.848028691878
3           9935.101482634138
4           3858.6361104970674



ca(m, t) - The available capacity of machine m in period t.


1           1           292.85916916666673
1           2           292.85916916666673
1           3           292.85916916666673
1           4           292.85916916666673
1           5           292.85916916666673
1           6           292.85916916666673
2           1           292.85916916666673
2           2           292.85916916666673
2           3           292.85916916666673
2           4           292.85916916666673
2           5           292.85916916666673
2           6           292.85916916666673
3           1           292.85916916666673
3           2           292.85916916666673
3           3           292.85916916666673
3           4           292.85916916666673
3           5           292.85916916666673
3           6           292.85916916666673
4           1           292.85916916666673
4           2           292.85916916666673
4           3           292.85916916666673
4           4           292.85916916666673
4           5           292.85916916666673
4           6           292.85916916666673



em(t) - The limits of carbon emissions in period t.


1           1106.6991833333332
2           1106.6991833333332
3           1106.6991833333332
4           1106.6991833333332
5           1106.6991833333332
6           1106.6991833333332
