Information for the currently-owned machines and the machines that may be purchased: if 1, the machine can be purchased, otherwise currently-owned.


1           0.0
2           1.0
3           0.0
4           0.0



item_machine_arc(j, m) - The relationship arc between item j and machine m, i.e., machine m is capable of producing item j if item_machine_arc(j, m) = 1.


1           1           1.0
1           2           1.0
1           3           1.0
1           4           1.0
2           1           0.0
2           2           0.0
2           3           1.0
2           4           0.0
3           1           1.0
3           2           1.0
3           3           1.0
3           4           0.0
4           1           0.0
4           2           1.0
4           3           1.0
4           4           1.0
5           1           1.0
5           2           1.0
5           3           1.0
5           4           1.0
6           1           1.0
6           2           1.0
6           3           1.0
6           4           1.0
7           1           0.0
7           2           1.0
7           3           1.0
7           4           1.0
8           1           0.0
8           2           0.0
8           3           1.0
8           4           0.0



d(j, t) - Gross demand for item j in period t.


1           1           38
1           2           33
1           3           32
1           4           39
1           5           49
1           6           36
2           1           50
2           2           50
2           3           35
2           4           50
2           5           34
2           6           43
3           1           37
3           2           42
3           3           32
3           4           47
3           5           45
3           6           44
4           1           39
4           2           44
4           3           46
4           4           33
4           5           42
4           6           32
5           1           49
5           2           32
5           3           49
5           4           32
5           5           34
5           6           32
6           1           44
6           2           41
6           3           37
6           4           47
6           5           30
6           6           50
7           1           48
7           2           39
7           3           49
7           4           44
7           5           34
7           6           48
8           1           41
8           2           45
8           3           39
8           4           48
8           5           43
8           6           43



pt(j, m) - Time required to produce one unit of item j on machine m. The production time is period-independent.


1           1           0.951
1           2           0.526
1           3           1.206
1           4           0.701
2           1           0.534
2           2           1.305
2           3           1.264
2           4           0.794
3           1           0.812
3           2           1.33
3           3           1.257
3           4           1.423
4           1           0.813
4           2           1.066
4           3           1.107
4           4           1.156
5           1           1.402
5           2           1.392
5           3           1.258
5           4           0.722
6           1           1.083
6           2           0.719
6           3           1.033
6           4           0.937
7           1           0.834
7           2           1.155
7           3           1.365
7           4           1.081
8           1           0.638
8           2           0.957
8           3           0.679
8           4           0.905



pc(j, m) - Variable costs of producing one unit of item j on machine m. The production cost is period-independent.


1           1           3.277
1           2           3.792
1           3           2.719
1           4           11.625
2           1           2.094
2           2           5.937
2           3           1.496
2           4           7.959
3           1           3.346
3           2           4.182
3           3           2.945
3           4           9.295
4           1           2.207
4           2           5.306
4           3           2.893
4           4           6.253
5           1           1.925
5           2           4.716
5           3           2.966
5           4           7.93
6           1           2.278
6           2           3.137
6           3           2.526
6           4           4.805
7           1           2.316
7           2           4.001
7           3           1.583
7           4           11.569
8           1           2.207
8           2           2.253
8           3           1.176
8           4           6.972



pe(j, m) - Production emission for producing one unit of item j on machine m. The production emission is period-independent.


1           1           0.729
1           2           0.383
1           3           0.715
1           4           0.086
2           1           0.612
2           2           0.177
2           3           0.21
2           4           0.106
3           1           0.529
3           2           0.253
3           3           0.525
3           4           0.11
4           1           0.259
4           2           0.231
4           3           0.383
4           4           0.139
5           1           0.182
5           2           0.259
5           3           0.786
5           4           0.206
6           1           0.534
6           2           0.455
6           3           0.896
6           4           0.168
7           1           0.456
7           2           0.301
7           3           0.376
7           4           0.183
8           1           0.571
8           2           0.345
8           3           0.509
8           4           0.219



hc(j) - Inventory-holding costs for one unit of item j for one period.


1           0.256
2           0.121
3           0.268
4           0.105
5           0.249
6           0.156
7           0.207
8           0.171



st(j, m) - Setup times for producing a lot of item j on machine m. The setup times are period-independent.


1           1           92.143
1           2           31.863
1           3           32.502
1           4           73.549
2           1           71.314
2           2           82.516
2           3           70.494
2           4           69.857
3           1           84.51
3           2           75.664
3           3           97.297
3           4           51.588
4           1           26.244
4           2           69.471
4           3           36.105
4           4           34.815
5           1           59.612
5           2           32.883
5           3           37.472
5           4           81.522
6           1           83.174
6           2           95.288
6           3           32.803
6           4           53.856
7           1           79.475
7           2           74.309
7           3           36.595
7           4           74.102
8           1           73.325
8           2           67.82
8           3           44.984
8           4           40.489



se(j, m) - Setup emission for producing a lot of item j on machine m. The setup emission are period-independent.


1           1           93.783
1           2           46.46
1           3           126.871
1           4           40.896
2           1           82.629
2           2           39.653
2           3           54.083
2           4           15.769
3           1           92.393
3           2           38.811
3           3           143.356
3           4           43.728
4           1           119.558
4           2           71.609
4           3           107.547
4           4           20.965
5           1           120.106
5           2           46.72
5           3           103.709
5           4           48.114
6           1           128.448
6           2           86.41
6           3           124.989
6           4           31.462
7           1           110.316
7           2           52.171
7           3           123.489
7           4           32.925
8           1           49.578
8           2           62.764
8           3           157.867
8           4           34.07



sc(j, m) - Setup costs for producing a lot of item j on machine m. The setup costs are period-independent.


1           1           18079.289
1           2           27118.933
1           3           13559.467
1           4           54237.867
2           1           9862.844
2           2           14794.267
2           3           7397.133
2           4           29588.533
3           1           20594.311
3           2           30891.467
3           3           15445.733
3           4           61782.933
4           1           7709.333
4           2           11564.0
4           3           5782.0
4           4           23128.0
5           1           17662.4
5           2           26493.6
5           3           13246.8
5           4           52987.2
6           1           12084.8
6           2           18127.2
6           3           9063.6
6           4           36254.4
7           1           16872.8
7           2           25309.2
7           3           12654.6
7           4           50618.4
8           1           13778.8
8           2           20668.2
8           3           10334.1
8           4           41336.4



bc(m) - Fixed investment cost for machine m.


1           1479.3892594117399
2           1775.9299517363204
3           1495.582296100333
4           9931.717626972393



ca(m, t) - The available capacity of machine m in period t.


1           1           273.89583796296296
1           2           273.89583796296296
1           3           273.89583796296296
1           4           273.89583796296296
1           5           273.89583796296296
1           6           273.89583796296296
2           1           273.89583796296296
2           2           273.89583796296296
2           3           273.89583796296296
2           4           273.89583796296296
2           5           273.89583796296296
2           6           273.89583796296296
3           1           273.89583796296296
3           2           273.89583796296296
3           3           273.89583796296296
3           4           273.89583796296296
3           5           273.89583796296296
3           6           273.89583796296296
4           1           273.89583796296296
4           2           273.89583796296296
4           3           273.89583796296296
4           4           273.89583796296296
4           5           273.89583796296296
4           6           273.89583796296296



em(t) - The limits of carbon emissions in period t.


1           656.7022777777777
2           656.7022777777777
3           656.7022777777777
4           656.7022777777777
5           656.7022777777777
6           656.7022777777777
