Information for the currently-owned machines and the machines that may be purchased: if 1, the machine can be purchased, otherwise currently-owned.


1           0.0
2           0.0
3           0.0
4           1.0



item_machine_arc(j, m) - The relationship arc between item j and machine m, i.e., machine m is capable of producing item j if item_machine_arc(j, m) = 1.


1           1           1.0
1           2           1.0
1           3           0.0
1           4           0.0
2           1           1.0
2           2           1.0
2           3           1.0
2           4           0.0
3           1           1.0
3           2           0.0
3           3           1.0
3           4           1.0
4           1           1.0
4           2           0.0
4           3           0.0
4           4           0.0
5           1           1.0
5           2           1.0
5           3           1.0
5           4           0.0
6           1           1.0
6           2           1.0
6           3           1.0
6           4           0.0
7           1           1.0
7           2           1.0
7           3           1.0
7           4           1.0
8           1           1.0
8           2           1.0
8           3           0.0
8           4           1.0



d(j, t) - Gross demand for item j in period t.


1           1           33
1           2           41
1           3           33
1           4           42
1           5           37
1           6           41
2           1           43
2           2           46
2           3           30
2           4           34
2           5           30
2           6           37
3           1           49
3           2           47
3           3           31
3           4           30
3           5           37
3           6           30
4           1           44
4           2           48
4           3           43
4           4           39
4           5           44
4           6           42
5           1           47
5           2           34
5           3           46
5           4           46
5           5           41
5           6           38
6           1           44
6           2           30
6           3           40
6           4           45
6           5           49
6           6           34
7           1           48
7           2           46
7           3           47
7           4           50
7           5           36
7           6           43
8           1           37
8           2           38
8           3           48
8           4           37
8           5           42
8           6           32



pt(j, m) - Time required to produce one unit of item j on machine m. The production time is period-independent.


1           1           1.298
1           2           1.379
1           3           1.041
1           4           1.094
2           1           1.208
2           2           1.482
2           3           0.593
2           4           0.993
3           1           0.998
3           2           0.823
3           3           1.024
3           4           0.803
4           1           0.963
4           2           1.078
4           3           1.301
4           4           0.92
5           1           1.215
5           2           1.288
5           3           1.117
5           4           1.364
6           1           1.37
6           2           0.554
6           3           0.568
6           4           0.892
7           1           1.426
7           2           0.601
7           3           0.59
7           4           0.907
8           1           0.73
8           2           1.423
8           3           0.942
8           4           0.777



pc(j, m) - Variable costs of producing one unit of item j on machine m. The production cost is period-independent.


1           1           1.708
1           2           1.859
1           3           8.77
1           4           2.425
2           1           2.454
2           2           2.288
2           3           9.151
2           4           3.726
3           1           2.528
3           2           3.299
3           3           9.841
3           4           3.676
4           1           1.587
4           2           3.565
4           3           8.258
4           4           2.059
5           1           1.639
5           2           1.956
5           3           8.738
5           4           5.879
6           1           2.867
6           2           2.051
6           3           11.868
6           4           4.875
7           1           2.625
7           2           3.108
7           3           4.957
7           4           4.367
8           1           2.275
8           2           1.714
8           3           9.566
8           4           3.215



pe(j, m) - Production emission for producing one unit of item j on machine m. The production emission is period-independent.


1           1           4.447
1           2           0.781
1           3           1.02
1           4           1.928
2           1           4.535
2           2           2.27
2           3           0.446
2           4           2.366
3           1           2.025
3           2           1.177
3           3           0.681
3           4           0.909
4           1           3.01
4           2           1.296
4           3           0.376
4           4           1.945
5           1           3.053
5           2           3.043
5           3           1.157
5           4           0.934
6           1           2.891
6           2           2.403
6           3           1.189
6           4           1.082
7           1           4.716
7           2           3.487
7           3           1.092
7           4           1.908
8           1           1.259
8           2           1.66
8           3           0.49
8           4           0.722



hc(j) - Inventory-holding costs for one unit of item j for one period.


1           0.203
2           0.108
3           0.172
4           0.286
5           0.2
6           0.136
7           0.228
8           0.201



st(j, m) - Setup times for producing a lot of item j on machine m. The setup times are period-independent.


1           1           12.602
1           2           13.727
1           3           17.363
1           4           11.804
2           1           19.626
2           2           17.941
2           3           17.526
2           4           15.108
3           1           9.517
3           2           15.203
3           3           7.367
3           4           9.236
4           1           13.595
4           2           7.866
4           3           12.762
4           4           19.911
5           1           15.192
5           2           12.562
5           3           6.789
5           4           6.156
6           1           11.328
6           2           17.229
6           3           9.276
6           4           7.997
7           1           16.258
7           2           5.924
7           3           6.553
7           4           16.137
8           1           11.501
8           2           14.168
8           3           17.474
8           4           14.949



se(j, m) - Setup emission for producing a lot of item j on machine m. The setup emission are period-independent.


1           1           186.285
1           2           127.186
1           3           44.845
1           4           77.903
2           1           162.554
2           2           86.58
2           3           22.438
2           4           94.975
3           1           116.33
3           2           116.905
3           3           14.014
3           4           45.479
4           1           137.216
4           2           88.756
4           3           15.863
4           4           48.215
5           1           106.611
5           2           102.73
5           3           13.623
5           4           30.144
6           1           91.441
6           2           73.785
6           3           37.309
6           4           36.201
7           1           77.175
7           2           142.048
7           3           42.333
7           4           36.43
8           1           161.964
8           2           114.786
8           3           44.584
8           4           72.653



sc(j, m) - Setup costs for producing a lot of item j on machine m. The setup costs are period-independent.


1           1           10752.233
1           2           14336.311
1           3           43008.933
1           4           21504.467
2           1           5544.0
2           2           7392.0
2           3           22176.0
2           4           11088.0
3           1           8989.867
3           2           11986.489
3           3           35959.467
3           4           17979.733
4           1           17350.667
4           2           23134.222
4           3           69402.667
4           4           34701.333
5           1           11760.0
5           2           15680.0
5           3           47040.0
5           4           23520.0
6           1           7679.467
6           2           10239.289
6           3           30717.867
6           4           15358.933
7           1           14364.0
7           2           19152.0
7           3           57456.0
7           4           28728.0
8           1           10974.6
8           2           14632.8
8           3           43898.4
8           4           21949.2



bc(m) - Fixed investment cost for machine m.


1           3758.735958359518
2           6394.245858620248
3           1938.9683931579716
4           2251.2949587935336



ca(m, t) - The available capacity of machine m in period t.


1           1           177.76554444444446
1           2           177.76554444444446
1           3           177.76554444444446
1           4           177.76554444444446
1           5           177.76554444444446
1           6           177.76554444444446
2           1           177.76554444444446
2           2           177.76554444444446
2           3           177.76554444444446
2           4           177.76554444444446
2           5           177.76554444444446
2           6           177.76554444444446
3           1           177.76554444444446
3           2           177.76554444444446
3           3           177.76554444444446
3           4           177.76554444444446
3           5           177.76554444444446
3           6           177.76554444444446
4           1           177.76554444444446
4           2           177.76554444444446
4           3           177.76554444444446
4           4           177.76554444444446
4           5           177.76554444444446
4           6           177.76554444444446



em(t) - The limits of carbon emissions in period t.


1           1713.9413316666669
2           1713.9413316666669
3           1713.9413316666669
4           1713.9413316666669
5           1713.9413316666669
6           1713.9413316666669
