Information for the currently-owned machines and the machines that may be purchased: if 1, the machine can be purchased, otherwise currently-owned.


1           0.0
2           1.0
3           0.0
4           0.0



item_machine_arc(j, m) - The relationship arc between item j and machine m, i.e., machine m is capable of producing item j if item_machine_arc(j, m) = 1.


1           1           0.0
1           2           0.0
1           3           1.0
1           4           0.0
2           1           1.0
2           2           1.0
2           3           1.0
2           4           1.0
3           1           0.0
3           2           0.0
3           3           0.0
3           4           1.0
4           1           1.0
4           2           1.0
4           3           1.0
4           4           1.0
5           1           0.0
5           2           0.0
5           3           1.0
5           4           0.0
6           1           1.0
6           2           1.0
6           3           1.0
6           4           1.0
7           1           1.0
7           2           0.0
7           3           1.0
7           4           0.0
8           1           0.0
8           2           0.0
8           3           0.0
8           4           1.0



d(j, t) - Gross demand for item j in period t.


1           1           40
1           2           45
1           3           30
1           4           31
1           5           42
1           6           33
2           1           33
2           2           32
2           3           39
2           4           35
2           5           46
2           6           33
3           1           46
3           2           32
3           3           32
3           4           37
3           5           40
3           6           40
4           1           30
4           2           48
4           3           43
4           4           34
4           5           46
4           6           39
5           1           36
5           2           30
5           3           34
5           4           48
5           5           35
5           6           34
6           1           30
6           2           31
6           3           43
6           4           43
6           5           49
6           6           31
7           1           43
7           2           37
7           3           43
7           4           49
7           5           31
7           6           32
8           1           49
8           2           38
8           3           43
8           4           49
8           5           36
8           6           49



pt(j, m) - Time required to produce one unit of item j on machine m. The production time is period-independent.


1           1           0.816
1           2           1.019
1           3           0.831
1           4           1.026
2           1           0.71
2           2           0.706
2           3           1.12
2           4           0.711
3           1           0.511
3           2           0.698
3           3           1.175
3           4           0.55
4           1           0.523
4           2           0.665
4           3           1.301
4           4           1.351
5           1           1.161
5           2           1.341
5           3           0.98
5           4           1.047
6           1           0.507
6           2           1.006
6           3           1.191
6           4           0.765
7           1           1.497
7           2           0.899
7           3           0.518
7           4           0.839
8           1           1.238
8           2           0.593
8           3           1.419
8           4           1.325



pc(j, m) - Variable costs of producing one unit of item j on machine m. The production cost is period-independent.


1           1           2.551
1           2           3.964
1           3           1.524
1           4           7.721
2           1           1.238
2           2           5.136
2           3           3.813
2           4           4.065
3           1           2.543
3           2           3.13
3           3           2.419
3           4           7.205
4           1           2.383
4           2           2.395
4           3           3.005
4           4           8.576
5           1           1.914
5           2           4.535
5           3           3.44
5           4           6.112
6           1           2.689
6           2           4.32
6           3           2.501
6           4           4.716
7           1           2.643
7           2           5.361
7           3           3.589
7           4           4.851
8           1           2.492
8           2           2.785
8           3           2.83
8           4           10.385



pe(j, m) - Production emission for producing one unit of item j on machine m. The production emission is period-independent.


1           1           0.85
1           2           0.448
1           3           0.383
1           4           0.159
2           1           0.665
2           2           0.397
2           3           0.464
2           4           0.069
3           1           0.6
3           2           0.161
3           3           0.381
3           4           0.128
4           1           0.807
4           2           0.473
4           3           0.376
4           4           0.137
5           1           0.61
5           2           0.314
5           3           0.596
5           4           0.15
6           1           0.569
6           2           0.391
6           3           0.529
6           4           0.219
7           1           0.63
7           2           0.318
7           3           0.491
7           4           0.125
8           1           0.606
8           2           0.465
8           3           0.364
8           4           0.121



hc(j) - Inventory-holding costs for one unit of item j for one period.


1           0.292
2           0.214
3           0.183
4           0.131
5           0.19
6           0.152
7           0.167
8           0.257



st(j, m) - Setup times for producing a lot of item j on machine m. The setup times are period-independent.


1           1           83.07
1           2           40.824
1           3           88.355
1           4           71.193
2           1           77.89
2           2           66.577
2           3           76.155
2           4           47.217
3           1           51.149
3           2           48.934
3           3           92.029
3           4           31.929
4           1           97.669
4           2           42.244
4           3           95.961
4           4           84.386
5           1           36.569
5           2           55.975
5           3           63.876
5           4           35.853
6           1           68.436
6           2           38.459
6           3           37.865
6           4           51.878
7           1           88.064
7           2           43.182
7           3           49.498
7           4           66.283
8           1           64.398
8           2           38.665
8           3           55.119
8           4           84.198



se(j, m) - Setup emission for producing a lot of item j on machine m. The setup emission are period-independent.


1           1           29.722
1           2           5.371
1           3           19.423
1           4           8.761
2           1           22.953
2           2           11.599
2           3           17.784
2           4           2.827
3           1           20.01
3           2           19.296
3           3           15.61
3           4           4.954
4           1           39.453
4           2           5.512
4           3           21.682
4           4           8.586
5           1           20.781
5           2           12.991
5           3           8.858
5           4           7.334
6           1           24.993
6           2           19.508
6           3           23.506
6           4           4.501
7           1           22.882
7           2           14.361
7           3           17.11
7           4           9.788
8           1           33.472
8           2           14.698
8           3           20.777
8           4           7.33



sc(j, m) - Setup costs for producing a lot of item j on machine m. The setup costs are period-independent.


1           1           16563.213
1           2           33126.427
1           3           22084.284
1           4           66252.853
2           1           11974.013
2           2           23948.027
2           3           15965.351
2           4           47896.053
3           1           10662.19
3           2           21324.38
3           3           14216.253
3           4           42648.76
4           1           8069.6
4           2           16139.2
4           3           10759.467
4           4           32278.4
5           1           10582.367
5           2           21164.733
5           3           14109.822
5           4           42329.467
6           1           8856.027
6           2           17712.053
6           3           11808.036
6           4           35424.107
7           1           10072.883
7           2           20145.767
7           3           13430.511
7           4           40291.533
8           1           17414.32
8           2           34828.64
8           3           23219.093
8           4           69657.28



bc(m) - Fixed investment cost for machine m.


1           3135.1308522444015
2           8860.71869469151
3           5269.771914273781
4           9621.978753705369



ca(m, t) - The available capacity of machine m in period t.


1           1           283.35319833333335
1           2           283.35319833333335
1           3           283.35319833333335
1           4           283.35319833333335
1           5           283.35319833333335
1           6           283.35319833333335
2           1           283.35319833333335
2           2           283.35319833333335
2           3           283.35319833333335
2           4           283.35319833333335
2           5           283.35319833333335
2           6           283.35319833333335
3           1           283.35319833333335
3           2           283.35319833333335
3           3           283.35319833333335
3           4           283.35319833333335
3           5           283.35319833333335
3           6           283.35319833333335
4           1           283.35319833333335
4           2           283.35319833333335
4           3           283.35319833333335
4           4           283.35319833333335
4           5           283.35319833333335
4           6           283.35319833333335



em(t) - The limits of carbon emissions in period t.


1           240.79766666666666
2           240.79766666666666
3           240.79766666666666
4           240.79766666666666
5           240.79766666666666
6           240.79766666666666
