Information for the currently-owned machines and the machines that may be purchased: if 1, the machine can be purchased, otherwise currently-owned.


1           0.0
2           0.0
3           1.0
4           0.0



item_machine_arc(j, m) - The relationship arc between item j and machine m, i.e., machine m is capable of producing item j if item_machine_arc(j, m) = 1.


1           1           0.0
1           2           0.0
1           3           1.0
1           4           1.0
2           1           1.0
2           2           0.0
2           3           0.0
2           4           1.0
3           1           1.0
3           2           1.0
3           3           1.0
3           4           1.0
4           1           1.0
4           2           0.0
4           3           1.0
4           4           0.0
5           1           1.0
5           2           1.0
5           3           1.0
5           4           1.0
6           1           0.0
6           2           1.0
6           3           0.0
6           4           0.0
7           1           0.0
7           2           0.0
7           3           1.0
7           4           1.0
8           1           1.0
8           2           1.0
8           3           1.0
8           4           0.0



d(j, t) - Gross demand for item j in period t.


1           1           47
1           2           35
1           3           40
1           4           38
1           5           32
1           6           42
2           1           38
2           2           45
2           3           36
2           4           49
2           5           49
2           6           42
3           1           41
3           2           48
3           3           33
3           4           42
3           5           50
3           6           33
4           1           36
4           2           34
4           3           35
4           4           44
4           5           30
4           6           30
5           1           37
5           2           43
5           3           36
5           4           34
5           5           35
5           6           49
6           1           40
6           2           32
6           3           39
6           4           35
6           5           34
6           6           31
7           1           43
7           2           50
7           3           41
7           4           30
7           5           48
7           6           40
8           1           41
8           2           38
8           3           32
8           4           44
8           5           30
8           6           43



pt(j, m) - Time required to produce one unit of item j on machine m. The production time is period-independent.


1           1           1.469
1           2           0.61
1           3           1.194
1           4           1.431
2           1           0.826
2           2           0.67
2           3           1.084
2           4           0.507
3           1           0.828
3           2           1.123
3           3           1.094
3           4           0.683
4           1           0.876
4           2           0.804
4           3           0.945
4           4           0.965
5           1           1.433
5           2           0.549
5           3           1.486
5           4           1.211
6           1           0.851
6           2           0.511
6           3           1.229
6           4           0.544
7           1           0.896
7           2           0.766
7           3           0.631
7           4           1.002
8           1           1.064
8           2           1.438
8           3           1.467
8           4           1.162



pc(j, m) - Variable costs of producing one unit of item j on machine m. The production cost is period-independent.


1           1           2.329
1           2           4.375
1           3           2.51
1           4           2.333
2           1           3.23
2           2           4.605
2           3           1.794
2           4           2.439
3           1           3.702
3           2           6.878
3           3           1.608
3           4           2.561
4           1           3.084
4           2           10.092
4           3           2.564
4           4           2.125
5           1           2.682
5           2           7.576
5           3           2.605
5           4           3.09
6           1           1.351
6           2           4.563
6           3           1.219
6           4           4.366
7           1           1.386
7           2           9.812
7           3           2.453
7           4           5.029
8           1           3.984
8           2           11.043
8           3           1.664
8           4           4.328



pe(j, m) - Production emission for producing one unit of item j on machine m. The production emission is period-independent.


1           1           0.356
1           2           0.172
1           3           0.861
1           4           0.355
2           1           0.699
2           2           0.2
2           3           0.557
2           4           0.184
3           1           0.423
3           2           0.221
3           3           0.722
3           4           0.444
4           1           0.242
4           2           0.116
4           3           0.304
4           4           0.443
5           1           0.335
5           2           0.15
5           3           0.618
5           4           0.196
6           1           0.156
6           2           0.154
6           3           0.706
6           4           0.375
7           1           0.396
7           2           0.068
7           3           0.235
7           4           0.242
8           1           0.159
8           2           0.205
8           3           0.371
8           4           0.248



hc(j) - Inventory-holding costs for one unit of item j for one period.


1           0.233
2           0.104
3           0.165
4           0.264
5           0.205
6           0.18
7           0.293
8           0.134



st(j, m) - Setup times for producing a lot of item j on machine m. The setup times are period-independent.


1           1           41.247
1           2           69.054
1           3           78.352
1           4           58.978
2           1           58.609
2           2           34.789
2           3           66.704
2           4           25.517
3           1           40.079
3           2           98.274
3           3           65.186
3           4           88.708
4           1           52.811
4           2           85.957
4           3           32.871
4           4           38.527
5           1           61.189
5           2           79.816
5           3           49.947
5           4           89.135
6           1           61.724
6           2           95.795
6           3           88.617
6           4           26.23
7           1           52.749
7           2           54.381
7           3           36.872
7           4           96.623
8           1           73.154
8           2           99.234
8           3           32.372
8           4           97.727



se(j, m) - Setup emission for producing a lot of item j on machine m. The setup emission are period-independent.


1           1           66.649
1           2           25.967
1           3           77.166
1           4           37.533
2           1           67.673
2           2           18.798
2           3           169.4
2           4           39.512
3           1           136.883
3           2           34.396
3           3           82.448
3           4           81.175
4           1           92.641
4           2           40.116
4           3           90.427
4           4           42.319
5           1           76.018
5           2           30.04
5           3           119.223
5           4           68.046
6           1           146.618
6           2           26.735
6           3           85.165
6           4           34.93
7           1           149.324
7           2           48.908
7           3           137.303
7           4           65.883
8           1           45.914
8           2           30.304
8           3           77.936
8           4           73.628



sc(j, m) - Setup costs for producing a lot of item j on machine m. The setup costs are period-independent.


1           1           18658.64
1           2           55975.92
1           3           13993.98
1           4           27987.96
2           1           9218.098
2           2           27654.293
2           3           6913.573
2           4           13827.147
3           1           13947.267
3           2           41841.8
3           3           10460.45
3           4           20920.9
4           1           18882.453
4           2           56647.36
4           3           14161.84
4           4           28323.68
5           1           16416.4
5           2           49249.2
5           3           12312.3
5           4           24624.6
6           1           12997.6
6           2           38992.8
6           3           9748.2
6           4           19496.4
7           1           25268.32
7           2           75804.96
7           3           18951.24
7           4           37902.48
8           1           10455.573
8           2           31366.72
8           3           7841.68
8           4           15683.36



bc(m) - Fixed investment cost for machine m.


1           2686.3682371717464
2           809.1925335350347
3           2698.5546485844698
4           3406.414039398996



ca(m, t) - The available capacity of machine m in period t.


1           1           288.45367833333336
1           2           288.45367833333336
1           3           288.45367833333336
1           4           288.45367833333336
1           5           288.45367833333336
1           6           288.45367833333336
2           1           288.45367833333336
2           2           288.45367833333336
2           3           288.45367833333336
2           4           288.45367833333336
2           5           288.45367833333336
2           6           288.45367833333336
3           1           288.45367833333336
3           2           288.45367833333336
3           3           288.45367833333336
3           4           288.45367833333336
3           5           288.45367833333336
3           6           288.45367833333336
4           1           288.45367833333336
4           2           288.45367833333336
4           3           288.45367833333336
4           4           288.45367833333336
4           5           288.45367833333336
4           6           288.45367833333336



em(t) - The limits of carbon emissions in period t.


1           582.0250975000001
2           582.0250975000001
3           582.0250975000001
4           582.0250975000001
5           582.0250975000001
6           582.0250975000001
