Information for the currently-owned machines and the machines that may be purchased: if 1, the machine can be purchased, otherwise currently-owned.


1           0.0
2           1.0
3           0.0
4           0.0



item_machine_arc(j, m) - The relationship arc between item j and machine m, i.e., machine m is capable of producing item j if item_machine_arc(j, m) = 1.


1           1           1.0
1           2           1.0
1           3           0.0
1           4           1.0
2           1           0.0
2           2           0.0
2           3           1.0
2           4           0.0
3           1           1.0
3           2           0.0
3           3           0.0
3           4           1.0
4           1           0.0
4           2           1.0
4           3           0.0
4           4           1.0
5           1           1.0
5           2           0.0
5           3           0.0
5           4           1.0
6           1           0.0
6           2           1.0
6           3           1.0
6           4           0.0
7           1           0.0
7           2           0.0
7           3           0.0
7           4           1.0
8           1           1.0
8           2           1.0
8           3           0.0
8           4           1.0



d(j, t) - Gross demand for item j in period t.


1           1           37
1           2           36
1           3           38
1           4           43
1           5           40
1           6           41
2           1           35
2           2           46
2           3           47
2           4           34
2           5           50
2           6           30
3           1           46
3           2           39
3           3           37
3           4           42
3           5           37
3           6           33
4           1           38
4           2           34
4           3           48
4           4           33
4           5           34
4           6           43
5           1           30
5           2           41
5           3           37
5           4           47
5           5           50
5           6           47
6           1           40
6           2           47
6           3           42
6           4           46
6           5           39
6           6           46
7           1           49
7           2           49
7           3           42
7           4           46
7           5           40
7           6           49
8           1           41
8           2           40
8           3           36
8           4           43
8           5           45
8           6           30



pt(j, m) - Time required to produce one unit of item j on machine m. The production time is period-independent.


1           1           1.223
1           2           0.556
1           3           0.542
1           4           1.112
2           1           0.914
2           2           1.431
2           3           1.357
2           4           1.08
3           1           1.264
3           2           1.457
3           3           0.501
3           4           0.59
4           1           1.449
4           2           0.901
4           3           0.563
4           4           1.25
5           1           1.32
5           2           0.734
5           3           1.466
5           4           0.629
6           1           1.026
6           2           0.768
6           3           0.639
6           4           0.582
7           1           0.917
7           2           0.643
7           3           0.706
7           4           1.495
8           1           1.368
8           2           1.287
8           3           1.122
8           4           0.564



pc(j, m) - Variable costs of producing one unit of item j on machine m. The production cost is period-independent.


1           1           2.03
1           2           3.037
1           3           1.878
1           4           4.166
2           1           3.657
2           2           2.837
2           3           2.666
2           4           9.331
3           1           3.41
3           2           2.585
3           3           2.018
3           4           10.154
4           1           3.45
4           2           3.832
4           3           1.306
4           4           9.603
5           1           1.591
5           2           3.969
5           3           2.061
5           4           11.624
6           1           1.89
6           2           5.346
6           3           1.712
6           4           10.811
7           1           3.115
7           2           3.685
7           3           1.534
7           4           6.172
8           1           2.143
8           2           2.923
8           3           1.058
8           4           9.814



pe(j, m) - Production emission for producing one unit of item j on machine m. The production emission is period-independent.


1           1           0.273
1           2           0.203
1           3           0.205
1           4           0.089
2           1           0.429
2           2           0.336
2           3           0.423
2           4           0.194
3           1           0.395
3           2           0.259
3           3           0.218
3           4           0.166
4           1           0.268
4           2           0.208
4           3           0.941
4           4           0.122
5           1           0.736
5           2           0.363
5           3           0.276
5           4           0.246
6           1           0.69
6           2           0.188
6           3           0.223
6           4           0.125
7           1           0.322
7           2           0.154
7           3           0.953
7           4           0.113
8           1           0.343
8           2           0.44
8           3           0.886
8           4           0.229



hc(j) - Inventory-holding costs for one unit of item j for one period.


1           0.295
2           0.228
3           0.266
4           0.107
5           0.224
6           0.214
7           0.299
8           0.269



st(j, m) - Setup times for producing a lot of item j on machine m. The setup times are period-independent.


1           1           35.071
1           2           79.237
1           3           48.432
1           4           71.733
2           1           74.082
2           2           61.101
2           3           39.701
2           4           25.964
3           1           72.569
3           2           41.622
3           3           29.444
3           4           66.859
4           1           70.873
4           2           94.758
4           3           30.511
4           4           33.134
5           1           84.821
5           2           47.17
5           3           64.123
5           4           78.399
6           1           37.281
6           2           80.907
6           3           41.967
6           4           73.81
7           1           68.952
7           2           37.257
7           3           47.204
7           4           81.541
8           1           27.929
8           2           55.41
8           3           49.801
8           4           81.879



se(j, m) - Setup emission for producing a lot of item j on machine m. The setup emission are period-independent.


1           1           12.403
1           2           5.731
1           3           39.874
1           4           4.847
2           1           20.088
2           2           5.796
2           3           17.95
2           4           4.673
3           1           27.428
3           2           5.03
3           3           29.801
3           4           5.491
4           1           28.863
4           2           18.823
4           3           36.836
4           4           2.612
5           1           11.677
5           2           17.744
5           3           23.857
5           4           5.575
6           1           10.772
6           2           15.946
6           3           17.96
6           4           9.201
7           1           10.48
7           2           13.771
7           3           18.231
7           4           3.262
8           1           21.876
8           2           11.652
8           3           16.235
8           4           6.225



sc(j, m) - Setup costs for producing a lot of item j on machine m. The setup costs are period-independent.


1           1           21567.778
1           2           32351.667
1           3           16175.833
1           4           64703.333
2           1           17165.867
2           2           25748.8
2           3           12874.4
2           4           51497.6
3           1           19364.8
3           2           29047.2
3           3           14523.6
3           4           58094.4
4           1           7656.444
4           2           11484.667
4           3           5742.333
4           4           22969.333
5           1           17561.6
5           2           26342.4
5           3           13171.2
5           4           52684.8
6           1           17310.222
6           2           25965.333
6           3           12982.667
6           4           51930.667
7           1           25581.111
7           2           38371.667
7           3           19185.833
7           4           76743.333
8           1           19666.889
8           2           29500.333
8           3           14750.167
8           4           59000.667



bc(m) - Fixed investment cost for machine m.


1           387.22309655733864
2           9123.273622368126
3           2457.519721790345
4           575.0417475724157



ca(m, t) - The available capacity of machine m in period t.


1           1           312.79185259259265
1           2           312.79185259259265
1           3           312.79185259259265
1           4           312.79185259259265
1           5           312.79185259259265
1           6           312.79185259259265
2           1           312.79185259259265
2           2           312.79185259259265
2           3           312.79185259259265
2           4           312.79185259259265
2           5           312.79185259259265
2           6           312.79185259259265
3           1           312.79185259259265
3           2           312.79185259259265
3           3           312.79185259259265
3           4           312.79185259259265
3           5           312.79185259259265
3           6           312.79185259259265
4           1           312.79185259259265
4           2           312.79185259259265
4           3           312.79185259259265
4           4           312.79185259259265
4           5           312.79185259259265
4           6           312.79185259259265



em(t) - The limits of carbon emissions in period t.


1           191.88392222222222
2           191.88392222222222
3           191.88392222222222
4           191.88392222222222
5           191.88392222222222
6           191.88392222222222
