Information for the currently-owned machines and the machines that may be purchased: if 1, the machine can be purchased, otherwise currently-owned.


1           0.0
2           0.0
3           1.0
4           0.0



item_machine_arc(j, m) - The relationship arc between item j and machine m, i.e., machine m is capable of producing item j if item_machine_arc(j, m) = 1.


1           1           1.0
1           2           1.0
1           3           0.0
1           4           1.0
2           1           1.0
2           2           1.0
2           3           0.0
2           4           1.0
3           1           0.0
3           2           0.0
3           3           1.0
3           4           0.0
4           1           1.0
4           2           1.0
4           3           1.0
4           4           1.0
5           1           0.0
5           2           1.0
5           3           0.0
5           4           1.0
6           1           0.0
6           2           0.0
6           3           0.0
6           4           1.0
7           1           0.0
7           2           1.0
7           3           1.0
7           4           0.0
8           1           1.0
8           2           1.0
8           3           0.0
8           4           1.0



d(j, t) - Gross demand for item j in period t.


1           1           46
1           2           41
1           3           40
1           4           45
1           5           49
1           6           48
2           1           49
2           2           42
2           3           50
2           4           38
2           5           39
2           6           50
3           1           39
3           2           48
3           3           31
3           4           35
3           5           42
3           6           48
4           1           47
4           2           33
4           3           45
4           4           36
4           5           40
4           6           45
5           1           37
5           2           44
5           3           38
5           4           45
5           5           47
5           6           47
6           1           32
6           2           50
6           3           30
6           4           33
6           5           41
6           6           44
7           1           37
7           2           35
7           3           34
7           4           50
7           5           43
7           6           37
8           1           47
8           2           31
8           3           49
8           4           47
8           5           50
8           6           36



pt(j, m) - Time required to produce one unit of item j on machine m. The production time is period-independent.


1           1           0.705
1           2           1.123
1           3           0.96
1           4           1.124
2           1           1.269
2           2           0.805
2           3           1.411
2           4           1.222
3           1           0.539
3           2           0.966
3           3           1.09
3           4           0.586
4           1           0.61
4           2           0.93
4           3           0.982
4           4           1.27
5           1           1.478
5           2           1.164
5           3           1.03
5           4           1.187
6           1           1.125
6           2           0.764
6           3           0.531
6           4           0.658
7           1           0.809
7           2           1.108
7           3           0.535
7           4           0.891
8           1           0.644
8           2           1.392
8           3           1.183
8           4           1.148



pc(j, m) - Variable costs of producing one unit of item j on machine m. The production cost is period-independent.


1           1           1.637
1           2           5.527
1           3           1.289
1           4           8.378
2           1           1.704
2           2           2.466
2           3           2.911
2           4           5.101
3           1           3.622
3           2           4.233
3           3           1.71
3           4           11.66
4           1           2.261
4           2           3.283
4           3           2.086
4           4           5.754
5           1           1.399
5           2           4.187
5           3           2.706
5           4           9.364
6           1           1.773
6           2           5.721
6           3           1.899
6           4           5.116
7           1           2.219
7           2           2.142
7           3           2.896
7           4           9.915
8           1           3.319
8           2           5.71
8           3           2.987
8           4           5.186



pe(j, m) - Production emission for producing one unit of item j on machine m. The production emission is period-independent.


1           1           0.723
1           2           0.148
1           3           0.674
1           4           0.131
2           1           0.534
2           2           0.175
2           3           0.488
2           4           0.138
3           1           0.278
3           2           0.36
3           3           0.322
3           4           0.225
4           1           0.36
4           2           0.356
4           3           0.897
4           4           0.187
5           1           0.673
5           2           0.455
5           3           0.319
5           4           0.193
6           1           0.689
6           2           0.29
6           3           0.211
6           4           0.134
7           1           0.703
7           2           0.245
7           3           0.934
7           4           0.247
8           1           0.474
8           2           0.427
8           3           0.608
8           4           0.104



hc(j) - Inventory-holding costs for one unit of item j for one period.


1           0.141
2           0.227
3           0.178
4           0.248
5           0.137
6           0.13
7           0.254
8           0.228



st(j, m) - Setup times for producing a lot of item j on machine m. The setup times are period-independent.


1           1           64.196
1           2           63.322
1           3           81.91
1           4           49.088
2           1           40.864
2           2           99.983
2           3           73.16
2           4           68.656
3           1           37.157
3           2           47.922
3           3           55.108
3           4           78.899
4           1           29.722
4           2           39.479
4           3           89.174
4           4           35.901
5           1           27.634
5           2           84.98
5           3           66.114
5           4           47.008
6           1           82.424
6           2           42.326
6           3           48.989
6           4           41.1
7           1           49.358
7           2           94.54
7           3           47.153
7           4           54.454
8           1           56.947
8           2           83.261
8           3           73.548
8           4           44.644



se(j, m) - Setup emission for producing a lot of item j on machine m. The setup emission are period-independent.


1           1           66.218
1           2           96.215
1           3           134.045
1           4           47.255
2           1           87.117
2           2           74.64
2           3           127.9
2           4           19.308
3           1           101.386
3           2           25.5
3           3           95.793
3           4           19.884
4           1           102.216
4           2           28.923
4           3           52.418
4           4           25.255
5           1           38.264
5           2           35.318
5           3           99.678
5           4           45.805
6           1           117.464
6           2           72.89
6           3           58.39
6           4           18.963
7           1           141.521
7           2           49.879
7           3           149.671
7           4           17.8
8           1           59.374
8           2           80.568
8           3           119.17
8           4           14.24



sc(j, m) - Setup costs for producing a lot of item j on machine m. The setup costs are period-independent.


1           1           12980.147
1           2           19470.22
1           3           9735.11
1           4           38940.44
2           1           20819.431
2           2           31229.147
2           3           15614.573
2           4           62458.293
3           1           14802.48
3           2           22203.72
3           3           11101.86
3           4           44407.44
4           1           20878.293
4           2           31317.44
4           3           15658.72
4           4           62634.88
5           1           12096.187
5           2           18144.28
5           3           9072.14
5           4           36288.56
6           1           10232.444
6           2           15348.667
6           3           7674.333
6           4           30697.333
7           1           20514.169
7           2           30771.253
7           3           15385.627
7           4           61542.507
8           1           20286.933
8           2           30430.4
8           3           15215.2
8           4           60860.8



bc(m) - Fixed investment cost for machine m.


1           3550.082053290036
2           4752.8328542548725
3           1882.8567132377416
4           1157.8878356764656



ca(m, t) - The available capacity of machine m in period t.


1           1           264.2476537037037
1           2           264.2476537037037
1           3           264.2476537037037
1           4           264.2476537037037
1           5           264.2476537037037
1           6           264.2476537037037
2           1           264.2476537037037
2           2           264.2476537037037
2           3           264.2476537037037
2           4           264.2476537037037
2           5           264.2476537037037
2           6           264.2476537037037
3           1           264.2476537037037
3           2           264.2476537037037
3           3           264.2476537037037
3           4           264.2476537037037
3           5           264.2476537037037
3           6           264.2476537037037
4           1           264.2476537037037
4           2           264.2476537037037
4           3           264.2476537037037
4           4           264.2476537037037
4           5           264.2476537037037
4           6           264.2476537037037



em(t) - The limits of carbon emissions in period t.


1           554.8909605555555
2           554.8909605555555
3           554.8909605555555
4           554.8909605555555
5           554.8909605555555
6           554.8909605555555
