Information for the currently-owned machines and the machines that may be purchased: if 1, the machine can be purchased, otherwise currently-owned.


1           1.0
2           0.0
3           0.0
4           0.0



item_machine_arc(j, m) - The relationship arc between item j and machine m, i.e., machine m is capable of producing item j if item_machine_arc(j, m) = 1.


1           1           1.0
1           2           1.0
1           3           1.0
1           4           1.0
2           1           1.0
2           2           1.0
2           3           1.0
2           4           0.0
3           1           0.0
3           2           0.0
3           3           1.0
3           4           0.0
4           1           1.0
4           2           0.0
4           3           0.0
4           4           1.0
5           1           0.0
5           2           0.0
5           3           1.0
5           4           0.0
6           1           0.0
6           2           0.0
6           3           0.0
6           4           1.0
7           1           0.0
7           2           1.0
7           3           0.0
7           4           0.0
8           1           1.0
8           2           1.0
8           3           1.0
8           4           1.0



d(j, t) - Gross demand for item j in period t.


1           1           42
1           2           34
1           3           49
1           4           44
1           5           46
1           6           48
2           1           35
2           2           33
2           3           49
2           4           40
2           5           32
2           6           44
3           1           33
3           2           43
3           3           30
3           4           36
3           5           39
3           6           37
4           1           37
4           2           36
4           3           39
4           4           39
4           5           45
4           6           32
5           1           43
5           2           35
5           3           33
5           4           40
5           5           48
5           6           35
6           1           40
6           2           48
6           3           30
6           4           50
6           5           40
6           6           33
7           1           41
7           2           50
7           3           38
7           4           38
7           5           37
7           6           45
8           1           33
8           2           35
8           3           46
8           4           42
8           5           45
8           6           44



pt(j, m) - Time required to produce one unit of item j on machine m. The production time is period-independent.


1           1           1.444
1           2           1.3
1           3           0.755
1           4           1.486
2           1           1.453
2           2           1.073
2           3           1.021
2           4           0.63
3           1           1.115
3           2           0.649
3           3           1.469
3           4           1.484
4           1           0.903
4           2           0.741
4           3           0.663
4           4           0.839
5           1           1.07
5           2           1.169
5           3           0.521
5           4           0.621
6           1           0.821
6           2           0.822
6           3           1.116
6           4           0.796
7           1           0.65
7           2           0.52
7           3           1.426
7           4           0.662
8           1           0.913
8           2           0.736
8           3           1.435
8           4           1.322



pc(j, m) - Variable costs of producing one unit of item j on machine m. The production cost is period-independent.


1           1           1.75
1           2           5.686
1           3           2.797
1           4           2.562
2           1           1.615
2           2           9.622
2           3           1.694
2           4           4.801
3           1           1.914
3           2           9.057
3           3           4.0
3           4           5.225
4           1           2.097
4           2           10.505
4           3           1.981
4           4           2.46
5           1           2.039
5           2           11.362
5           3           1.779
5           4           3.984
6           1           2.319
6           2           10.536
6           3           1.351
6           4           3.875
7           1           1.261
7           2           4.604
7           3           2.773
7           4           4.416
8           1           2.805
8           2           8.987
8           3           2.305
8           4           3.051



pe(j, m) - Production emission for producing one unit of item j on machine m. The production emission is period-independent.


1           1           1.454
1           2           0.459
1           3           0.751
1           4           0.846
2           1           3.78
2           2           0.544
2           3           1.921
2           4           0.83
3           1           1.255
3           2           0.588
3           3           1.011
3           4           2.121
4           1           2.807
4           2           0.261
4           3           3.639
4           4           2.216
5           1           4.632
5           2           1.107
5           3           1.779
5           4           1.122
6           1           4.509
6           2           0.445
6           3           2.202
6           4           1.165
7           1           4.364
7           2           1.139
7           3           1.628
7           4           0.513
8           1           1.108
8           2           0.657
8           3           1.87
8           4           0.871



hc(j) - Inventory-holding costs for one unit of item j for one period.


1           0.223
2           0.171
3           0.13
4           0.241
5           0.234
6           0.146
7           0.116
8           0.214



st(j, m) - Setup times for producing a lot of item j on machine m. The setup times are period-independent.


1           1           17.106
1           2           17.247
1           3           11.537
1           4           9.195
2           1           18.329
2           2           12.385
2           3           14.622
2           4           19.163
3           1           16.508
3           2           16.878
3           3           14.199
3           4           18.62
4           1           6.542
4           2           7.3
4           3           19.981
4           4           7.515
5           1           17.69
5           2           16.591
5           3           16.215
5           4           11.301
6           1           15.413
6           2           8.911
6           3           5.947
6           4           8.218
7           1           10.175
7           2           16.872
7           3           17.895
7           4           17.485
8           1           12.156
8           2           5.801
8           3           9.063
8           4           13.999



se(j, m) - Setup emission for producing a lot of item j on machine m. The setup emission are period-independent.


1           1           18.185
1           2           8.013
1           3           24.376
1           4           5.228
2           1           16.988
2           2           4.743
2           3           20.344
2           4           9.31
3           1           30.802
3           2           8.044
3           3           11.542
3           4           7.759
4           1           10.556
4           2           9.866
4           3           28.231
4           4           6.188
5           1           26.324
5           2           8.981
5           3           25.141
5           4           15.792
6           1           21.131
6           2           4.718
6           3           27.173
6           4           10.84
7           1           13.473
7           2           4.267
7           3           11.921
7           4           15.58
8           1           39.685
8           2           6.711
8           3           28.416
8           4           14.136



sc(j, m) - Setup costs for producing a lot of item j on machine m. The setup costs are period-independent.


1           1           15053.243
1           2           60212.973
1           3           20070.991
1           4           30106.487
2           1           10226.37
2           2           40905.48
2           3           13635.16
2           4           20452.74
3           1           7273.933
3           2           29095.733
3           3           9698.578
3           4           14547.867
4           1           14103.32
4           2           56413.28
4           3           18804.427
4           4           28206.64
5           1           14054.04
5           2           56216.16
5           3           18738.72
5           4           28108.08
6           1           9031.073
6           2           36124.293
6           3           12041.431
6           4           18062.147
7           1           7413.56
7           2           29654.24
7           3           9884.747
7           4           14827.12
8           1           13457.033
8           2           53828.133
8           3           17942.711
8           4           26914.067



bc(m) - Fixed investment cost for machine m.


1           197.1731976637231
2           878.4677665479079
3           6526.714829975635
4           6069.045100758216



ca(m, t) - The available capacity of machine m in period t.


1           1           183.1048378703704
1           2           183.1048378703704
1           3           183.1048378703704
1           4           183.1048378703704
1           5           183.1048378703704
1           6           183.1048378703704
2           1           183.1048378703704
2           2           183.1048378703704
2           3           183.1048378703704
2           4           183.1048378703704
2           5           183.1048378703704
2           6           183.1048378703704
3           1           183.1048378703704
3           2           183.1048378703704
3           3           183.1048378703704
3           4           183.1048378703704
3           5           183.1048378703704
3           6           183.1048378703704
4           1           183.1048378703704
4           2           183.1048378703704
4           3           183.1048378703704
4           4           183.1048378703704
4           5           183.1048378703704
4           6           183.1048378703704



em(t) - The limits of carbon emissions in period t.


1           794.7962672222221
2           794.7962672222221
3           794.7962672222221
4           794.7962672222221
5           794.7962672222221
6           794.7962672222221
