Information for the currently-owned machines and the machines that may be purchased: if 1, the machine can be purchased, otherwise currently-owned.


1           0.0
2           0.0
3           0.0
4           1.0



item_machine_arc(j, m) - The relationship arc between item j and machine m, i.e., machine m is capable of producing item j if item_machine_arc(j, m) = 1.


1           1           1.0
1           2           1.0
1           3           1.0
1           4           1.0
2           1           1.0
2           2           1.0
2           3           1.0
2           4           1.0
3           1           1.0
3           2           0.0
3           3           1.0
3           4           0.0
4           1           1.0
4           2           1.0
4           3           1.0
4           4           1.0
5           1           0.0
5           2           0.0
5           3           0.0
5           4           1.0
6           1           1.0
6           2           1.0
6           3           1.0
6           4           1.0
7           1           1.0
7           2           0.0
7           3           0.0
7           4           1.0
8           1           0.0
8           2           1.0
8           3           1.0
8           4           0.0



d(j, t) - Gross demand for item j in period t.


1           1           33
1           2           44
1           3           46
1           4           34
1           5           41
1           6           50
2           1           41
2           2           43
2           3           43
2           4           44
2           5           42
2           6           30
3           1           49
3           2           50
3           3           40
3           4           42
3           5           36
3           6           34
4           1           50
4           2           43
4           3           39
4           4           41
4           5           30
4           6           50
5           1           42
5           2           50
5           3           30
5           4           41
5           5           33
5           6           44
6           1           48
6           2           34
6           3           32
6           4           31
6           5           41
6           6           38
7           1           48
7           2           40
7           3           37
7           4           30
7           5           44
7           6           33
8           1           49
8           2           32
8           3           43
8           4           41
8           5           50
8           6           34



pt(j, m) - Time required to produce one unit of item j on machine m. The production time is period-independent.


1           1           0.86
1           2           0.905
1           3           1.383
1           4           1.243
2           1           1.082
2           2           0.554
2           3           0.801
2           4           0.961
3           1           1.053
3           2           1.262
3           3           0.793
3           4           1.192
4           1           1.377
4           2           0.705
4           3           1.353
4           4           1.29
5           1           1.42
5           2           1.043
5           3           0.74
5           4           0.684
6           1           0.724
6           2           0.86
6           3           1.205
6           4           1.414
7           1           1.266
7           2           1.241
7           3           0.913
7           4           1.039
8           1           0.835
8           2           1.402
8           3           1.311
8           4           1.349



pc(j, m) - Variable costs of producing one unit of item j on machine m. The production cost is period-independent.


1           1           3.512
1           2           5.025
1           3           7.899
1           4           1.765
2           1           2.938
2           2           4.87
2           3           7.865
2           4           1.238
3           1           1.495
3           2           4.306
3           3           5.646
3           4           2.254
4           1           2.38
4           2           5.157
4           3           11.368
4           4           2.218
5           1           3.851
5           2           5.746
5           3           9.885
5           4           2.858
6           1           3.012
6           2           2.504
6           3           8.442
6           4           1.906
7           1           3.137
7           2           4.111
7           3           5.549
7           4           2.402
8           1           2.699
8           2           2.126
8           3           4.412
8           4           1.342



pe(j, m) - Production emission for producing one unit of item j on machine m. The production emission is period-independent.


1           1           1.68
1           2           2.238
1           3           0.919
1           4           3.918
2           1           3.661
2           2           1.553
2           3           0.403
2           4           2.83
3           1           3.277
3           2           0.907
3           3           0.803
3           4           4.759
4           1           3.22
4           2           0.502
4           3           1.171
4           4           3.367
5           1           2.74
5           2           2.499
5           3           0.272
5           4           4.148
6           1           0.756
6           2           1.826
6           3           0.261
6           4           4.675
7           1           1.708
7           2           1.672
7           3           0.897
7           4           4.025
8           1           2.038
8           2           1.459
8           3           0.837
8           4           4.002



hc(j) - Inventory-holding costs for one unit of item j for one period.


1           0.24
2           0.294
3           0.228
4           0.261
5           0.252
6           0.213
7           0.171
8           0.244



st(j, m) - Setup times for producing a lot of item j on machine m. The setup times are period-independent.


1           1           45.311
1           2           44.264
1           3           75.837
1           4           78.592
2           1           68.213
2           2           74.739
2           3           59.646
2           4           27.863
3           1           44.273
3           2           36.233
3           3           81.701
3           4           50.408
4           1           65.346
4           2           57.885
4           3           87.735
4           4           74.762
5           1           85.927
5           2           90.311
5           3           62.652
5           4           98.805
6           1           39.181
6           2           31.298
6           3           46.097
6           4           95.437
7           1           45.158
7           2           42.938
7           3           28.919
7           4           68.144
8           1           84.368
8           2           42.896
8           3           26.242
8           4           40.553



se(j, m) - Setup emission for producing a lot of item j on machine m. The setup emission are period-independent.


1           1           22.061
1           2           9.661
1           3           5.836
1           4           16.69
2           1           18.596
2           2           13.134
2           3           2.802
2           4           15.706
3           1           27.065
3           2           14.068
3           3           4.161
3           4           32.186
4           1           23.777
4           2           17.879
4           3           8.777
4           4           21.935
5           1           23.97
5           2           9.771
5           3           3.823
5           4           34.898
6           1           12.225
6           2           18.337
6           3           8.876
6           4           13.311
7           1           18.628
7           2           15.532
7           3           5.74
7           4           24.882
8           1           25.638
8           2           10.01
8           3           2.857
8           4           28.136



sc(j, m) - Setup costs for producing a lot of item j on machine m. The setup costs are period-independent.


1           1           20369.067
1           2           30553.6
1           3           61107.2
1           4           15276.8
2           1           24449.04
2           2           36673.56
2           3           73347.12
2           4           18336.78
3           1           19584.693
3           2           29377.04
3           3           58754.08
3           4           14688.52
4           1           22597.96
4           2           33896.94
4           3           67793.88
4           4           16948.47
5           1           20697.6
5           2           31046.4
5           3           62092.8
5           4           15523.2
6           1           16328.107
6           2           24492.16
6           3           48984.32
6           4           12246.08
7           1           13576.64
7           2           20364.96
7           3           40729.92
7           4           10182.48
8           1           20792.053
8           2           31188.08
8           3           62376.16
8           4           15594.04



bc(m) - Fixed investment cost for machine m.


1           6101.731835055803
2           9322.4023894516
3           10072.59217937715
4           3312.3562920659238



ca(m, t) - The available capacity of machine m in period t.


1           1           272.38296944444437
1           2           272.38296944444437
1           3           272.38296944444437
1           4           272.38296944444437
1           5           272.38296944444437
1           6           272.38296944444437
2           1           272.38296944444437
2           2           272.38296944444437
2           3           272.38296944444437
2           4           272.38296944444437
2           5           272.38296944444437
2           6           272.38296944444437
3           1           272.38296944444437
3           2           272.38296944444437
3           3           272.38296944444437
3           4           272.38296944444437
3           5           272.38296944444437
3           6           272.38296944444437
4           1           272.38296944444437
4           2           272.38296944444437
4           3           272.38296944444437
4           4           272.38296944444437
4           5           272.38296944444437
4           6           272.38296944444437



em(t) - The limits of carbon emissions in period t.


1           1135.4371
2           1135.4371
3           1135.4371
4           1135.4371
5           1135.4371
6           1135.4371
