Information for the currently-owned machines and the machines that may be purchased: if 1, the machine can be purchased, otherwise currently-owned.


1           0.0
2           1.0
3           0.0
4           0.0



item_machine_arc(j, m) - The relationship arc between item j and machine m, i.e., machine m is capable of producing item j if item_machine_arc(j, m) = 1.


1           1           1.0
1           2           1.0
1           3           1.0
1           4           0.0
2           1           0.0
2           2           0.0
2           3           1.0
2           4           0.0
3           1           0.0
3           2           1.0
3           3           0.0
3           4           0.0
4           1           1.0
4           2           1.0
4           3           1.0
4           4           1.0
5           1           0.0
5           2           0.0
5           3           0.0
5           4           1.0
6           1           1.0
6           2           0.0
6           3           0.0
6           4           1.0
7           1           1.0
7           2           1.0
7           3           1.0
7           4           1.0
8           1           1.0
8           2           0.0
8           3           1.0
8           4           1.0



d(j, t) - Gross demand for item j in period t.


1           1           42
1           2           43
1           3           39
1           4           44
1           5           48
1           6           50
2           1           38
2           2           49
2           3           46
2           4           34
2           5           48
2           6           43
3           1           42
3           2           31
3           3           34
3           4           32
3           5           47
3           6           46
4           1           43
4           2           32
4           3           31
4           4           30
4           5           39
4           6           44
5           1           40
5           2           31
5           3           36
5           4           36
5           5           42
5           6           48
6           1           30
6           2           35
6           3           36
6           4           47
6           5           32
6           6           39
7           1           39
7           2           45
7           3           50
7           4           45
7           5           49
7           6           44
8           1           44
8           2           35
8           3           42
8           4           42
8           5           32
8           6           35



pt(j, m) - Time required to produce one unit of item j on machine m. The production time is period-independent.


1           1           1.249
1           2           1.233
1           3           1.394
1           4           1.5
2           1           0.576
2           2           0.81
2           3           1.046
2           4           1.06
3           1           0.538
3           2           0.933
3           3           0.815
3           4           1.449
4           1           0.567
4           2           1.377
4           3           0.583
4           4           0.633
5           1           1.085
5           2           1.228
5           3           1.35
5           4           1.208
6           1           0.784
6           2           1.072
6           3           0.654
6           4           0.927
7           1           1.35
7           2           1.217
7           3           1.084
7           4           1.018
8           1           1.015
8           2           0.664
8           3           1.23
8           4           1.332



pc(j, m) - Variable costs of producing one unit of item j on machine m. The production cost is period-independent.


1           1           2.727
1           2           4.178
1           3           2.302
1           4           7.723
2           1           1.307
2           2           2.39
2           3           1.674
2           4           7.942
3           1           2.547
3           2           2.112
3           3           2.249
3           4           10.107
4           1           2.245
4           2           3.831
4           3           2.247
4           4           5.989
5           1           1.044
5           2           3.693
5           3           3.791
5           4           5.593
6           1           2.638
6           2           2.897
6           3           3.486
6           4           7.341
7           1           2.643
7           2           4.877
7           3           1.497
7           4           9.804
8           1           2.47
8           2           2.877
8           3           2.589
8           4           5.033



pe(j, m) - Production emission for producing one unit of item j on machine m. The production emission is period-independent.


1           1           0.85
1           2           0.429
1           3           0.392
1           4           0.199
2           1           0.989
2           2           0.238
2           3           0.235
2           4           0.24
3           1           0.966
3           2           0.228
3           3           0.687
3           4           0.17
4           1           0.852
4           2           0.133
4           3           0.649
4           4           0.222
5           1           0.851
5           2           0.305
5           3           0.41
5           4           0.057
6           1           0.812
6           2           0.254
6           3           0.727
6           4           0.211
7           1           0.581
7           2           0.161
7           3           0.153
7           4           0.104
8           1           0.261
8           2           0.262
8           3           0.662
8           4           0.116



hc(j) - Inventory-holding costs for one unit of item j for one period.


1           0.177
2           0.157
3           0.209
4           0.232
5           0.134
6           0.145
7           0.102
8           0.169



st(j, m) - Setup times for producing a lot of item j on machine m. The setup times are period-independent.


1           1           5.22
1           2           9.953
1           3           11.853
1           4           12.832
2           1           8.334
2           2           11.112
2           3           5.557
2           4           10.379
3           1           18.462
3           2           16.264
3           3           17.134
3           4           19.857
4           1           10.282
4           2           5.134
4           3           11.623
4           4           18.823
5           1           6.459
5           2           5.947
5           3           13.349
5           4           9.804
6           1           8.398
6           2           13.263
6           3           14.721
6           4           8.432
7           1           16.405
7           2           15.49
7           3           11.438
7           4           7.211
8           1           8.498
8           2           8.686
8           3           15.574
8           4           14.555



se(j, m) - Setup emission for producing a lot of item j on machine m. The setup emission are period-independent.


1           1           19.925
1           2           7.764
1           3           14.543
1           4           6.444
2           1           26.301
2           2           13.535
2           3           8.62
2           4           4.318
3           1           39.093
3           2           14.96
3           3           28.639
3           4           3.339
4           1           35.978
4           2           8.355
4           3           29.76
4           4           6.741
5           1           32.955
5           2           18.693
5           3           7.557
5           4           4.69
6           1           39.611
6           2           5.38
6           3           26.184
6           4           3.725
7           1           12.773
7           2           5.492
7           3           16.493
7           4           9.357
8           1           34.392
8           2           8.109
8           3           20.21
8           4           4.391



sc(j, m) - Setup costs for producing a lot of item j on machine m. The setup costs are period-independent.


1           1           10985.8
1           2           21971.6
1           3           14647.733
1           4           43943.2
2           1           9451.4
2           2           18902.8
2           3           12601.867
2           4           37805.6
3           1           11313.867
3           2           22627.733
3           3           15085.156
3           4           45255.467
4           1           11855.2
4           2           23710.4
4           3           15806.933
4           4           47420.8
5           1           7285.133
5           2           14570.267
5           3           9713.511
5           4           29140.533
6           1           7409.5
6           2           14819.0
6           3           9879.333
6           4           29638.0
7           1           6473.6
7           2           12947.2
7           3           8631.467
7           4           25894.4
8           1           9069.667
8           2           18139.333
8           3           12092.889
8           4           36278.667



bc(m) - Fixed investment cost for machine m.


1           4858.758834316368
2           9589.879163359032
3           3369.8549188585716
4           3992.6279178511236



ca(m, t) - The available capacity of machine m in period t.


1           1           180.57127407407407
1           2           180.57127407407407
1           3           180.57127407407407
1           4           180.57127407407407
1           5           180.57127407407407
1           6           180.57127407407407
2           1           180.57127407407407
2           2           180.57127407407407
2           3           180.57127407407407
2           4           180.57127407407407
2           5           180.57127407407407
2           6           180.57127407407407
3           1           180.57127407407407
3           2           180.57127407407407
3           3           180.57127407407407
3           4           180.57127407407407
3           5           180.57127407407407
3           6           180.57127407407407
4           1           180.57127407407407
4           2           180.57127407407407
4           3           180.57127407407407
4           4           180.57127407407407
4           5           180.57127407407407
4           6           180.57127407407407



em(t) - The limits of carbon emissions in period t.


1           228.88668055555553
2           228.88668055555553
3           228.88668055555553
4           228.88668055555553
5           228.88668055555553
6           228.88668055555553
