Information for the currently-owned machines and the machines that may be purchased: if 1, the machine can be purchased, otherwise currently-owned.


1           1.0
2           0.0
3           0.0
4           0.0



item_machine_arc(j, m) - The relationship arc between item j and machine m, i.e., machine m is capable of producing item j if item_machine_arc(j, m) = 1.


1           1           0.0
1           2           0.0
1           3           1.0
1           4           0.0
2           1           1.0
2           2           1.0
2           3           1.0
2           4           1.0
3           1           0.0
3           2           0.0
3           3           1.0
3           4           0.0
4           1           0.0
4           2           1.0
4           3           0.0
4           4           0.0
5           1           1.0
5           2           0.0
5           3           0.0
5           4           0.0
6           1           1.0
6           2           0.0
6           3           1.0
6           4           0.0
7           1           1.0
7           2           0.0
7           3           1.0
7           4           1.0
8           1           1.0
8           2           1.0
8           3           1.0
8           4           1.0



d(j, t) - Gross demand for item j in period t.


1           1           35
1           2           35
1           3           44
1           4           44
1           5           41
1           6           50
2           1           43
2           2           39
2           3           31
2           4           40
2           5           30
2           6           40
3           1           39
3           2           46
3           3           33
3           4           41
3           5           42
3           6           45
4           1           45
4           2           49
4           3           36
4           4           38
4           5           41
4           6           50
5           1           31
5           2           47
5           3           47
5           4           36
5           5           50
5           6           38
6           1           50
6           2           32
6           3           33
6           4           41
6           5           46
6           6           44
7           1           50
7           2           44
7           3           39
7           4           48
7           5           40
7           6           38
8           1           30
8           2           47
8           3           41
8           4           46
8           5           38
8           6           39



pt(j, m) - Time required to produce one unit of item j on machine m. The production time is period-independent.


1           1           0.886
1           2           1.048
1           3           1.121
1           4           1.391
2           1           0.921
2           2           0.531
2           3           1.074
2           4           0.518
3           1           0.89
3           2           1.249
3           3           1.236
3           4           0.917
4           1           0.798
4           2           0.629
4           3           0.655
4           4           1.27
5           1           0.832
5           2           1.01
5           3           0.592
5           4           1.043
6           1           1.023
6           2           0.536
6           3           1.413
6           4           0.676
7           1           1.134
7           2           0.686
7           3           0.888
7           4           0.531
8           1           0.89
8           2           0.997
8           3           0.664
8           4           0.574



pc(j, m) - Variable costs of producing one unit of item j on machine m. The production cost is period-independent.


1           1           6.819
1           2           3.83
1           3           1.383
1           4           2.884
2           1           4.218
2           2           5.11
2           3           2.185
2           4           2.627
3           1           6.124
3           2           4.847
3           3           1.807
3           4           2.467
4           1           11.929
4           2           4.167
4           3           3.844
4           4           1.236
5           1           7.6
5           2           5.756
5           3           3.125
5           4           2.93
6           1           4.125
6           2           5.794
6           3           3.434
6           4           2.58
7           1           4.691
7           2           2.834
7           3           3.546
7           4           1.005
8           1           9.499
8           2           4.594
8           3           2.323
8           4           1.503



pe(j, m) - Production emission for producing one unit of item j on machine m. The production emission is period-independent.


1           1           0.061
1           2           0.435
1           3           0.259
1           4           0.567
2           1           0.159
2           2           0.264
2           3           0.178
2           4           0.826
3           1           0.123
3           2           0.433
3           3           0.453
3           4           0.219
4           1           0.118
4           2           0.115
4           3           0.395
4           4           0.545
5           1           0.21
5           2           0.135
5           3           0.161
5           4           0.822
6           1           0.224
6           2           0.422
6           3           0.391
6           4           0.841
7           1           0.107
7           2           0.395
7           3           0.548
7           4           0.48
8           1           0.057
8           2           0.143
8           3           0.28
8           4           0.66



hc(j) - Inventory-holding costs for one unit of item j for one period.


1           0.134
2           0.209
3           0.2
4           0.188
5           0.266
6           0.213
7           0.16
8           0.115



st(j, m) - Setup times for producing a lot of item j on machine m. The setup times are period-independent.


1           1           56.998
1           2           61.911
1           3           41.091
1           4           49.433
2           1           40.674
2           2           25.631
2           3           91.497
2           4           62.268
3           1           65.373
3           2           98.745
3           3           27.484
3           4           56.759
4           1           68.06
4           2           55.227
4           3           65.826
4           4           40.275
5           1           38.658
5           2           66.016
5           3           29.507
5           4           85.437
6           1           68.624
6           2           51.735
6           3           74.705
6           4           30.709
7           1           80.005
7           2           65.941
7           3           94.801
7           4           42.487
8           1           67.878
8           2           80.749
8           3           71.393
8           4           84.48



se(j, m) - Setup emission for producing a lot of item j on machine m. The setup emission are period-independent.


1           1           7.844
1           2           9.819
1           3           18.089
1           4           12.723
2           1           3.378
2           2           9.734
2           3           25.827
2           4           27.431
3           1           9.53
3           2           7.71
3           3           7.915
3           4           20.22
4           1           6.349
4           2           13.686
4           3           10.594
4           4           20.248
5           1           4.967
5           2           8.649
5           3           22.812
5           4           13.633
6           1           8.431
6           2           15.65
6           3           27.575
6           4           36.184
7           1           7.262
7           2           11.517
7           3           17.864
7           4           18.625
8           1           3.89
8           2           14.906
8           3           9.716
8           4           15.531



sc(j, m) - Setup costs for producing a lot of item j on machine m. The setup costs are period-independent.


1           1           31141.6
1           2           15570.8
1           3           10380.533
1           4           7785.4
2           1           43499.867
2           2           21749.933
2           3           14499.956
2           4           10874.967
3           1           45920.0
3           2           22960.0
3           3           15306.667
3           4           11480.0
4           1           45445.867
4           2           22722.933
4           3           15148.622
4           4           11361.467
5           1           61818.4
5           2           30909.2
5           3           20606.133
5           4           15454.6
6           1           48904.8
6           2           24452.4
6           3           16301.6
6           4           12226.2
7           1           38677.333
7           2           19338.667
7           3           12892.444
7           4           9669.333
8           1           25867.333
8           2           12933.667
8           3           8622.444
8           4           6466.833



bc(m) - Fixed investment cost for machine m.


1           11672.685715872565
2           1525.714496072944
3           5089.726694305625
4           3162.6531212441696



ca(m, t) - The available capacity of machine m in period t.


1           1           244.56283055555556
1           2           244.56283055555556
1           3           244.56283055555556
1           4           244.56283055555556
1           5           244.56283055555556
1           6           244.56283055555556
2           1           244.56283055555556
2           2           244.56283055555556
2           3           244.56283055555556
2           4           244.56283055555556
2           5           244.56283055555556
2           6           244.56283055555556
3           1           244.56283055555556
3           2           244.56283055555556
3           3           244.56283055555556
3           4           244.56283055555556
3           5           244.56283055555556
3           6           244.56283055555556
4           1           244.56283055555556
4           2           244.56283055555556
4           3           244.56283055555556
4           4           244.56283055555556
4           5           244.56283055555556
4           6           244.56283055555556



em(t) - The limits of carbon emissions in period t.


1           229.56737222222222
2           229.56737222222222
3           229.56737222222222
4           229.56737222222222
5           229.56737222222222
6           229.56737222222222
