Information for the currently-owned machines and the machines that may be purchased: if 1, the machine can be purchased, otherwise currently-owned.


1           0.0
2           0.0
3           0.0
4           1.0



item_machine_arc(j, m) - The relationship arc between item j and machine m, i.e., machine m is capable of producing item j if item_machine_arc(j, m) = 1.


1           1           1.0
1           2           0.0
1           3           0.0
1           4           0.0
2           1           1.0
2           2           0.0
2           3           0.0
2           4           0.0
3           1           0.0
3           2           0.0
3           3           0.0
3           4           1.0
4           1           0.0
4           2           0.0
4           3           0.0
4           4           1.0
5           1           1.0
5           2           1.0
5           3           1.0
5           4           1.0
6           1           1.0
6           2           1.0
6           3           1.0
6           4           1.0
7           1           1.0
7           2           1.0
7           3           0.0
7           4           0.0
8           1           0.0
8           2           0.0
8           3           1.0
8           4           0.0



d(j, t) - Gross demand for item j in period t.


1           1           48
1           2           31
1           3           34
1           4           36
1           5           31
1           6           34
2           1           41
2           2           50
2           3           31
2           4           38
2           5           46
2           6           42
3           1           30
3           2           47
3           3           33
3           4           46
3           5           46
3           6           50
4           1           35
4           2           37
4           3           41
4           4           41
4           5           50
4           6           48
5           1           30
5           2           33
5           3           30
5           4           30
5           5           33
5           6           30
6           1           33
6           2           41
6           3           32
6           4           50
6           5           46
6           6           48
7           1           40
7           2           44
7           3           40
7           4           32
7           5           35
7           6           39
8           1           40
8           2           50
8           3           39
8           4           34
8           5           44
8           6           47



pt(j, m) - Time required to produce one unit of item j on machine m. The production time is period-independent.


1           1           0.954
1           2           0.605
1           3           1.388
1           4           0.736
2           1           1.033
2           2           0.893
2           3           0.52
2           4           0.638
3           1           1.064
3           2           0.503
3           3           0.545
3           4           1.059
4           1           0.846
4           2           1.301
4           3           0.91
4           4           1.371
5           1           1.171
5           2           0.776
5           3           1.24
5           4           1.126
6           1           0.798
6           2           1.023
6           3           0.678
6           4           0.745
7           1           0.926
7           2           0.701
7           3           1.326
7           4           1.212
8           1           0.526
8           2           1.451
8           3           0.682
8           4           0.669



pc(j, m) - Variable costs of producing one unit of item j on machine m. The production cost is period-independent.


1           1           6.364
1           2           4.645
1           3           2.301
1           4           2.51
2           1           9.086
2           2           4.866
2           3           2.924
2           4           1.657
3           1           10.501
3           2           4.134
3           3           1.396
3           4           1.748
4           1           6.538
4           2           4.966
4           3           3.3
4           4           2.022
5           1           9.398
5           2           5.631
5           3           2.84
5           4           1.414
6           1           5.581
6           2           5.468
6           3           1.485
6           4           1.625
7           1           10.607
7           2           2.647
7           3           2.859
7           4           1.951
8           1           5.623
8           2           3.615
8           3           2.098
8           4           1.039



pe(j, m) - Production emission for producing one unit of item j on machine m. The production emission is period-independent.


1           1           0.713
1           2           1.154
1           3           2.998
1           4           4.301
2           1           1.249
2           2           2.384
2           3           1.796
2           4           3.135
3           1           0.64
3           2           2.291
3           3           2.604
3           4           3.687
4           1           0.611
4           2           1.941
4           3           2.713
4           4           3.956
5           1           0.968
5           2           2.057
5           3           2.49
5           4           4.88
6           1           1.019
6           2           1.846
6           3           1.077
6           4           3.454
7           1           0.947
7           2           1.109
7           3           2.167
7           4           3.203
8           1           0.376
8           2           1.713
8           3           2.025
8           4           2.557



hc(j) - Inventory-holding costs for one unit of item j for one period.


1           0.281
2           0.179
3           0.171
4           0.104
5           0.246
6           0.158
7           0.27
8           0.171



st(j, m) - Setup times for producing a lot of item j on machine m. The setup times are period-independent.


1           1           8.349
1           2           8.995
1           3           16.193
1           4           19.373
2           1           10.753
2           2           19.681
2           3           12.084
2           4           5.693
3           1           16.35
3           2           5.069
3           3           19.731
3           4           7.558
4           1           10.513
4           2           8.162
4           3           15.451
4           4           18.566
5           1           9.527
5           2           9.228
5           3           8.455
5           4           14.864
6           1           19.272
6           2           8.765
6           3           8.043
6           4           13.464
7           1           12.868
7           2           17.164
7           3           17.071
7           4           17.53
8           1           6.166
8           2           15.003
8           3           17.175
8           4           11.399



se(j, m) - Setup emission for producing a lot of item j on machine m. The setup emission are period-independent.


1           1           5.791
1           2           10.465
1           3           21.172
1           4           20.035
2           1           9.14
2           2           17.03
2           3           28.809
2           4           27.82
3           1           9.546
3           2           18.528
3           3           26.752
3           4           12.487
4           1           5.266
4           2           12.632
4           3           16.026
4           4           30.283
5           1           3.61
5           2           16.362
5           3           11.309
5           4           13.595
6           1           6.223
6           2           13.773
6           3           8.129
6           4           32.942
7           1           4.908
7           2           9.172
7           3           29.966
7           4           11.481
8           1           8.814
8           2           17.884
8           3           16.113
8           4           39.975



sc(j, m) - Setup costs for producing a lot of item j on machine m. The setup costs are period-independent.


1           1           61737.573
1           2           30868.787
1           3           20579.191
1           4           15434.393
2           1           45575.787
2           2           22787.893
2           3           15191.929
2           4           11393.947
3           1           44241.12
3           2           22120.56
3           3           14747.04
3           4           11060.28
4           1           26906.88
4           2           13453.44
4           3           8968.96
4           4           6726.72
5           1           46976.16
5           2           23488.08
5           3           15658.72
5           4           11744.04
6           1           40553.333
6           2           20276.667
6           3           13517.778
6           4           10138.333
7           1           63756.0
7           2           31878.0
7           3           21252.0
7           4           15939.0
8           1           44592.24
8           2           22296.12
8           3           14864.08
8           4           11148.06



bc(m) - Fixed investment cost for machine m.


1           7760.340364527267
2           2062.209918277964
3           2231.6292687245573
4           1542.0814408148215



ca(m, t) - The available capacity of machine m in period t.


1           1           166.23460000000003
1           2           166.23460000000003
1           3           166.23460000000003
1           4           166.23460000000003
1           5           166.23460000000003
1           6           166.23460000000003
2           1           166.23460000000003
2           2           166.23460000000003
2           3           166.23460000000003
2           4           166.23460000000003
2           5           166.23460000000003
2           6           166.23460000000003
3           1           166.23460000000003
3           2           166.23460000000003
3           3           166.23460000000003
3           4           166.23460000000003
3           5           166.23460000000003
3           6           166.23460000000003
4           1           166.23460000000003
4           2           166.23460000000003
4           3           166.23460000000003
4           4           166.23460000000003
4           5           166.23460000000003
4           6           166.23460000000003



em(t) - The limits of carbon emissions in period t.


1           1028.252575
2           1028.252575
3           1028.252575
4           1028.252575
5           1028.252575
6           1028.252575
