Information for the currently-owned machines and the machines that may be purchased: if 1, the machine can be purchased, otherwise currently-owned.


1           0.0
2           1.0
3           0.0
4           0.0



item_machine_arc(j, m) - The relationship arc between item j and machine m, i.e., machine m is capable of producing item j if item_machine_arc(j, m) = 1.


1           1           1.0
1           2           1.0
1           3           1.0
1           4           0.0
2           1           0.0
2           2           1.0
2           3           1.0
2           4           1.0
3           1           0.0
3           2           0.0
3           3           0.0
3           4           1.0
4           1           0.0
4           2           1.0
4           3           1.0
4           4           1.0
5           1           1.0
5           2           1.0
5           3           1.0
5           4           1.0
6           1           0.0
6           2           1.0
6           3           1.0
6           4           1.0
7           1           1.0
7           2           1.0
7           3           1.0
7           4           1.0
8           1           0.0
8           2           1.0
8           3           0.0
8           4           1.0



d(j, t) - Gross demand for item j in period t.


1           1           31
1           2           49
1           3           31
1           4           30
1           5           38
1           6           48
2           1           37
2           2           38
2           3           32
2           4           32
2           5           33
2           6           50
3           1           35
3           2           49
3           3           32
3           4           39
3           5           46
3           6           40
4           1           48
4           2           39
4           3           45
4           4           49
4           5           43
4           6           35
5           1           37
5           2           49
5           3           36
5           4           35
5           5           30
5           6           50
6           1           45
6           2           40
6           3           45
6           4           32
6           5           36
6           6           34
7           1           48
7           2           38
7           3           36
7           4           39
7           5           31
7           6           45
8           1           34
8           2           45
8           3           32
8           4           34
8           5           34
8           6           31



pt(j, m) - Time required to produce one unit of item j on machine m. The production time is period-independent.


1           1           0.514
1           2           0.764
1           3           1.272
1           4           0.698
2           1           1.417
2           2           1.046
2           3           1.282
2           4           1.487
3           1           1.075
3           2           1.087
3           3           1.255
3           4           1.203
4           1           1.4
4           2           0.758
4           3           0.973
4           4           1.102
5           1           0.71
5           2           0.748
5           3           0.807
5           4           1.091
6           1           1.222
6           2           1.149
6           3           1.406
6           4           0.831
7           1           0.973
7           2           1.155
7           3           0.875
7           4           1.394
8           1           1.308
8           2           1.302
8           3           1.312
8           4           0.984



pc(j, m) - Variable costs of producing one unit of item j on machine m. The production cost is period-independent.


1           1           11.902
1           2           4.463
1           3           1.698
1           4           3.391
2           1           8.721
2           2           2.074
2           3           1.336
2           4           2.945
3           1           5.929
3           2           5.031
3           3           2.623
3           4           3.773
4           1           5.84
4           2           5.048
4           3           2.072
4           4           1.426
5           1           4.355
5           2           5.573
5           3           2.693
5           4           1.487
6           1           6.817
6           2           3.923
6           3           2.474
6           4           3.036
7           1           9.399
7           2           2.899
7           3           1.962
7           4           3.359
8           1           9.88
8           2           3.856
8           3           2.344
8           4           1.548



pe(j, m) - Production emission for producing one unit of item j on machine m. The production emission is period-independent.


1           1           0.472
1           2           1.249
1           3           2.694
1           4           2.221
2           1           0.958
2           2           2.393
2           3           4.988
2           4           2.458
3           1           0.567
3           2           1.792
3           3           2.091
3           4           3.221
4           1           1.006
4           2           0.55
4           3           4.43
4           4           3.121
5           1           0.254
5           2           1.766
5           3           4.762
5           4           3.125
6           1           1.114
6           2           1.09
6           3           1.465
6           4           2.521
7           1           1.163
7           2           1.569
7           3           2.705
7           4           2.598
8           1           1.205
8           2           1.824
8           3           1.761
8           4           2.059



hc(j) - Inventory-holding costs for one unit of item j for one period.


1           0.251
2           0.249
3           0.148
4           0.221
5           0.255
6           0.186
7           0.193
8           0.225



st(j, m) - Setup times for producing a lot of item j on machine m. The setup times are period-independent.


1           1           36.493
1           2           70.117
1           3           31.219
1           4           70.709
2           1           60.972
2           2           36.791
2           3           71.581
2           4           48.063
3           1           34.554
3           2           69.625
3           3           30.891
3           4           48.463
4           1           79.783
4           2           56.015
4           3           83.628
4           4           25.794
5           1           88.352
5           2           92.824
5           3           56.205
5           4           39.699
6           1           25.339
6           2           80.193
6           3           78.475
6           4           51.075
7           1           71.924
7           2           93.736
7           3           95.037
7           4           70.615
8           1           51.944
8           2           33.144
8           3           46.539
8           4           73.117



se(j, m) - Setup emission for producing a lot of item j on machine m. The setup emission are period-independent.


1           1           9.386
1           2           5.407
1           3           26.424
1           4           9.646
2           1           3.261
2           2           5.628
2           3           29.213
2           4           15.231
3           1           5.798
3           2           8.05
3           3           35.73
3           4           15.945
4           1           6.402
4           2           13.047
4           3           35.281
4           4           8.266
5           1           6.995
5           2           12.987
5           3           20.937
5           4           20.027
6           1           5.266
6           2           19.896
6           3           19.089
6           4           22.568
7           1           5.936
7           2           6.111
7           3           34.178
7           4           13.58
8           1           2.603
8           2           17.841
8           3           12.989
8           4           26.459



sc(j, m) - Setup costs for producing a lot of item j on machine m. The setup costs are period-independent.


1           1           53178.533
1           2           26589.267
1           3           13294.633
1           4           17726.178
2           1           51592.8
2           2           25796.4
2           3           12898.2
2           4           17197.6
3           1           33290.133
3           2           16645.067
3           3           8322.533
3           4           11096.711
4           1           53423.067
4           2           26711.533
4           3           13355.767
4           4           17807.689
5           1           56406.0
5           2           28203.0
5           3           14101.5
5           4           18802.0
6           1           40275.2
6           2           20137.6
6           3           10068.8
6           4           13425.067
7           1           42691.6
7           2           21345.8
7           3           10672.9
7           4           14230.533
8           1           44100.0
8           2           22050.0
8           3           11025.0
8           4           14700.0



bc(m) - Fixed investment cost for machine m.


1           7186.447191462082
2           4567.93971871882
3           258.6085179043801
4           5904.724077209092



ca(m, t) - The available capacity of machine m in period t.


1           1           291.0197675
1           2           291.0197675
1           3           291.0197675
1           4           291.0197675
1           5           291.0197675
1           6           291.0197675
2           1           291.0197675
2           2           291.0197675
2           3           291.0197675
2           4           291.0197675
2           5           291.0197675
2           6           291.0197675
3           1           291.0197675
3           2           291.0197675
3           3           291.0197675
3           4           291.0197675
3           5           291.0197675
3           6           291.0197675
4           1           291.0197675
4           2           291.0197675
4           3           291.0197675
4           4           291.0197675
4           5           291.0197675
4           6           291.0197675



em(t) - The limits of carbon emissions in period t.


1           1235.9548269444444
2           1235.9548269444444
3           1235.9548269444444
4           1235.9548269444444
5           1235.9548269444444
6           1235.9548269444444
