Information for the currently-owned machines and the machines that may be purchased: if 1, the machine can be purchased, otherwise currently-owned.


1           0.0
2           0.0
3           1.0
4           0.0



item_machine_arc(j, m) - The relationship arc between item j and machine m, i.e., machine m is capable of producing item j if item_machine_arc(j, m) = 1.


1           1           0.0
1           2           1.0
1           3           1.0
1           4           1.0
2           1           0.0
2           2           0.0
2           3           1.0
2           4           1.0
3           1           1.0
3           2           1.0
3           3           0.0
3           4           1.0
4           1           0.0
4           2           1.0
4           3           0.0
4           4           0.0
5           1           1.0
5           2           1.0
5           3           0.0
5           4           0.0
6           1           1.0
6           2           0.0
6           3           0.0
6           4           0.0
7           1           1.0
7           2           1.0
7           3           1.0
7           4           1.0
8           1           1.0
8           2           1.0
8           3           0.0
8           4           0.0



d(j, t) - Gross demand for item j in period t.


1           1           47
1           2           41
1           3           47
1           4           49
1           5           33
1           6           40
2           1           47
2           2           34
2           3           40
2           4           34
2           5           43
2           6           33
3           1           47
3           2           41
3           3           43
3           4           39
3           5           50
3           6           49
4           1           40
4           2           35
4           3           48
4           4           34
4           5           35
4           6           46
5           1           47
5           2           48
5           3           39
5           4           47
5           5           30
5           6           49
6           1           33
6           2           39
6           3           49
6           4           30
6           5           39
6           6           30
7           1           47
7           2           41
7           3           43
7           4           37
7           5           49
7           6           44
8           1           36
8           2           50
8           3           49
8           4           42
8           5           48
8           6           35



pt(j, m) - Time required to produce one unit of item j on machine m. The production time is period-independent.


1           1           1.391
1           2           1.296
1           3           1.146
1           4           0.555
2           1           0.706
2           2           1.34
2           3           0.732
2           4           0.525
3           1           1.292
3           2           1.241
3           3           1.126
3           4           0.919
4           1           0.728
4           2           1.213
4           3           0.928
4           4           0.568
5           1           0.797
5           2           0.761
5           3           0.52
5           4           0.698
6           1           0.913
6           2           1.439
6           3           1.021
6           4           0.713
7           1           0.883
7           2           0.711
7           3           0.578
7           4           1.22
8           1           0.657
8           2           0.84
8           3           0.708
8           4           0.958



pc(j, m) - Variable costs of producing one unit of item j on machine m. The production cost is period-independent.


1           1           7.832
1           2           1.581
1           3           5.04
1           4           1.969
2           1           7.277
2           2           2.099
2           3           3.062
2           4           1.974
3           1           9.628
3           2           2.63
3           3           5.417
3           4           2.281
4           1           5.511
4           2           3.339
4           3           2.953
4           4           2.314
5           1           6.957
5           2           1.978
5           3           4.062
5           4           2.27
6           1           9.028
6           2           2.88
6           3           5.061
6           4           2.545
7           1           7.514
7           2           3.452
7           3           5.579
7           4           2.893
8           1           7.373
8           2           2.98
8           3           5.902
8           4           2.846



pe(j, m) - Production emission for producing one unit of item j on machine m. The production emission is period-independent.


1           1           0.881
1           2           1.783
1           3           2.072
1           4           2.051
2           1           0.953
2           2           1.497
2           3           2.008
2           4           4.91
3           1           0.323
3           2           2.474
3           3           0.678
3           4           1.827
4           1           0.76
4           2           2.522
4           3           1.098
4           4           1.246
5           1           1.194
5           2           1.469
5           3           1.578
5           4           2.171
6           1           0.423
6           2           3.014
6           3           2.231
6           4           3.3
7           1           0.546
7           2           1.847
7           3           0.586
7           4           4.603
8           1           0.752
8           2           1.206
8           3           1.602
8           4           4.33



hc(j) - Inventory-holding costs for one unit of item j for one period.


1           0.154
2           0.273
3           0.109
4           0.249
5           0.209
6           0.298
7           0.256
8           0.162



st(j, m) - Setup times for producing a lot of item j on machine m. The setup times are period-independent.


1           1           7.326
1           2           19.428
1           3           17.728
1           4           6.342
2           1           18.734
2           2           5.995
2           3           9.467
2           4           6.442
3           1           14.333
3           2           13.71
3           3           19.955
3           4           7.198
4           1           16.919
4           2           8.498
4           3           13.558
4           4           6.662
5           1           18.124
5           2           13.847
5           3           15.519
5           4           11.539
6           1           10.053
6           2           6.877
6           3           7.082
6           4           11.03
7           1           11.912
7           2           16.161
7           3           14.565
7           4           9.918
8           1           6.672
8           2           16.685
8           3           14.759
8           4           18.084



se(j, m) - Setup emission for producing a lot of item j on machine m. The setup emission are period-independent.


1           1           5.712
1           2           11.404
1           3           19.221
1           4           30.658
2           1           2.864
2           2           7.502
2           3           17.24
2           4           34.931
3           1           9.754
3           2           19.754
3           3           19.636
3           4           20.702
4           1           6.409
4           2           25.55
4           3           17.057
4           4           24.701
5           1           7.952
5           2           28.504
5           3           13.653
5           4           33.667
6           1           4.199
6           2           18.73
6           3           17.808
6           4           11.829
7           1           2.981
7           2           12.657
7           3           11.319
7           4           17.713
8           1           4.408
8           2           29.923
8           3           10.386
8           4           39.025



sc(j, m) - Setup costs for producing a lot of item j on machine m. The setup costs are period-independent.


1           1           36939.467
1           2           12313.156
1           3           18469.733
1           4           9234.867
2           1           58858.8
2           2           19619.6
2           3           29429.4
2           4           14714.7
3           1           27366.267
3           2           9122.089
3           3           13683.133
3           4           6841.567
4           1           55311.2
4           2           18437.067
4           3           27655.6
4           4           13827.8
5           1           50717.333
5           2           16905.778
5           3           25358.667
5           4           12679.333
6           1           61189.333
6           2           20396.444
6           3           30594.667
6           4           15297.333
7           1           62361.6
7           2           20787.2
7           3           31180.8
7           4           15590.4
8           1           39312.0
8           2           13104.0
8           3           19656.0
8           4           9828.0



bc(m) - Fixed investment cost for machine m.


1           3371.6211354648285
2           5515.9824769517045
3           9503.161207669387
4           2333.6621692569647



ca(m, t) - The available capacity of machine m in period t.


1           1           163.34518148148146
1           2           163.34518148148146
1           3           163.34518148148146
1           4           163.34518148148146
1           5           163.34518148148146
1           6           163.34518148148146
2           1           163.34518148148146
2           2           163.34518148148146
2           3           163.34518148148146
2           4           163.34518148148146
2           5           163.34518148148146
2           6           163.34518148148146
3           1           163.34518148148146
3           2           163.34518148148146
3           3           163.34518148148146
3           4           163.34518148148146
3           5           163.34518148148146
3           6           163.34518148148146
4           1           163.34518148148146
4           2           163.34518148148146
4           3           163.34518148148146
4           4           163.34518148148146
4           5           163.34518148148146
4           6           163.34518148148146



em(t) - The limits of carbon emissions in period t.


1           916.3060666666665
2           916.3060666666665
3           916.3060666666665
4           916.3060666666665
5           916.3060666666665
6           916.3060666666665
