Information for the currently-owned machines and the machines that may be purchased: if 1, the machine can be purchased, otherwise currently-owned.


1           0.0
2           0.0
3           0.0
4           1.0



item_machine_arc(j, m) - The relationship arc between item j and machine m, i.e., machine m is capable of producing item j if item_machine_arc(j, m) = 1.


1           1           0.0
1           2           1.0
1           3           1.0
1           4           1.0
2           1           0.0
2           2           0.0
2           3           1.0
2           4           0.0
3           1           1.0
3           2           1.0
3           3           1.0
3           4           1.0
4           1           1.0
4           2           0.0
4           3           0.0
4           4           0.0
5           1           1.0
5           2           0.0
5           3           0.0
5           4           0.0
6           1           1.0
6           2           1.0
6           3           1.0
6           4           0.0
7           1           0.0
7           2           0.0
7           3           0.0
7           4           1.0
8           1           0.0
8           2           1.0
8           3           1.0
8           4           0.0



d(j, t) - Gross demand for item j in period t.


1           1           30
1           2           48
1           3           41
1           4           43
1           5           34
1           6           36
2           1           42
2           2           32
2           3           49
2           4           31
2           5           34
2           6           48
3           1           49
3           2           34
3           3           34
3           4           46
3           5           39
3           6           38
4           1           35
4           2           50
4           3           50
4           4           39
4           5           37
4           6           43
5           1           41
5           2           49
5           3           32
5           4           31
5           5           50
5           6           43
6           1           35
6           2           32
6           3           43
6           4           43
6           5           42
6           6           41
7           1           47
7           2           33
7           3           43
7           4           33
7           5           43
7           6           40
8           1           45
8           2           30
8           3           48
8           4           41
8           5           50
8           6           40



pt(j, m) - Time required to produce one unit of item j on machine m. The production time is period-independent.


1           1           0.611
1           2           1.287
1           3           0.907
1           4           1.312
2           1           0.919
2           2           0.632
2           3           1.104
2           4           0.832
3           1           0.659
3           2           1.413
3           3           1.005
3           4           0.597
4           1           1.036
4           2           1.195
4           3           0.833
4           4           1.104
5           1           0.89
5           2           0.522
5           3           0.83
5           4           1.112
6           1           1.216
6           2           0.751
6           3           0.534
6           4           1.301
7           1           0.986
7           2           0.502
7           3           1.033
7           4           1.12
8           1           0.793
8           2           0.576
8           3           1.464
8           4           0.804



pc(j, m) - Variable costs of producing one unit of item j on machine m. The production cost is period-independent.


1           1           5.162
1           2           1.853
1           3           5.499
1           4           3.557
2           1           4.697
2           2           2.643
2           3           7.388
2           4           1.525
3           1           2.847
3           2           1.414
3           3           5.702
3           4           2.265
4           1           3.533
4           2           1.533
4           3           7.898
4           4           3.641
5           1           3.081
5           2           2.332
5           3           6.889
5           4           2.837
6           1           3.939
6           2           2.608
6           3           8.104
6           4           2.281
7           1           4.896
7           2           1.201
7           3           10.297
7           4           3.749
8           1           2.2
8           2           2.488
8           3           7.866
8           4           1.379



pe(j, m) - Production emission for producing one unit of item j on machine m. The production emission is period-independent.


1           1           1.317
1           2           4.302
1           3           0.557
1           4           2.629
2           1           1.559
2           2           4.118
2           3           1.061
2           4           3.278
3           1           1.967
3           2           1.548
3           3           1.046
3           4           1.067
4           1           1.304
4           2           1.566
4           3           0.689
4           4           3.071
5           1           0.996
5           2           1.829
5           3           0.857
5           4           0.778
6           1           2.49
6           2           1.639
6           3           1.202
6           4           1.677
7           1           1.131
7           2           2.671
7           3           0.578
7           4           2.062
8           1           2.153
8           2           2.652
8           3           1.086
8           4           3.677



hc(j) - Inventory-holding costs for one unit of item j for one period.


1           0.16
2           0.28
3           0.156
4           0.209
5           0.144
6           0.298
7           0.217
8           0.244



st(j, m) - Setup times for producing a lot of item j on machine m. The setup times are period-independent.


1           1           14.603
1           2           16.094
1           3           12.209
1           4           15.31
2           1           18.247
2           2           13.633
2           3           10.936
2           4           19.286
3           1           13.393
3           2           14.629
3           3           19.456
3           4           5.947
4           1           19.404
4           2           6.54
4           3           11.562
4           4           15.344
5           1           8.014
5           2           6.599
5           3           11.985
5           4           6.963
6           1           6.281
6           2           16.75
6           3           9.327
6           4           5.219
7           1           18.773
7           2           9.245
7           3           11.532
7           4           16.294
8           1           16.307
8           2           16.969
8           3           13.364
8           4           18.392



se(j, m) - Setup emission for producing a lot of item j on machine m. The setup emission are period-independent.


1           1           97.258
1           2           156.24
1           3           25.452
1           4           115.972
2           1           82.615
2           2           50.715
2           3           41.21
2           4           40.339
3           1           97.028
3           2           79.227
3           3           17.912
3           4           79.512
4           1           89.331
4           2           188.585
4           3           44.859
4           4           95.631
5           1           98.649
5           2           90.216
5           3           14.815
5           4           37.657
6           1           75.295
6           2           64.068
6           3           48.771
6           4           41.91
7           1           96.785
7           2           105.889
7           3           46.868
7           4           47.266
8           1           61.045
8           2           148.406
8           3           13.116
8           4           100.627



sc(j, m) - Setup costs for producing a lot of item j on machine m. The setup costs are period-independent.


1           1           19054.933
1           2           9527.467
1           3           38109.867
1           4           12703.289
2           1           33921.067
2           2           16960.533
2           3           67842.133
2           4           22614.044
3           1           19219.2
3           2           9609.6
3           3           38438.4
3           4           12812.8
4           1           27250.813
4           2           13625.407
4           3           54501.627
4           4           18167.209
5           1           18184.32
5           2           9092.16
5           3           36368.64
5           4           12122.88
6           1           36101.707
6           2           18050.853
6           3           72203.413
6           4           24067.804
7           1           26623.007
7           2           13311.503
7           3           53246.013
7           4           17748.671
8           1           31814.347
8           2           15907.173
8           3           63628.693
8           4           21209.564



bc(m) - Fixed investment cost for machine m.


1           9201.878444146465
2           730.1294928078744
3           11699.88950435594
4           205.72990612746014



ca(m, t) - The available capacity of machine m in period t.


1           1           195.3393536111111
1           2           195.3393536111111
1           3           195.3393536111111
1           4           195.3393536111111
1           5           195.3393536111111
1           6           195.3393536111111
2           1           195.3393536111111
2           2           195.3393536111111
2           3           195.3393536111111
2           4           195.3393536111111
2           5           195.3393536111111
2           6           195.3393536111111
3           1           195.3393536111111
3           2           195.3393536111111
3           3           195.3393536111111
3           4           195.3393536111111
3           5           195.3393536111111
3           6           195.3393536111111
4           1           195.3393536111111
4           2           195.3393536111111
4           3           195.3393536111111
4           4           195.3393536111111
4           5           195.3393536111111
4           6           195.3393536111111



em(t) - The limits of carbon emissions in period t.


1           1255.8710908333333
2           1255.8710908333333
3           1255.8710908333333
4           1255.8710908333333
5           1255.8710908333333
6           1255.8710908333333
