Information for the currently-owned machines and the machines that may be purchased: if 1, the machine can be purchased, otherwise currently-owned.


1           0.0
2           1.0
3           0.0
4           0.0



item_machine_arc(j, m) - The relationship arc between item j and machine m, i.e., machine m is capable of producing item j if item_machine_arc(j, m) = 1.


1           1           1.0
1           2           1.0
1           3           0.0
1           4           1.0
2           1           1.0
2           2           1.0
2           3           0.0
2           4           1.0
3           1           0.0
3           2           1.0
3           3           0.0
3           4           1.0
4           1           0.0
4           2           1.0
4           3           0.0
4           4           0.0
5           1           1.0
5           2           0.0
5           3           1.0
5           4           1.0
6           1           1.0
6           2           0.0
6           3           0.0
6           4           0.0
7           1           0.0
7           2           0.0
7           3           1.0
7           4           0.0
8           1           1.0
8           2           0.0
8           3           0.0
8           4           1.0



d(j, t) - Gross demand for item j in period t.


1           1           37
1           2           34
1           3           44
1           4           42
1           5           39
1           6           50
2           1           47
2           2           47
2           3           38
2           4           50
2           5           35
2           6           45
3           1           47
3           2           30
3           3           31
3           4           37
3           5           47
3           6           47
4           1           34
4           2           45
4           3           37
4           4           36
4           5           43
4           6           45
5           1           44
5           2           39
5           3           32
5           4           50
5           5           48
5           6           34
6           1           37
6           2           45
6           3           43
6           4           44
6           5           43
6           6           41
7           1           31
7           2           38
7           3           42
7           4           35
7           5           34
7           6           44
8           1           32
8           2           30
8           3           40
8           4           40
8           5           38
8           6           49



pt(j, m) - Time required to produce one unit of item j on machine m. The production time is period-independent.


1           1           1.0
1           2           0.932
1           3           0.849
1           4           1.4
2           1           1.262
2           2           1.221
2           3           1.289
2           4           0.537
3           1           0.777
3           2           1.227
3           3           0.519
3           4           1.217
4           1           0.832
4           2           0.788
4           3           0.806
4           4           0.74
5           1           0.859
5           2           0.685
5           3           0.993
5           4           1.293
6           1           1.353
6           2           1.182
6           3           0.507
6           4           0.94
7           1           1.073
7           2           1.013
7           3           0.611
7           4           1.012
8           1           0.633
8           2           0.934
8           3           1.229
8           4           0.869



pc(j, m) - Variable costs of producing one unit of item j on machine m. The production cost is period-independent.


1           1           3.089
1           2           4.408
1           3           1.03
1           4           7.399
2           1           2.583
2           2           2.506
2           3           1.433
2           4           5.411
3           1           3.647
3           2           4.917
3           3           1.01
3           4           11.614
4           1           2.454
4           2           5.986
4           3           1.749
4           4           4.447
5           1           1.918
5           2           4.932
5           3           2.632
5           4           6.039
6           1           1.654
6           2           5.335
6           3           1.647
6           4           11.172
7           1           3.463
7           2           3.435
7           3           1.987
7           4           9.173
8           1           3.987
8           2           4.788
8           3           1.569
8           4           9.617



pe(j, m) - Production emission for producing one unit of item j on machine m. The production emission is period-independent.


1           1           3.332
1           2           1.846
1           3           2.303
1           4           1.154
2           1           3.489
2           2           1.404
2           3           2.732
2           4           0.327
3           1           1.357
3           2           0.996
3           3           3.591
3           4           0.363
4           1           1.947
4           2           2.498
4           3           3.044
4           4           0.953
5           1           1.083
5           2           1.053
5           3           3.449
5           4           1.172
6           1           3.685
6           2           1.531
6           3           2.69
6           4           1.077
7           1           2.15
7           2           1.091
7           3           1.593
7           4           1.057
8           1           2.683
8           2           2.157
8           3           4.564
8           4           1.128



hc(j) - Inventory-holding costs for one unit of item j for one period.


1           0.295
2           0.277
3           0.156
4           0.226
5           0.151
6           0.296
7           0.118
8           0.269



st(j, m) - Setup times for producing a lot of item j on machine m. The setup times are period-independent.


1           1           83.923
1           2           89.831
1           3           92.363
1           4           26.681
2           1           50.14
2           2           59.558
2           3           82.212
2           4           79.506
3           1           78.386
3           2           96.21
3           3           53.102
3           4           71.534
4           1           36.167
4           2           86.998
4           3           94.393
4           4           86.576
5           1           75.936
5           2           82.211
5           3           92.796
5           4           41.265
6           1           76.211
6           2           75.521
6           3           95.37
6           4           38.422
7           1           51.689
7           2           88.819
7           3           98.377
7           4           51.153
8           1           61.21
8           2           83.577
8           3           53.395
8           4           99.081



se(j, m) - Setup emission for producing a lot of item j on machine m. The setup emission are period-independent.


1           1           123.581
1           2           44.428
1           3           173.518
1           4           23.221
2           1           136.81
2           2           84.455
2           3           139.486
2           4           26.558
3           1           45.076
3           2           93.327
3           3           132.194
3           4           23.059
4           1           52.03
4           2           83.404
4           3           55.785
4           4           15.622
5           1           113.12
5           2           75.233
5           3           192.775
5           4           35.16
6           1           64.886
6           2           30.698
6           3           190.888
6           4           18.422
7           1           99.409
7           2           40.914
7           3           82.359
7           4           23.094
8           1           130.898
8           2           42.878
8           3           153.814
8           4           49.155



sc(j, m) - Setup costs for producing a lot of item j on machine m. The setup costs are period-independent.


1           1           22577.333
1           2           33866.0
1           3           16933.0
1           4           67732.0
2           1           22578.578
2           2           33867.867
2           3           16933.933
2           4           67735.733
3           1           11599.467
3           2           17399.2
3           3           8699.6
3           4           34798.4
4           1           16874.667
4           2           25312.0
4           3           12656.0
4           4           50624.0
5           1           11603.511
5           2           17405.267
5           3           8702.633
5           4           34810.533
6           1           23298.489
6           2           34947.733
6           3           17473.867
6           4           69895.467
7           1           8223.289
7           2           12334.933
7           3           6167.467
7           4           24669.867
8           1           19164.756
8           2           28747.133
8           3           14373.567
8           4           57494.267



bc(m) - Fixed investment cost for machine m.


1           6602.638387452096
2           5217.613022167387
3           3313.6365298154146
4           16269.192572387434



ca(m, t) - The available capacity of machine m in period t.


1           1           295.9199833333333
1           2           295.9199833333333
1           3           295.9199833333333
1           4           295.9199833333333
1           5           295.9199833333333
1           6           295.9199833333333
2           1           295.9199833333333
2           2           295.9199833333333
2           3           295.9199833333333
2           4           295.9199833333333
2           5           295.9199833333333
2           6           295.9199833333333
3           1           295.9199833333333
3           2           295.9199833333333
3           3           295.9199833333333
3           4           295.9199833333333
3           5           295.9199833333333
3           6           295.9199833333333
4           1           295.9199833333333
4           2           295.9199833333333
4           3           295.9199833333333
4           4           295.9199833333333
4           5           295.9199833333333
4           6           295.9199833333333



em(t) - The limits of carbon emissions in period t.


1           1364.7348944444443
2           1364.7348944444443
3           1364.7348944444443
4           1364.7348944444443
5           1364.7348944444443
6           1364.7348944444443
