Information for the currently-owned machines and the machines that may be purchased: if 1, the machine can be purchased, otherwise currently-owned.


1           0.0
2           0.0
3           0.0
4           1.0



item_machine_arc(j, m) - The relationship arc between item j and machine m, i.e., machine m is capable of producing item j if item_machine_arc(j, m) = 1.


1           1           0.0
1           2           0.0
1           3           0.0
1           4           1.0
2           1           1.0
2           2           1.0
2           3           0.0
2           4           0.0
3           1           1.0
3           2           0.0
3           3           1.0
3           4           1.0
4           1           0.0
4           2           0.0
4           3           1.0
4           4           0.0
5           1           1.0
5           2           0.0
5           3           1.0
5           4           0.0
6           1           1.0
6           2           1.0
6           3           1.0
6           4           1.0
7           1           0.0
7           2           1.0
7           3           0.0
7           4           0.0
8           1           0.0
8           2           0.0
8           3           1.0
8           4           1.0



d(j, t) - Gross demand for item j in period t.


1           1           44
1           2           42
1           3           45
1           4           39
1           5           35
1           6           35
2           1           33
2           2           39
2           3           46
2           4           43
2           5           48
2           6           31
3           1           47
3           2           31
3           3           34
3           4           41
3           5           46
3           6           30
4           1           46
4           2           46
4           3           30
4           4           31
4           5           33
4           6           30
5           1           40
5           2           37
5           3           34
5           4           47
5           5           47
5           6           47
6           1           32
6           2           37
6           3           36
6           4           31
6           5           43
6           6           32
7           1           46
7           2           47
7           3           37
7           4           37
7           5           41
7           6           33
8           1           31
8           2           30
8           3           35
8           4           49
8           5           37
8           6           50



pt(j, m) - Time required to produce one unit of item j on machine m. The production time is period-independent.


1           1           0.544
1           2           0.74
1           3           1.277
1           4           0.566
2           1           0.669
2           2           0.533
2           3           0.899
2           4           1.479
3           1           1.216
3           2           0.702
3           3           0.883
3           4           0.656
4           1           0.603
4           2           1.137
4           3           0.635
4           4           0.795
5           1           0.839
5           2           1.172
5           3           1.25
5           4           1.115
6           1           0.627
6           2           1.193
6           3           1.473
6           4           0.651
7           1           1.125
7           2           0.947
7           3           0.806
7           4           1.074
8           1           1.489
8           2           0.847
8           3           1.308
8           4           0.569



pc(j, m) - Variable costs of producing one unit of item j on machine m. The production cost is period-independent.


1           1           8.884
1           2           4.711
1           3           2.124
1           4           3.588
2           1           7.508
2           2           4.112
2           3           1.163
2           4           2.498
3           1           10.956
3           2           5.434
3           3           1.27
3           4           3.624
4           1           4.82
4           2           4.409
4           3           2.391
4           4           3.356
5           1           7.307
5           2           4.138
5           3           2.812
5           4           1.409
6           1           7.817
6           2           4.865
6           3           1.804
6           4           2.84
7           1           8.801
7           2           3.611
7           3           1.367
7           4           2.201
8           1           10.971
8           2           3.664
8           3           1.293
8           4           3.274



pe(j, m) - Production emission for producing one unit of item j on machine m. The production emission is period-independent.


1           1           0.102
1           2           0.21
1           3           0.498
1           4           0.392
2           1           0.123
2           2           0.465
2           3           0.453
2           4           0.69
3           1           0.184
3           2           0.121
3           3           0.545
3           4           0.285
4           1           0.166
4           2           0.276
4           3           0.825
4           4           0.684
5           1           0.226
5           2           0.367
5           3           0.95
5           4           0.239
6           1           0.185
6           2           0.389
6           3           0.261
6           4           0.468
7           1           0.241
7           2           0.238
7           3           0.99
7           4           0.275
8           1           0.12
8           2           0.263
8           3           0.388
8           4           0.687



hc(j) - Inventory-holding costs for one unit of item j for one period.


1           0.156
2           0.126
3           0.207
4           0.141
5           0.166
6           0.244
7           0.199
8           0.289



st(j, m) - Setup times for producing a lot of item j on machine m. The setup times are period-independent.


1           1           16.939
1           2           7.014
1           3           16.199
1           4           8.625
2           1           18.908
2           2           6.17
2           3           5.594
2           4           8.775
3           1           5.452
3           2           5.762
3           3           12.568
3           4           11.521
4           1           9.809
4           2           13.434
4           3           14.425
4           4           18.352
5           1           11.532
5           2           18.676
5           3           13.772
5           4           7.851
6           1           19.503
6           2           6.328
6           3           10.704
6           4           12.169
7           1           7.149
7           2           15.624
7           3           12.574
7           4           11.298
8           1           19.313
8           2           10.171
8           3           5.212
8           4           12.013



se(j, m) - Setup emission for producing a lot of item j on machine m. The setup emission are period-independent.


1           1           7.418
1           2           14.398
1           3           38.566
1           4           24.952
2           1           2.847
2           2           9.26
2           3           22.442
2           4           18.555
3           1           9.51
3           2           14.518
3           3           38.64
3           4           25.486
4           1           9.783
4           2           16.665
4           3           11.21
4           4           24.693
5           1           7.092
5           2           12.69
5           3           38.415
5           4           12.78
6           1           3.794
6           2           17.819
6           3           20.335
6           4           22.856
7           1           6.223
7           2           13.058
7           3           34.958
7           4           23.424
8           1           6.623
8           2           18.059
8           3           27.883
8           4           7.607



sc(j, m) - Setup costs for producing a lot of item j on machine m. The setup costs are period-independent.


1           1           38438.4
1           2           19219.2
1           3           9609.6
1           4           12812.8
2           1           31046.4
2           2           15523.2
2           3           7761.6
2           4           10348.8
3           1           48667.08
3           2           24333.54
3           3           12166.77
3           4           16222.36
4           1           31268.16
4           2           15634.08
4           3           7817.04
4           4           10422.72
5           1           42947.52
5           2           21473.76
5           3           10736.88
5           4           14315.84
6           1           52856.907
6           2           26428.453
6           3           13214.227
6           4           17618.969
7           1           49237.907
7           2           24618.953
7           3           12309.477
7           4           16412.636
8           1           68835.947
8           2           34417.973
8           3           17208.987
8           4           22945.316



bc(m) - Fixed investment cost for machine m.


1           14596.203631526452
2           6560.896288401908
3           650.9613945294318
4           1027.8987302704986



ca(m, t) - The available capacity of machine m in period t.


1           1           156.41770018518523
1           2           156.41770018518523
1           3           156.41770018518523
1           4           156.41770018518523
1           5           156.41770018518523
1           6           156.41770018518523
2           1           156.41770018518523
2           2           156.41770018518523
2           3           156.41770018518523
2           4           156.41770018518523
2           5           156.41770018518523
2           6           156.41770018518523
3           1           156.41770018518523
3           2           156.41770018518523
3           3           156.41770018518523
3           4           156.41770018518523
3           5           156.41770018518523
3           6           156.41770018518523
4           1           156.41770018518523
4           2           156.41770018518523
4           3           156.41770018518523
4           4           156.41770018518523
4           5           156.41770018518523
4           6           156.41770018518523



em(t) - The limits of carbon emissions in period t.


1           315.38282416666664
2           315.38282416666664
3           315.38282416666664
4           315.38282416666664
5           315.38282416666664
6           315.38282416666664
