Information for the currently-owned machines and the machines that may be purchased: if 1, the machine can be purchased, otherwise currently-owned.


1           0.0
2           0.0
3           0.0
4           1.0



item_machine_arc(j, m) - The relationship arc between item j and machine m, i.e., machine m is capable of producing item j if item_machine_arc(j, m) = 1.


1           1           0.0
1           2           1.0
1           3           1.0
1           4           0.0
2           1           0.0
2           2           0.0
2           3           1.0
2           4           0.0
3           1           1.0
3           2           1.0
3           3           1.0
3           4           1.0
4           1           1.0
4           2           0.0
4           3           1.0
4           4           1.0
5           1           0.0
5           2           0.0
5           3           0.0
5           4           1.0
6           1           0.0
6           2           0.0
6           3           0.0
6           4           1.0
7           1           0.0
7           2           1.0
7           3           0.0
7           4           0.0
8           1           1.0
8           2           0.0
8           3           0.0
8           4           1.0



d(j, t) - Gross demand for item j in period t.


1           1           31
1           2           50
1           3           36
1           4           34
1           5           48
1           6           32
2           1           34
2           2           34
2           3           45
2           4           34
2           5           34
2           6           41
3           1           32
3           2           38
3           3           44
3           4           34
3           5           46
3           6           34
4           1           30
4           2           31
4           3           45
4           4           50
4           5           45
4           6           30
5           1           46
5           2           41
5           3           49
5           4           40
5           5           50
5           6           39
6           1           41
6           2           41
6           3           37
6           4           44
6           5           42
6           6           45
7           1           50
7           2           46
7           3           45
7           4           50
7           5           45
7           6           30
8           1           36
8           2           32
8           3           45
8           4           36
8           5           30
8           6           35



pt(j, m) - Time required to produce one unit of item j on machine m. The production time is period-independent.


1           1           0.625
1           2           1.115
1           3           1.143
1           4           1.273
2           1           0.502
2           2           1.312
2           3           1.485
2           4           0.916
3           1           1.374
3           2           0.78
3           3           0.707
3           4           1.09
4           1           1.068
4           2           1.471
4           3           0.733
4           4           1.073
5           1           0.679
5           2           0.762
5           3           0.957
5           4           0.771
6           1           1.153
6           2           0.553
6           3           1.006
6           4           1.004
7           1           0.634
7           2           1.426
7           3           0.574
7           4           0.637
8           1           0.948
8           2           0.956
8           3           1.231
8           4           0.888



pc(j, m) - Variable costs of producing one unit of item j on machine m. The production cost is period-independent.


1           1           4.902
1           2           1.949
1           3           8.354
1           4           2.375
2           1           5.219
2           2           1.724
2           3           11.802
2           4           1.748
3           1           2.02
3           2           1.634
3           3           4.26
3           4           2.459
4           1           2.817
4           2           1.02
4           3           9.769
4           4           2.362
5           1           2.884
5           2           2.643
5           3           5.572
5           4           3.685
6           1           4.029
6           2           1.318
6           3           8.99
6           4           3.866
7           1           5.588
7           2           2.43
7           3           4.921
7           4           2.714
8           1           5.622
8           2           2.481
8           3           7.876
8           4           3.396



pe(j, m) - Production emission for producing one unit of item j on machine m. The production emission is period-independent.


1           1           0.982
1           2           2.442
1           3           0.632
1           4           2.438
2           1           1.098
2           2           4.557
2           3           0.496
2           4           1.869
3           1           1.281
3           2           2.255
3           3           0.908
3           4           2.859
4           1           1.012
4           2           4.061
4           3           0.565
4           4           3.352
5           1           2.038
5           2           1.593
5           3           1.076
5           4           1.244
6           1           0.764
6           2           1.459
6           3           1.096
6           4           2.91
7           1           1.324
7           2           3.709
7           3           0.748
7           4           1.3
8           1           1.876
8           2           2.832
8           3           0.778
8           4           2.8



hc(j) - Inventory-holding costs for one unit of item j for one period.


1           0.218
2           0.205
3           0.124
4           0.296
5           0.235
6           0.111
7           0.186
8           0.214



st(j, m) - Setup times for producing a lot of item j on machine m. The setup times are period-independent.


1           1           60.69
1           2           29.487
1           3           93.872
1           4           71.785
2           1           76.451
2           2           67.18
2           3           67.77
2           4           40.437
3           1           27.178
3           2           30.357
3           3           36.744
3           4           27.887
4           1           33.053
4           2           57.405
4           3           41.985
4           4           97.421
5           1           55.792
5           2           88.932
5           3           84.973
5           4           77.566
6           1           54.581
6           2           42.477
6           3           25.735
6           4           83.303
7           1           81.4
7           2           54.543
7           3           35.689
7           4           29.715
8           1           46.433
8           2           64.795
8           3           49.472
8           4           43.376



se(j, m) - Setup emission for producing a lot of item j on machine m. The setup emission are period-independent.


1           1           7.208
1           2           36.071
1           3           8.944
1           4           12.426
2           1           12.214
2           2           35.114
2           3           5.52
2           4           25.199
3           1           12.646
3           2           13.252
3           3           6.842
3           4           21.162
4           1           12.308
4           2           23.738
4           3           7.232
4           4           24.767
5           1           6.191
5           2           29.204
5           3           3.272
5           4           13.008
6           1           13.405
6           2           29.295
6           3           2.914
6           4           9.67
7           1           12.407
7           2           39.398
7           3           7.155
7           4           27.606
8           1           9.253
8           2           24.251
8           3           8.788
8           4           29.704



sc(j, m) - Setup costs for producing a lot of item j on machine m. The setup costs are period-independent.


1           1           25850.44
1           2           12925.22
1           3           51700.88
1           4           17233.627
2           1           23361.8
2           2           11680.9
2           3           46723.6
2           4           15574.533
3           1           14512.96
3           2           7256.48
3           3           29025.92
3           4           9675.307
4           1           35099.68
4           2           17549.84
4           3           70199.36
4           4           23399.787
5           1           31967.833
5           2           15983.917
5           3           63935.667
5           4           21311.889
6           1           14245.0
6           2           7122.5
6           3           28490.0
6           4           9496.667
7           1           25397.68
7           2           12698.84
7           3           50795.36
7           4           16931.787
8           1           23508.613
8           2           11754.307
8           3           47017.227
8           4           15672.409



bc(m) - Fixed investment cost for machine m.


1           598.0377466688602
2           116.39807306110639
3           3322.157206009673
4           5932.273208160015



ca(m, t) - The available capacity of machine m in period t.


1           1           272.3341055555556
1           2           272.3341055555556
1           3           272.3341055555556
1           4           272.3341055555556
1           5           272.3341055555556
1           6           272.3341055555556
2           1           272.3341055555556
2           2           272.3341055555556
2           3           272.3341055555556
2           4           272.3341055555556
2           5           272.3341055555556
2           6           272.3341055555556
3           1           272.3341055555556
3           2           272.3341055555556
3           3           272.3341055555556
3           4           272.3341055555556
3           5           272.3341055555556
3           6           272.3341055555556
4           1           272.3341055555556
4           2           272.3341055555556
4           3           272.3341055555556
4           4           272.3341055555556
4           5           272.3341055555556
4           6           272.3341055555556



em(t) - The limits of carbon emissions in period t.


1           1082.7556483333335
2           1082.7556483333335
3           1082.7556483333335
4           1082.7556483333335
5           1082.7556483333335
6           1082.7556483333335
