Information for the currently-owned machines and the machines that may be purchased: if 1, the machine can be purchased, otherwise currently-owned.


1           0.0
2           0.0
3           0.0
4           1.0



item_machine_arc(j, m) - The relationship arc between item j and machine m, i.e., machine m is capable of producing item j if item_machine_arc(j, m) = 1.


1           1           0.0
1           2           1.0
1           3           0.0
1           4           1.0
2           1           0.0
2           2           1.0
2           3           1.0
2           4           0.0
3           1           1.0
3           2           0.0
3           3           0.0
3           4           1.0
4           1           1.0
4           2           1.0
4           3           1.0
4           4           0.0
5           1           1.0
5           2           0.0
5           3           0.0
5           4           0.0
6           1           0.0
6           2           1.0
6           3           0.0
6           4           0.0
7           1           1.0
7           2           1.0
7           3           1.0
7           4           1.0
8           1           1.0
8           2           0.0
8           3           0.0
8           4           0.0



d(j, t) - Gross demand for item j in period t.


1           1           38
1           2           37
1           3           32
1           4           46
1           5           42
1           6           49
2           1           32
2           2           50
2           3           42
2           4           44
2           5           35
2           6           47
3           1           47
3           2           30
3           3           40
3           4           43
3           5           42
3           6           32
4           1           36
4           2           35
4           3           43
4           4           35
4           5           42
4           6           38
5           1           37
5           2           43
5           3           34
5           4           49
5           5           35
5           6           40
6           1           45
6           2           48
6           3           43
6           4           40
6           5           38
6           6           33
7           1           40
7           2           33
7           3           31
7           4           49
7           5           35
7           6           46
8           1           38
8           2           42
8           3           42
8           4           45
8           5           46
8           6           46



pt(j, m) - Time required to produce one unit of item j on machine m. The production time is period-independent.


1           1           0.909
1           2           1.291
1           3           1.062
1           4           1.468
2           1           0.87
2           2           1.279
2           3           0.607
2           4           1.221
3           1           1.242
3           2           1.09
3           3           1.205
3           4           1.132
4           1           0.829
4           2           1.034
4           3           0.526
4           4           1.317
5           1           0.813
5           2           0.818
5           3           0.972
5           4           1.299
6           1           1.097
6           2           0.775
6           3           0.857
6           4           1.168
7           1           0.994
7           2           0.772
7           3           1.136
7           4           0.802
8           1           1.494
8           2           1.056
8           3           1.279
8           4           0.936



pc(j, m) - Variable costs of producing one unit of item j on machine m. The production cost is period-independent.


1           1           2.889
1           2           10.703
1           3           2.334
1           4           5.224
2           1           2.583
2           2           10.203
2           3           1.499
2           4           4.308
3           1           2.873
3           2           9.237
3           3           1.549
3           4           4.281
4           1           1.962
4           2           6.115
4           3           1.382
4           4           2.744
5           1           1.677
5           2           6.282
5           3           2.746
5           4           3.554
6           1           1.979
6           2           6.691
6           3           1.399
6           4           2.737
7           1           3.292
7           2           9.251
7           3           1.489
7           4           4.857
8           1           3.543
8           2           10.485
8           3           2.137
8           4           3.294



pe(j, m) - Production emission for producing one unit of item j on machine m. The production emission is period-independent.


1           1           2.627
1           2           1.14
1           3           4.397
1           4           1.062
2           1           2.023
2           2           0.537
2           3           4.002
2           4           0.586
3           1           1.242
3           2           0.418
3           3           3.567
3           4           1.283
4           1           3.717
4           2           0.403
4           3           2.659
4           4           2.457
5           1           3.021
5           2           1.206
5           3           3.561
5           4           0.855
6           1           1.246
6           2           0.974
6           3           4.939
6           4           1.256
7           1           2.25
7           2           0.552
7           3           4.921
7           4           1.81
8           1           2.262
8           2           0.815
8           3           4.816
8           4           0.823



hc(j) - Inventory-holding costs for one unit of item j for one period.


1           0.17
2           0.182
3           0.217
4           0.118
5           0.249
6           0.113
7           0.244
8           0.282



st(j, m) - Setup times for producing a lot of item j on machine m. The setup times are period-independent.


1           1           8.468
1           2           13.866
1           3           5.014
1           4           14.749
2           1           9.203
2           2           5.956
2           3           13.764
2           4           13.065
3           1           11.337
3           2           8.691
3           3           15.568
3           4           10.054
4           1           16.06
4           2           18.569
4           3           13.136
4           4           11.549
5           1           10.738
5           2           7.013
5           3           15.786
5           4           13.702
6           1           11.527
6           2           18.698
6           3           18.526
6           4           11.712
7           1           6.921
7           2           5.061
7           3           19.126
7           4           17.6
8           1           8.975
8           2           13.608
8           3           14.691
8           4           10.613



se(j, m) - Setup emission for producing a lot of item j on machine m. The setup emission are period-independent.


1           1           108.621
1           2           47.935
1           3           181.945
1           4           52.219
2           1           113.692
2           2           25.612
2           3           107.456
2           4           88.11
3           1           117.466
3           2           22.786
3           3           149.079
3           4           78.312
4           1           43.427
4           2           20.344
4           3           147.609
4           4           93.853
5           1           121.89
5           2           45.75
5           3           115.461
5           4           30.599
6           1           37.791
6           2           44.921
6           3           137.789
6           4           68.124
7           1           100.37
7           2           35.032
7           3           125.701
7           4           79.001
8           1           67.143
8           2           31.909
8           3           168.219
8           4           98.849



sc(j, m) - Setup costs for producing a lot of item j on machine m. The setup costs are period-independent.


1           1           14195.378
1           2           42586.133
1           3           10646.533
1           4           21293.067
2           1           15571.111
2           2           46713.333
2           3           11678.333
2           4           23356.667
3           1           17377.36
3           2           52132.08
3           3           13033.02
3           4           26066.04
4           1           9247.529
4           2           27742.587
4           3           6935.647
4           4           13871.293
5           1           20280.773
5           2           60842.32
5           3           15210.58
5           4           30421.16
6           1           9551.764
6           2           28655.293
6           3           7163.823
6           4           14327.647
7           1           19539.52
7           2           58618.56
7           3           14654.64
7           4           29309.28
8           1           24995.227
8           2           74985.68
8           3           18746.42
8           4           37492.84



bc(m) - Fixed investment cost for machine m.


1           5172.086327217223
2           18971.912395440344
3           1247.9718460023848
4           2309.1847445735125



ca(m, t) - The available capacity of machine m in period t.


1           1           180.84370370370368
1           2           180.84370370370368
1           3           180.84370370370368
1           4           180.84370370370368
1           5           180.84370370370368
1           6           180.84370370370368
2           1           180.84370370370368
2           2           180.84370370370368
2           3           180.84370370370368
2           4           180.84370370370368
2           5           180.84370370370368
2           6           180.84370370370368
3           1           180.84370370370368
3           2           180.84370370370368
3           3           180.84370370370368
3           4           180.84370370370368
3           5           180.84370370370368
3           6           180.84370370370368
4           1           180.84370370370368
4           2           180.84370370370368
4           3           180.84370370370368
4           4           180.84370370370368
4           5           180.84370370370368
4           6           180.84370370370368



em(t) - The limits of carbon emissions in period t.


1           1428.0528227777777
2           1428.0528227777777
3           1428.0528227777777
4           1428.0528227777777
5           1428.0528227777777
6           1428.0528227777777
