Information for the currently-owned machines and the machines that may be purchased: if 1, the machine can be purchased, otherwise currently-owned.


1           0.0
2           0.0
3           1.0
4           0.0



item_machine_arc(j, m) - The relationship arc between item j and machine m, i.e., machine m is capable of producing item j if item_machine_arc(j, m) = 1.


1           1           1.0
1           2           1.0
1           3           1.0
1           4           1.0
2           1           1.0
2           2           1.0
2           3           0.0
2           4           1.0
3           1           1.0
3           2           1.0
3           3           1.0
3           4           1.0
4           1           0.0
4           2           0.0
4           3           1.0
4           4           0.0
5           1           1.0
5           2           1.0
5           3           0.0
5           4           0.0
6           1           1.0
6           2           1.0
6           3           0.0
6           4           0.0
7           1           1.0
7           2           1.0
7           3           1.0
7           4           1.0
8           1           0.0
8           2           0.0
8           3           1.0
8           4           0.0



d(j, t) - Gross demand for item j in period t.


1           1           46
1           2           32
1           3           32
1           4           48
1           5           30
1           6           50
2           1           38
2           2           37
2           3           33
2           4           35
2           5           42
2           6           43
3           1           34
3           2           48
3           3           42
3           4           31
3           5           35
3           6           48
4           1           37
4           2           31
4           3           50
4           4           35
4           5           41
4           6           45
5           1           30
5           2           31
5           3           48
5           4           41
5           5           30
5           6           43
6           1           36
6           2           33
6           3           32
6           4           31
6           5           31
6           6           32
7           1           30
7           2           45
7           3           37
7           4           45
7           5           35
7           6           32
8           1           41
8           2           49
8           3           40
8           4           44
8           5           30
8           6           50



pt(j, m) - Time required to produce one unit of item j on machine m. The production time is period-independent.


1           1           1.394
1           2           1.135
1           3           1.124
1           4           0.97
2           1           0.856
2           2           0.776
2           3           0.781
2           4           0.549
3           1           0.892
3           2           0.686
3           3           0.858
3           4           1.041
4           1           0.741
4           2           1.373
4           3           1.34
4           4           1.352
5           1           1.217
5           2           0.918
5           3           0.6
5           4           0.717
6           1           0.755
6           2           0.777
6           3           1.31
6           4           1.189
7           1           0.744
7           2           0.597
7           3           0.991
7           4           1.211
8           1           1.497
8           2           0.777
8           3           1.327
8           4           1.214



pc(j, m) - Variable costs of producing one unit of item j on machine m. The production cost is period-independent.


1           1           2.679
1           2           3.182
1           3           2.083
1           4           11.54
2           1           2.288
2           2           2.241
2           3           1.116
2           4           9.627
3           1           1.349
3           2           3.304
3           3           1.689
3           4           11.524
4           1           1.377
4           2           4.757
4           3           2.379
4           4           6.243
5           1           2.803
5           2           5.806
5           3           2.942
5           4           5.507
6           1           2.489
6           2           4.978
6           3           2.133
6           4           11.594
7           1           2.513
7           2           5.048
7           3           2.23
7           4           7.714
8           1           3.796
8           2           5.017
8           3           1.88
8           4           10.33



pe(j, m) - Production emission for producing one unit of item j on machine m. The production emission is period-independent.


1           1           0.292
1           2           0.42
1           3           0.38
1           4           0.146
2           1           0.44
2           2           0.127
2           3           0.419
2           4           0.137
3           1           0.238
3           2           0.307
3           3           0.42
3           4           0.107
4           1           0.434
4           2           0.233
4           3           0.758
4           4           0.241
5           1           0.362
5           2           0.494
5           3           0.277
5           4           0.222
6           1           0.624
6           2           0.112
6           3           0.654
6           4           0.127
7           1           0.568
7           2           0.237
7           3           0.536
7           4           0.212
8           1           0.186
8           2           0.289
8           3           0.915
8           4           0.08



hc(j) - Inventory-holding costs for one unit of item j for one period.


1           0.188
2           0.233
3           0.268
4           0.195
5           0.26
6           0.277
7           0.274
8           0.194



st(j, m) - Setup times for producing a lot of item j on machine m. The setup times are period-independent.


1           1           6.776
1           2           12.164
1           3           17.3
1           4           19.897
2           1           11.183
2           2           9.562
2           3           14.152
2           4           13.47
3           1           9.358
3           2           8.327
3           3           6.998
3           4           19.68
4           1           15.676
4           2           8.653
4           3           15.017
4           4           8.652
5           1           5.84
5           2           7.239
5           3           12.995
5           4           7.487
6           1           6.782
6           2           14.063
6           3           14.857
6           4           12.422
7           1           11.513
7           2           8.095
7           3           6.987
7           4           18.749
8           1           19.201
8           2           8.188
8           3           7.88
8           4           7.958



se(j, m) - Setup emission for producing a lot of item j on machine m. The setup emission are period-independent.


1           1           26.323
1           2           6.544
1           3           24.971
1           4           9.544
2           1           15.783
2           2           15.942
2           3           23.874
2           4           4.97
3           1           24.32
3           2           18.24
3           3           35.388
3           4           7.305
4           1           23.155
4           2           10.753
4           3           33.313
4           4           9.864
5           1           20.035
5           2           13.724
5           3           25.349
5           4           9.068
6           1           14.352
6           2           5.219
6           3           35.494
6           4           4.755
7           1           26.04
7           2           17.632
7           3           33.888
7           4           9.773
8           1           12.915
8           2           14.837
8           3           30.931
8           4           6.674



sc(j, m) - Setup costs for producing a lot of item j on machine m. The setup costs are period-independent.


1           1           13920.356
1           2           20880.533
1           3           10440.267
1           4           41761.067
2           1           16527.467
2           2           24791.2
2           3           12395.6
2           4           49582.4
3           1           19843.911
3           2           29765.867
3           3           14882.933
3           4           59531.733
4           1           14499.333
4           2           21749.0
4           3           10874.5
4           4           43498.0
5           1           18038.222
5           2           27057.333
5           3           13528.667
5           4           54114.667
6           1           16804.667
6           2           25207.0
6           3           12603.5
6           4           50414.0
7           1           19094.756
7           2           28642.133
7           3           14321.067
7           4           57284.267
8           1           15330.311
8           2           22995.467
8           3           11497.733
8           4           45990.933



bc(m) - Fixed investment cost for machine m.


1           4894.977898945069
2           7110.034699892447
3           829.9892284281635
4           7871.7320397285985



ca(m, t) - The available capacity of machine m in period t.


1           1           167.53562777777776
1           2           167.53562777777776
1           3           167.53562777777776
1           4           167.53562777777776
1           5           167.53562777777776
1           6           167.53562777777776
2           1           167.53562777777776
2           2           167.53562777777776
2           3           167.53562777777776
2           4           167.53562777777776
2           5           167.53562777777776
2           6           167.53562777777776
3           1           167.53562777777776
3           2           167.53562777777776
3           3           167.53562777777776
3           4           167.53562777777776
3           5           167.53562777777776
3           6           167.53562777777776
4           1           167.53562777777776
4           2           167.53562777777776
4           3           167.53562777777776
4           4           167.53562777777776
4           5           167.53562777777776
4           6           167.53562777777776



em(t) - The limits of carbon emissions in period t.


1           314.5545666666667
2           314.5545666666667
3           314.5545666666667
4           314.5545666666667
5           314.5545666666667
6           314.5545666666667
