Information for the currently-owned machines and the machines that may be purchased: if 1, the machine can be purchased, otherwise currently-owned.


1           0.0
2           1.0
3           0.0
4           0.0



item_machine_arc(j, m) - The relationship arc between item j and machine m, i.e., machine m is capable of producing item j if item_machine_arc(j, m) = 1.


1           1           1.0
1           2           1.0
1           3           1.0
1           4           1.0
2           1           0.0
2           2           0.0
2           3           1.0
2           4           0.0
3           1           1.0
3           2           1.0
3           3           1.0
3           4           0.0
4           1           1.0
4           2           0.0
4           3           0.0
4           4           0.0
5           1           1.0
5           2           1.0
5           3           0.0
5           4           0.0
6           1           0.0
6           2           0.0
6           3           1.0
6           4           0.0
7           1           0.0
7           2           1.0
7           3           1.0
7           4           0.0
8           1           1.0
8           2           1.0
8           3           1.0
8           4           1.0



d(j, t) - Gross demand for item j in period t.


1           1           33
1           2           49
1           3           41
1           4           33
1           5           39
1           6           45
2           1           37
2           2           43
2           3           36
2           4           37
2           5           41
2           6           37
3           1           45
3           2           34
3           3           48
3           4           44
3           5           49
3           6           47
4           1           36
4           2           47
4           3           37
4           4           37
4           5           45
4           6           47
5           1           43
5           2           44
5           3           31
5           4           38
5           5           31
5           6           45
6           1           42
6           2           39
6           3           39
6           4           32
6           5           37
6           6           34
7           1           37
7           2           47
7           3           40
7           4           46
7           5           50
7           6           46
8           1           43
8           2           34
8           3           36
8           4           42
8           5           40
8           6           31



pt(j, m) - Time required to produce one unit of item j on machine m. The production time is period-independent.


1           1           0.514
1           2           0.614
1           3           1.388
1           4           0.9
2           1           0.911
2           2           1.347
2           3           1.397
2           4           1.471
3           1           1.046
3           2           1.442
3           3           1.469
3           4           0.661
4           1           1.175
4           2           0.692
4           3           0.809
4           4           1.435
5           1           1.208
5           2           1.064
5           3           1.355
5           4           0.612
6           1           0.893
6           2           0.852
6           3           0.917
6           4           1.293
7           1           0.73
7           2           0.575
7           3           1.199
7           4           0.906
8           1           0.959
8           2           1.004
8           3           1.102
8           4           1.017



pc(j, m) - Variable costs of producing one unit of item j on machine m. The production cost is period-independent.


1           1           2.066
1           2           2.207
1           3           2.659
1           4           10.985
2           1           4.344
2           2           1.851
2           3           1.879
2           4           6.631
3           1           4.046
3           2           2.399
3           3           3.81
3           4           5.488
4           1           5.671
4           2           2.424
4           3           3.289
4           4           4.439
5           1           4.526
5           2           1.098
5           3           1.868
5           4           11.323
6           1           3.604
6           2           2.47
6           3           1.616
6           4           4.578
7           1           2.995
7           2           2.594
7           3           3.527
7           4           5.243
8           1           5.558
8           2           2.745
8           3           3.054
8           4           9.265



pe(j, m) - Production emission for producing one unit of item j on machine m. The production emission is period-independent.


1           1           1.155
1           2           3.528
1           3           3.215
1           4           1.206
2           1           0.718
2           2           2.813
2           3           3.643
2           4           0.614
3           1           2.09
3           2           3.912
3           3           2.472
3           4           1.24
4           1           1.936
4           2           2.919
4           3           3.333
4           4           0.308
5           1           0.599
5           2           1.73
5           3           1.798
5           4           0.721
6           1           0.76
6           2           4.591
6           3           2.365
6           4           0.731
7           1           1.792
7           2           3.59
7           3           2.184
7           4           0.251
8           1           1.509
8           2           4.247
8           3           2.334
8           4           1.217



hc(j) - Inventory-holding costs for one unit of item j for one period.


1           0.28
2           0.267
3           0.258
4           0.204
5           0.107
6           0.103
7           0.115
8           0.182



st(j, m) - Setup times for producing a lot of item j on machine m. The setup times are period-independent.


1           1           17.539
1           2           10.467
1           3           8.475
1           4           9.666
2           1           11.328
2           2           18.023
2           3           10.623
2           4           19.758
3           1           16.576
3           2           17.715
3           3           6.269
3           4           12.565
4           1           11.71
4           2           12.148
4           3           14.585
4           4           19.311
5           1           8.815
5           2           16.425
5           3           19.277
5           4           9.92
6           1           11.283
6           2           9.798
6           3           19.35
6           4           18.859
7           1           14.798
7           2           11.438
7           3           9.391
7           4           17.381
8           1           14.325
8           2           15.451
8           3           11.243
8           4           8.058



se(j, m) - Setup emission for producing a lot of item j on machine m. The setup emission are period-independent.


1           1           58.317
1           2           52.268
1           3           131.547
1           4           15.469
2           1           63.697
2           2           92.924
2           3           122.587
2           4           45.415
3           1           25.446
3           2           156.123
3           3           149.314
3           4           29.601
4           1           92.746
4           2           52.909
4           3           89.235
4           4           39.242
5           1           78.344
5           2           71.278
5           3           149.432
5           4           14.499
6           1           58.49
6           2           84.129
6           3           52.755
6           4           21.755
7           1           47.698
7           2           56.932
7           3           105.474
7           4           36.914
8           1           38.983
8           2           158.118
8           3           128.586
8           4           23.809



sc(j, m) - Setup costs for producing a lot of item j on machine m. The setup costs are period-independent.


1           1           31360.0
1           2           15680.0
1           3           20906.667
1           4           62720.0
2           1           28782.6
2           2           14391.3
2           3           19188.4
2           4           57565.2
3           1           32146.8
3           2           16073.4
3           3           21431.2
3           4           64293.6
4           1           23704.8
4           2           11852.4
4           3           15803.2
4           4           47409.6
5           1           11584.533
5           2           5792.267
5           3           7723.022
5           4           23169.067
6           1           10718.867
6           2           5359.433
6           3           7145.911
6           4           21437.733
7           1           14275.333
7           2           7137.667
7           3           9516.889
7           4           28550.667
8           1           19194.933
8           2           9597.467
8           3           12796.622
8           4           38389.867



bc(m) - Fixed investment cost for machine m.


1           1276.5510941572045
2           552.1316486273997
3           4924.929503194488
4           3925.1157965246184



ca(m, t) - The available capacity of machine m in period t.


1           1           206.45954388888893
1           2           206.45954388888893
1           3           206.45954388888893
1           4           206.45954388888893
1           5           206.45954388888893
1           6           206.45954388888893
2           1           206.45954388888893
2           2           206.45954388888893
2           3           206.45954388888893
2           4           206.45954388888893
2           5           206.45954388888893
2           6           206.45954388888893
3           1           206.45954388888893
3           2           206.45954388888893
3           3           206.45954388888893
3           4           206.45954388888893
3           5           206.45954388888893
3           6           206.45954388888893
4           1           206.45954388888893
4           2           206.45954388888893
4           3           206.45954388888893
4           4           206.45954388888893
4           5           206.45954388888893
4           6           206.45954388888893



em(t) - The limits of carbon emissions in period t.


1           1738.6295208333331
2           1738.6295208333331
3           1738.6295208333331
4           1738.6295208333331
5           1738.6295208333331
6           1738.6295208333331
