Information for the currently-owned machines and the machines that may be purchased: if 1, the machine can be purchased, otherwise currently-owned.


1           0.0
2           0.0
3           0.0
4           1.0



item_machine_arc(j, m) - The relationship arc between item j and machine m, i.e., machine m is capable of producing item j if item_machine_arc(j, m) = 1.


1           1           1.0
1           2           1.0
1           3           0.0
1           4           1.0
2           1           0.0
2           2           1.0
2           3           1.0
2           4           1.0
3           1           0.0
3           2           1.0
3           3           1.0
3           4           1.0
4           1           0.0
4           2           0.0
4           3           0.0
4           4           1.0
5           1           0.0
5           2           0.0
5           3           0.0
5           4           1.0
6           1           1.0
6           2           1.0
6           3           1.0
6           4           1.0
7           1           0.0
7           2           1.0
7           3           1.0
7           4           0.0
8           1           1.0
8           2           0.0
8           3           1.0
8           4           0.0



d(j, t) - Gross demand for item j in period t.


1           1           45
1           2           40
1           3           42
1           4           33
1           5           35
1           6           45
2           1           44
2           2           30
2           3           41
2           4           37
2           5           42
2           6           45
3           1           49
3           2           40
3           3           30
3           4           50
3           5           41
3           6           36
4           1           37
4           2           49
4           3           46
4           4           35
4           5           48
4           6           35
5           1           42
5           2           40
5           3           36
5           4           40
5           5           30
5           6           45
6           1           46
6           2           36
6           3           39
6           4           38
6           5           35
6           6           44
7           1           50
7           2           32
7           3           37
7           4           47
7           5           48
7           6           47
8           1           32
8           2           38
8           3           34
8           4           35
8           5           33
8           6           49



pt(j, m) - Time required to produce one unit of item j on machine m. The production time is period-independent.


1           1           1.207
1           2           1.285
1           3           0.758
1           4           1.406
2           1           0.629
2           2           0.792
2           3           0.703
2           4           1.124
3           1           1.396
3           2           1.139
3           3           0.922
3           4           0.529
4           1           1.495
4           2           0.612
4           3           0.69
4           4           0.826
5           1           1.386
5           2           1.466
5           3           1.498
5           4           1.225
6           1           0.882
6           2           0.986
6           3           0.712
6           4           0.682
7           1           1.317
7           2           0.897
7           3           1.495
7           4           1.222
8           1           1.105
8           2           0.947
8           3           0.528
8           4           1.322



pc(j, m) - Variable costs of producing one unit of item j on machine m. The production cost is period-independent.


1           1           6.405
1           2           2.778
1           3           1.99
1           4           3.099
2           1           10.857
2           2           1.468
2           3           2.095
2           4           5.295
3           1           4.238
3           2           3.762
3           3           2.538
3           4           2.045
4           1           6.344
4           2           3.229
4           3           1.841
4           4           4.26
5           1           11.874
5           2           2.818
5           3           2.355
5           4           3.758
6           1           5.227
6           2           1.77
6           3           2.715
6           4           4.12
7           1           11.788
7           2           3.384
7           3           1.481
7           4           5.393
8           1           10.813
8           2           1.664
8           3           2.008
8           4           5.616



pe(j, m) - Production emission for producing one unit of item j on machine m. The production emission is period-independent.


1           1           0.145
1           2           0.602
1           3           0.692
1           4           0.248
2           1           0.052
2           2           0.333
2           3           0.291
2           4           0.305
3           1           0.189
3           2           0.359
3           3           0.352
3           4           0.145
4           1           0.133
4           2           0.311
4           3           0.833
4           4           0.46
5           1           0.098
5           2           0.642
5           3           0.367
5           4           0.453
6           1           0.144
6           2           0.713
6           3           0.409
6           4           0.331
7           1           0.206
7           2           0.396
7           3           0.762
7           4           0.395
8           1           0.069
8           2           0.426
8           3           0.534
8           4           0.253



hc(j) - Inventory-holding costs for one unit of item j for one period.


1           0.125
2           0.276
3           0.2
4           0.107
5           0.175
6           0.192
7           0.157
8           0.121



st(j, m) - Setup times for producing a lot of item j on machine m. The setup times are period-independent.


1           1           8.671
1           2           10.761
1           3           16.589
1           4           11.975
2           1           15.873
2           2           7.765
2           3           5.058
2           4           8.614
3           1           14.489
3           2           13.354
3           3           5.794
3           4           17.932
4           1           6.069
4           2           16.546
4           3           12.204
4           4           9.588
5           1           17.809
5           2           5.922
5           3           14.72
5           4           16.184
6           1           15.355
6           2           11.341
6           3           13.96
6           4           16.857
7           1           5.798
7           2           16.936
7           3           11.957
7           4           10.361
8           1           18.04
8           2           12.97
8           3           5.276
8           4           14.231



se(j, m) - Setup emission for producing a lot of item j on machine m. The setup emission are period-independent.


1           1           31.028
1           2           127.592
1           3           139.844
1           4           71.991
2           1           24.322
2           2           68.422
2           3           90.306
2           4           82.572
3           1           21.182
3           2           129.743
3           3           157.299
3           4           35.216
4           1           47.992
4           2           85.561
4           3           181.627
4           4           53.917
5           1           26.384
5           2           143.893
5           3           148.716
5           4           63.027
6           1           32.551
6           2           114.328
6           3           81.475
6           4           95.908
7           1           37.759
7           2           49.548
7           3           127.206
7           4           97.237
8           1           16.469
8           2           84.84
8           3           146.259
8           4           99.94



sc(j, m) - Setup costs for producing a lot of item j on machine m. The setup costs are period-independent.


1           1           28000.0
1           2           9333.333
1           3           7000.0
1           4           14000.0
2           1           61566.4
2           2           20522.133
2           3           15391.6
2           4           30783.2
3           1           45920.0
3           2           15306.667
3           3           11480.0
3           4           22960.0
4           1           24966.667
4           2           8322.222
4           3           6241.667
4           4           12483.333
5           1           38056.667
5           2           12685.556
5           3           9514.167
5           4           19028.333
6           1           42649.6
6           2           14216.533
6           3           10662.4
6           4           21324.8
7           1           38245.2
7           2           12748.4
7           3           9561.3
7           4           19122.6
8           1           24958.267
8           2           8319.422
8           3           6239.567
8           4           12479.133



bc(m) - Fixed investment cost for machine m.


1           9247.453273299923
2           1835.1819446812483
3           1530.8787866108657
4           7829.118588312127



ca(m, t) - The available capacity of machine m in period t.


1           1           171.12446944444443
1           2           171.12446944444443
1           3           171.12446944444443
1           4           171.12446944444443
1           5           171.12446944444443
1           6           171.12446944444443
2           1           171.12446944444443
2           2           171.12446944444443
2           3           171.12446944444443
2           4           171.12446944444443
2           5           171.12446944444443
2           6           171.12446944444443
3           1           171.12446944444443
3           2           171.12446944444443
3           3           171.12446944444443
3           4           171.12446944444443
3           5           171.12446944444443
3           6           171.12446944444443
4           1           171.12446944444443
4           2           171.12446944444443
4           3           171.12446944444443
4           4           171.12446944444443
4           5           171.12446944444443
4           6           171.12446944444443



em(t) - The limits of carbon emissions in period t.


1           619.393561111111
2           619.393561111111
3           619.393561111111
4           619.393561111111
5           619.393561111111
6           619.393561111111
