Information for the currently-owned machines and the machines that may be purchased: if 1, the machine can be purchased, otherwise currently-owned.


1           0.0
2           0.0
3           0.0
4           1.0



item_machine_arc(j, m) - The relationship arc between item j and machine m, i.e., machine m is capable of producing item j if item_machine_arc(j, m) = 1.


1           1           1.0
1           2           1.0
1           3           1.0
1           4           1.0
2           1           0.0
2           2           1.0
2           3           1.0
2           4           1.0
3           1           0.0
3           2           0.0
3           3           1.0
3           4           0.0
4           1           0.0
4           2           1.0
4           3           1.0
4           4           1.0
5           1           1.0
5           2           1.0
5           3           0.0
5           4           1.0
6           1           0.0
6           2           0.0
6           3           0.0
6           4           1.0
7           1           0.0
7           2           0.0
7           3           1.0
7           4           0.0
8           1           0.0
8           2           1.0
8           3           0.0
8           4           0.0



d(j, t) - Gross demand for item j in period t.


1           1           35
1           2           32
1           3           40
1           4           47
1           5           35
1           6           45
2           1           39
2           2           40
2           3           36
2           4           39
2           5           42
2           6           36
3           1           39
3           2           45
3           3           42
3           4           34
3           5           49
3           6           32
4           1           46
4           2           40
4           3           41
4           4           36
4           5           43
4           6           49
5           1           30
5           2           44
5           3           39
5           4           32
5           5           46
5           6           33
6           1           50
6           2           40
6           3           41
6           4           42
6           5           33
6           6           38
7           1           50
7           2           34
7           3           34
7           4           45
7           5           34
7           6           38
8           1           38
8           2           38
8           3           31
8           4           45
8           5           33
8           6           39



pt(j, m) - Time required to produce one unit of item j on machine m. The production time is period-independent.


1           1           1.211
1           2           1.145
1           3           1.443
1           4           0.612
2           1           0.658
2           2           1.232
2           3           1.472
2           4           1.372
3           1           0.664
3           2           0.949
3           3           1.073
3           4           0.934
4           1           1.02
4           2           1.487
4           3           0.934
4           4           1.405
5           1           0.879
5           2           0.843
5           3           1.358
5           4           1.155
6           1           1.39
6           2           1.097
6           3           0.611
6           4           1.243
7           1           0.504
7           2           1.11
7           3           1.46
7           4           1.167
8           1           1.33
8           2           1.292
8           3           1.294
8           4           1.07



pc(j, m) - Variable costs of producing one unit of item j on machine m. The production cost is period-independent.


1           1           3.292
1           2           7.242
1           3           3.626
1           4           2.998
2           1           3.65
2           2           6.374
2           3           3.607
2           4           1.339
3           1           4.428
3           2           6.111
3           3           3.671
3           4           1.955
4           1           2.198
4           2           7.61
4           3           2.389
4           4           1.895
5           1           4.197
5           2           6.957
5           3           1.874
5           4           2.145
6           1           3.786
6           2           10.416
6           3           3.48
6           4           1.354
7           1           3.602
7           2           5.178
7           3           2.85
7           4           2.046
8           1           2.79
8           2           8.847
8           3           3.081
8           4           1.587



pe(j, m) - Production emission for producing one unit of item j on machine m. The production emission is period-independent.


1           1           0.725
1           2           0.47
1           3           1.921
1           4           1.291
2           1           1.146
2           2           0.597
2           3           1.695
2           4           2.344
3           1           2.216
3           2           0.956
3           3           2.039
3           4           1.334
4           1           2.187
4           2           0.598
4           3           1.234
4           4           2.551
5           1           1.433
5           2           0.623
5           3           3.262
5           4           1.355
6           1           0.934
6           2           0.998
6           3           3.471
6           4           1.448
7           1           2.282
7           2           1.018
7           3           3.522
7           4           2.695
8           1           0.95
8           2           0.88
8           3           2.267
8           4           3.128



hc(j) - Inventory-holding costs for one unit of item j for one period.


1           0.228
2           0.269
3           0.115
4           0.259
5           0.142
6           0.126
7           0.162
8           0.215



st(j, m) - Setup times for producing a lot of item j on machine m. The setup times are period-independent.


1           1           50.016
1           2           68.702
1           3           45.959
1           4           64.34
2           1           70.444
2           2           82.774
2           3           31.947
2           4           74.294
3           1           67.243
3           2           66.735
3           3           97.086
3           4           86.703
4           1           26.399
4           2           37.653
4           3           55.073
4           4           78.409
5           1           55.03
5           2           39.897
5           3           48.369
5           4           43.899
6           1           55.97
6           2           42.928
6           3           57.835
6           4           76.207
7           1           92.768
7           2           79.272
7           3           99.175
7           4           68.258
8           1           45.589
8           2           44.882
8           3           85.511
8           4           42.078



se(j, m) - Setup emission for producing a lot of item j on machine m. The setup emission are period-independent.


1           1           12.696
1           2           9.278
1           3           23.659
1           4           36.351
2           1           9.785
2           2           4.916
2           3           8.648
2           4           39.587
3           1           6.637
3           2           8.053
3           3           16.103
3           4           29.816
4           1           11.534
4           2           5.753
4           3           25.364
4           4           11.531
5           1           16.746
5           2           4.412
5           3           13.672
5           4           21.085
6           1           12.328
6           2           5.6
6           3           12.71
6           4           21.396
7           1           16.634
7           2           3.46
7           3           14.6
7           4           26.816
8           1           18.293
8           2           6.398
8           3           19.141
8           4           21.532



sc(j, m) - Setup costs for producing a lot of item j on machine m. The setup costs are period-independent.


1           1           27387.36
1           2           54774.72
1           3           18258.24
1           4           13693.68
2           1           32036.107
2           2           64072.213
2           3           21357.404
2           4           16018.053
3           1           14227.033
3           2           28454.067
3           3           9484.689
3           4           7113.517
4           1           33903.1
4           2           67806.2
4           3           22602.067
4           4           16951.55
5           1           16328.107
5           2           32656.213
5           3           10885.404
5           4           8164.053
6           1           15781.92
6           2           31563.84
6           3           10521.28
6           4           7890.96
7           1           19542.6
7           2           39085.2
7           3           13028.4
7           4           9771.3
8           1           24722.133
8           2           49444.267
8           3           16481.422
8           4           12361.067



bc(m) - Fixed investment cost for machine m.


1           3115.0035075216397
2           11425.882931837701
3           1543.8835362794111
4           4776.935041093213



ca(m, t) - The available capacity of machine m in period t.


1           1           336.27285287037034
1           2           336.27285287037034
1           3           336.27285287037034
1           4           336.27285287037034
1           5           336.27285287037034
1           6           336.27285287037034
2           1           336.27285287037034
2           2           336.27285287037034
2           3           336.27285287037034
2           4           336.27285287037034
2           5           336.27285287037034
2           6           336.27285287037034
3           1           336.27285287037034
3           2           336.27285287037034
3           3           336.27285287037034
3           4           336.27285287037034
3           5           336.27285287037034
3           6           336.27285287037034
4           1           336.27285287037034
4           2           336.27285287037034
4           3           336.27285287037034
4           4           336.27285287037034
4           5           336.27285287037034
4           6           336.27285287037034



em(t) - The limits of carbon emissions in period t.


1           813.8880944444444
2           813.8880944444444
3           813.8880944444444
4           813.8880944444444
5           813.8880944444444
6           813.8880944444444
