Information for the currently-owned machines and the machines that may be purchased: if 1, the machine can be purchased, otherwise currently-owned.


1           1.0
2           0.0
3           0.0
4           0.0



item_machine_arc(j, m) - The relationship arc between item j and machine m, i.e., machine m is capable of producing item j if item_machine_arc(j, m) = 1.


1           1           1.0
1           2           1.0
1           3           0.0
1           4           1.0
2           1           1.0
2           2           0.0
2           3           1.0
2           4           1.0
3           1           0.0
3           2           0.0
3           3           1.0
3           4           1.0
4           1           0.0
4           2           0.0
4           3           1.0
4           4           0.0
5           1           0.0
5           2           0.0
5           3           0.0
5           4           1.0
6           1           1.0
6           2           0.0
6           3           0.0
6           4           1.0
7           1           1.0
7           2           1.0
7           3           1.0
7           4           1.0
8           1           1.0
8           2           0.0
8           3           0.0
8           4           1.0



d(j, t) - Gross demand for item j in period t.


1           1           39
1           2           30
1           3           43
1           4           42
1           5           40
1           6           33
2           1           30
2           2           33
2           3           30
2           4           42
2           5           32
2           6           48
3           1           50
3           2           46
3           3           50
3           4           36
3           5           49
3           6           30
4           1           42
4           2           44
4           3           45
4           4           47
4           5           30
4           6           41
5           1           48
5           2           47
5           3           49
5           4           48
5           5           49
5           6           33
6           1           34
6           2           36
6           3           43
6           4           46
6           5           50
6           6           42
7           1           50
7           2           43
7           3           42
7           4           30
7           5           50
7           6           31
8           1           34
8           2           43
8           3           42
8           4           36
8           5           37
8           6           44



pt(j, m) - Time required to produce one unit of item j on machine m. The production time is period-independent.


1           1           1.304
1           2           0.557
1           3           1.476
1           4           1.214
2           1           0.84
2           2           1.01
2           3           0.537
2           4           1.396
3           1           0.763
3           2           0.566
3           3           1.357
3           4           0.827
4           1           0.574
4           2           1.068
4           3           1.384
4           4           0.568
5           1           1.392
5           2           1.154
5           3           0.818
5           4           0.774
6           1           0.742
6           2           0.639
6           3           0.934
6           4           1.1
7           1           0.717
7           2           1.298
7           3           0.635
7           4           0.65
8           1           0.765
8           2           0.747
8           3           0.741
8           4           0.923



pc(j, m) - Variable costs of producing one unit of item j on machine m. The production cost is period-independent.


1           1           10.284
1           2           2.567
1           3           3.636
1           4           5.806
2           1           11.629
2           2           1.565
2           3           2.789
2           4           5.889
3           1           7.482
3           2           1.326
3           3           3.263
3           4           5.676
4           1           10.009
4           2           2.509
4           3           1.341
4           4           4.623
5           1           5.994
5           2           1.624
5           3           2.396
5           4           5.182
6           1           8.87
6           2           2.788
6           3           3.019
6           4           5.636
7           1           8.662
7           2           2.792
7           3           3.078
7           4           2.185
8           1           6.719
8           2           2.782
8           3           3.46
8           4           4.626



pe(j, m) - Production emission for producing one unit of item j on machine m. The production emission is period-independent.


1           1           0.559
1           2           2.236
1           3           1.55
1           4           1.34
2           1           1.119
2           2           2.394
2           3           1.229
2           4           0.685
3           1           0.799
3           2           3.875
3           3           0.76
3           4           0.698
4           1           0.418
4           2           3.768
4           3           1.811
4           4           1.089
5           1           0.826
5           2           4.846
5           3           3.75
5           4           2.008
6           1           0.768
6           2           1.675
6           3           1.811
6           4           1.242
7           1           0.762
7           2           3.429
7           3           3.187
7           4           2.104
8           1           0.644
8           2           1.956
8           3           1.302
8           4           1.129



hc(j) - Inventory-holding costs for one unit of item j for one period.


1           0.206
2           0.234
3           0.188
4           0.117
5           0.156
6           0.283
7           0.121
8           0.158



st(j, m) - Setup times for producing a lot of item j on machine m. The setup times are period-independent.


1           1           63.735
1           2           48.999
1           3           76.461
1           4           31.223
2           1           88.612
2           2           28.474
2           3           41.177
2           4           62.278
3           1           87.332
3           2           97.408
3           3           87.045
3           4           72.672
4           1           34.514
4           2           37.709
4           3           98.248
4           4           77.789
5           1           76.763
5           2           39.677
5           3           39.688
5           4           62.014
6           1           96.802
6           2           63.15
6           3           43.602
6           4           29.087
7           1           82.399
7           2           99.845
7           3           98.642
7           4           27.728
8           1           38.563
8           2           37.87
8           3           49.32
8           4           42.142



se(j, m) - Setup emission for producing a lot of item j on machine m. The setup emission are period-independent.


1           1           7.404
1           2           31.123
1           3           16.683
1           4           9.537
2           1           4.808
2           2           38.713
2           3           19.961
2           4           19.703
3           1           6.854
3           2           21.241
3           3           18.588
3           4           14.83
4           1           4.093
4           2           13.398
4           3           13.754
4           4           8.419
5           1           2.871
5           2           13.321
5           3           21.413
5           4           10.576
6           1           9.077
6           2           23.273
6           3           22.696
6           4           19.758
7           1           3.521
7           2           18.601
7           3           29.02
7           4           9.665
8           1           4.898
8           2           18.589
8           3           8.907
8           4           5.301



sc(j, m) - Setup costs for producing a lot of item j on machine m. The setup costs are period-independent.


1           1           48008.987
1           2           12002.247
1           3           16002.996
1           4           24004.493
2           1           51651.6
2           2           12912.9
2           3           17217.2
2           4           25825.8
3           1           50376.48
3           2           12594.12
3           3           16792.16
3           4           25188.24
4           1           29909.88
4           2           7477.47
4           3           9969.96
4           4           14954.94
5           1           43883.84
5           2           10970.96
5           3           14627.947
5           4           21941.92
6           1           72927.213
6           2           18231.803
6           3           24309.071
6           4           36463.607
7           1           30559.76
7           2           7639.94
7           3           10186.587
7           4           15279.88
8           1           38282.347
8           2           9570.587
8           3           12760.782
8           4           19141.173



bc(m) - Fixed investment cost for machine m.


1           6837.076585196347
2           2265.0043092864344
3           4499.495117729677
4           1718.6753062477578



ca(m, t) - The available capacity of machine m in period t.


1           1           299.7997281481482
1           2           299.7997281481482
1           3           299.7997281481482
1           4           299.7997281481482
1           5           299.7997281481482
1           6           299.7997281481482
2           1           299.7997281481482
2           2           299.7997281481482
2           3           299.7997281481482
2           4           299.7997281481482
2           5           299.7997281481482
2           6           299.7997281481482
3           1           299.7997281481482
3           2           299.7997281481482
3           3           299.7997281481482
3           4           299.7997281481482
3           5           299.7997281481482
3           6           299.7997281481482
4           1           299.7997281481482
4           2           299.7997281481482
4           3           299.7997281481482
4           4           299.7997281481482
4           5           299.7997281481482
4           6           299.7997281481482



em(t) - The limits of carbon emissions in period t.


1           792.0907652777778
2           792.0907652777778
3           792.0907652777778
4           792.0907652777778
5           792.0907652777778
6           792.0907652777778
