Information for the currently-owned machines and the machines that may be purchased: if 1, the machine can be purchased, otherwise currently-owned.


1           0.0
2           0.0
3           0.0
4           1.0



item_machine_arc(j, m) - The relationship arc between item j and machine m, i.e., machine m is capable of producing item j if item_machine_arc(j, m) = 1.


1           1           1.0
1           2           0.0
1           3           1.0
1           4           1.0
2           1           0.0
2           2           1.0
2           3           0.0
2           4           1.0
3           1           1.0
3           2           1.0
3           3           1.0
3           4           1.0
4           1           0.0
4           2           1.0
4           3           0.0
4           4           1.0
5           1           0.0
5           2           0.0
5           3           1.0
5           4           1.0
6           1           1.0
6           2           1.0
6           3           0.0
6           4           0.0
7           1           1.0
7           2           0.0
7           3           0.0
7           4           1.0
8           1           0.0
8           2           1.0
8           3           0.0
8           4           0.0



d(j, t) - Gross demand for item j in period t.


1           1           41
1           2           48
1           3           41
1           4           34
1           5           46
1           6           44
2           1           33
2           2           49
2           3           31
2           4           48
2           5           45
2           6           41
3           1           33
3           2           43
3           3           41
3           4           35
3           5           39
3           6           45
4           1           49
4           2           48
4           3           39
4           4           40
4           5           32
4           6           50
5           1           34
5           2           49
5           3           30
5           4           42
5           5           37
5           6           46
6           1           30
6           2           40
6           3           32
6           4           44
6           5           37
6           6           50
7           1           44
7           2           46
7           3           36
7           4           44
7           5           48
7           6           50
8           1           50
8           2           33
8           3           37
8           4           46
8           5           35
8           6           37



pt(j, m) - Time required to produce one unit of item j on machine m. The production time is period-independent.


1           1           0.758
1           2           0.683
1           3           1.369
1           4           0.976
2           1           1.427
2           2           0.779
2           3           1.144
2           4           1.489
3           1           1.407
3           2           1.027
3           3           0.834
3           4           1.392
4           1           1.39
4           2           1.49
4           3           0.706
4           4           1.2
5           1           0.763
5           2           0.754
5           3           1.194
5           4           0.702
6           1           0.799
6           2           0.808
6           3           1.464
6           4           1.143
7           1           1.432
7           2           1.274
7           3           0.522
7           4           0.552
8           1           0.961
8           2           0.756
8           3           0.688
8           4           0.582



pc(j, m) - Variable costs of producing one unit of item j on machine m. The production cost is period-independent.


1           1           4.533
1           2           2.143
1           3           11.089
1           4           2.538
2           1           5.991
2           2           2.541
2           3           10.369
2           4           2.743
3           1           2.616
3           2           2.983
3           3           8.912
3           4           3.89
4           1           5.797
4           2           1.603
4           3           5.442
4           4           3.225
5           1           5.914
5           2           2.846
5           3           8.257
5           4           3.092
6           1           2.091
6           2           2.221
6           3           6.459
6           4           2.878
7           1           3.812
7           2           1.444
7           3           11.839
7           4           3.88
8           1           5.089
8           2           2.286
8           3           9.055
8           4           3.154



pe(j, m) - Production emission for producing one unit of item j on machine m. The production emission is period-independent.


1           1           2.446
1           2           3.639
1           3           0.607
1           4           1.581
2           1           0.811
2           2           2.076
2           3           0.622
2           4           2.592
3           1           1.366
3           2           4.44
3           3           0.534
3           4           1.044
4           1           0.894
4           2           3.823
4           3           1.082
4           4           1.622
5           1           2.262
5           2           4.735
5           3           1.13
5           4           2.508
6           1           1.223
6           2           1.213
6           3           0.611
6           4           1.58
7           1           1.471
7           2           2.6
7           3           0.479
7           4           1.17
8           1           1.213
8           2           4.123
8           3           0.843
8           4           2.702



hc(j) - Inventory-holding costs for one unit of item j for one period.


1           0.187
2           0.121
3           0.125
4           0.131
5           0.185
6           0.249
7           0.127
8           0.11



st(j, m) - Setup times for producing a lot of item j on machine m. The setup times are period-independent.


1           1           43.953
1           2           99.895
1           3           88.194
1           4           66.412
2           1           80.93
2           2           75.746
2           3           39.592
2           4           90.654
3           1           62.681
3           2           72.109
3           3           29.819
3           4           37.069
4           1           97.845
4           2           97.488
4           3           64.613
4           4           38.08
5           1           89.113
5           2           53.793
5           3           84.758
5           4           46.774
6           1           64.781
6           2           63.368
6           3           66.486
6           4           49.466
7           1           34.31
7           2           60.12
7           3           96.061
7           4           43.488
8           1           95.968
8           2           50.188
8           3           41.127
8           4           83.415



se(j, m) - Setup emission for producing a lot of item j on machine m. The setup emission are period-independent.


1           1           15.894
1           2           25.834
1           3           6.699
1           4           15.204
2           1           17.885
2           2           29.755
2           3           5.358
2           4           15.341
3           1           9.461
3           2           19.311
3           3           3.414
3           4           24.545
4           1           8.256
4           2           14.584
4           3           9.402
4           4           27.301
5           1           6.015
5           2           19.74
5           3           7.363
5           4           13.187
6           1           13.251
6           2           19.036
6           3           7.91
6           4           25.859
7           1           9.028
7           2           18.619
7           3           4.373
7           4           29.778
8           1           13.487
8           2           27.042
8           3           9.523
8           4           17.503



sc(j, m) - Setup costs for producing a lot of item j on machine m. The setup costs are period-independent.


1           1           24382.307
1           2           12191.153
1           3           48764.613
1           4           16254.871
2           1           15341.993
2           2           7670.997
2           3           30683.987
2           4           10227.996
3           1           15143.333
3           2           7571.667
3           3           30286.667
3           4           10095.556
4           1           17349.64
4           2           8674.82
4           3           34699.28
4           4           11566.427
5           1           22602.067
5           2           11301.033
5           3           45204.133
5           4           15068.044
6           1           29782.06
6           2           14891.03
6           3           59564.12
6           4           19854.707
7           1           17471.813
7           2           8735.907
7           3           34943.627
7           4           11647.876
8           1           13439.067
8           2           6719.533
8           3           26878.133
8           4           8959.378



bc(m) - Fixed investment cost for machine m.


1           5015.376071282328
2           4495.33449092279
3           7242.209534515944
4           3414.9321162702927



ca(m, t) - The available capacity of machine m in period t.


1           1           270.8956574074074
1           2           270.8956574074074
1           3           270.8956574074074
1           4           270.8956574074074
1           5           270.8956574074074
1           6           270.8956574074074
2           1           270.8956574074074
2           2           270.8956574074074
2           3           270.8956574074074
2           4           270.8956574074074
2           5           270.8956574074074
2           6           270.8956574074074
3           1           270.8956574074074
3           2           270.8956574074074
3           3           270.8956574074074
3           4           270.8956574074074
3           5           270.8956574074074
3           6           270.8956574074074
4           1           270.8956574074074
4           2           270.8956574074074
4           3           270.8956574074074
4           4           270.8956574074074
4           5           270.8956574074074
4           6           270.8956574074074



em(t) - The limits of carbon emissions in period t.


1           1177.636866388889
2           1177.636866388889
3           1177.636866388889
4           1177.636866388889
5           1177.636866388889
6           1177.636866388889
