Information for the currently-owned machines and the machines that may be purchased: if 1, the machine can be purchased, otherwise currently-owned.


1           0.0
2           0.0
3           0.0
4           1.0



item_machine_arc(j, m) - The relationship arc between item j and machine m, i.e., machine m is capable of producing item j if item_machine_arc(j, m) = 1.


1           1           0.0
1           2           1.0
1           3           0.0
1           4           0.0
2           1           1.0
2           2           0.0
2           3           0.0
2           4           1.0
3           1           0.0
3           2           0.0
3           3           0.0
3           4           1.0
4           1           1.0
4           2           1.0
4           3           1.0
4           4           1.0
5           1           1.0
5           2           1.0
5           3           1.0
5           4           1.0
6           1           0.0
6           2           1.0
6           3           0.0
6           4           1.0
7           1           1.0
7           2           1.0
7           3           1.0
7           4           1.0
8           1           1.0
8           2           0.0
8           3           1.0
8           4           0.0



d(j, t) - Gross demand for item j in period t.


1           1           46
1           2           35
1           3           36
1           4           32
1           5           30
1           6           40
2           1           36
2           2           32
2           3           37
2           4           45
2           5           42
2           6           48
3           1           33
3           2           30
3           3           42
3           4           49
3           5           35
3           6           34
4           1           36
4           2           37
4           3           50
4           4           33
4           5           35
4           6           35
5           1           44
5           2           39
5           3           40
5           4           37
5           5           50
5           6           45
6           1           48
6           2           39
6           3           35
6           4           40
6           5           45
6           6           30
7           1           49
7           2           31
7           3           45
7           4           32
7           5           46
7           6           31
8           1           46
8           2           42
8           3           43
8           4           30
8           5           39
8           6           34



pt(j, m) - Time required to produce one unit of item j on machine m. The production time is period-independent.


1           1           1.069
1           2           0.839
1           3           1.105
1           4           1.267
2           1           0.751
2           2           0.911
2           3           0.808
2           4           0.504
3           1           1.408
3           2           1.277
3           3           0.565
3           4           0.586
4           1           1.138
4           2           1.079
4           3           0.831
4           4           0.583
5           1           0.808
5           2           1.077
5           3           0.516
5           4           1.019
6           1           0.898
6           2           1.293
6           3           0.808
6           4           0.985
7           1           1.133
7           2           0.973
7           3           0.603
7           4           1.155
8           1           1.392
8           2           1.066
8           3           0.691
8           4           1.421



pc(j, m) - Variable costs of producing one unit of item j on machine m. The production cost is period-independent.


1           1           5.263
1           2           9.938
1           3           2.325
1           4           2.674
2           1           4.348
2           2           7.32
2           3           3.045
2           4           2.257
3           1           5.659
3           2           8.033
3           3           3.002
3           4           2.998
4           1           4.868
4           2           9.11
4           3           3.005
4           4           2.651
5           1           4.335
5           2           8.336
5           3           2.862
5           4           1.311
6           1           5.565
6           2           6.11
6           3           2.397
6           4           1.993
7           1           3.337
7           2           9.168
7           3           3.222
7           4           1.862
8           1           3.014
8           2           4.196
8           3           3.868
8           4           1.395



pe(j, m) - Production emission for producing one unit of item j on machine m. The production emission is period-independent.


1           1           0.733
1           2           0.403
1           3           3.527
1           4           3.23
2           1           1.293
2           2           0.736
2           3           1.547
2           4           2.635
3           1           1.796
3           2           0.645
3           3           2.289
3           4           3.67
4           1           2.235
4           2           0.703
4           3           3.733
4           4           4.67
5           1           1.99
5           2           1.079
5           3           0.808
5           4           3.102
6           1           0.727
6           2           0.999
6           3           1.115
6           4           3.199
7           1           2.335
7           2           0.918
7           3           2.177
7           4           4.342
8           1           1.403
8           2           1.008
8           3           1.1
8           4           4.882



hc(j) - Inventory-holding costs for one unit of item j for one period.


1           0.184
2           0.227
3           0.107
4           0.262
5           0.224
6           0.152
7           0.148
8           0.234



st(j, m) - Setup times for producing a lot of item j on machine m. The setup times are period-independent.


1           1           11.944
1           2           14.105
1           3           5.055
1           4           15.808
2           1           12.552
2           2           13.44
2           3           6.846
2           4           6.161
3           1           8.384
3           2           5.075
3           3           13.192
3           4           5.192
4           1           12.603
4           2           15.307
4           3           16.914
4           4           7.331
5           1           17.755
5           2           17.272
5           3           5.17
5           4           10.174
6           1           17.862
6           2           6.172
6           3           10.914
6           4           14.308
7           1           7.892
7           2           11.6
7           3           18.104
7           4           15.9
8           1           16.86
8           2           11.707
8           3           6.897
8           4           10.555



se(j, m) - Setup emission for producing a lot of item j on machine m. The setup emission are period-independent.


1           1           76.412
1           2           43.241
1           3           50.087
1           4           186.232
2           1           99.215
2           2           45.681
2           3           75.674
2           4           50.51
3           1           82.027
3           2           22.957
3           3           140.22
3           4           162.701
4           1           49.002
4           2           38.01
4           3           123.789
4           4           125.586
5           1           72.202
5           2           36.934
5           3           52.565
5           4           187.715
6           1           70.974
6           2           36.931
6           3           117.951
6           4           190.648
7           1           94.62
7           2           41.575
7           3           143.573
7           4           129.29
8           1           65.55
8           2           30.219
8           3           135.09
8           4           121.648



sc(j, m) - Setup costs for producing a lot of item j on machine m. The setup costs are period-independent.


1           1           20685.28
1           2           41370.56
1           3           13790.187
1           4           10342.64
2           1           27966.4
2           2           55932.8
2           3           18644.267
2           4           13983.2
3           1           12248.647
3           2           24497.293
3           3           8165.764
3           4           6124.323
4           1           30395.493
4           2           60790.987
4           3           20263.662
4           4           15197.747
5           1           29321.6
5           2           58643.2
5           3           19547.733
5           4           14660.8
6           1           18492.32
6           2           36984.64
6           3           12328.213
6           4           9246.16
7           1           17777.76
7           2           35555.52
7           3           11851.84
7           4           8888.88
8           1           28108.08
8           2           56216.16
8           3           18738.72
8           4           14054.04



bc(m) - Fixed investment cost for machine m.


1           4573.831835454679
2           2758.6685892568385
3           1484.9661596547805
4           2589.790727203385



ca(m, t) - The available capacity of machine m in period t.


1           1           147.5620222222222
1           2           147.5620222222222
1           3           147.5620222222222
1           4           147.5620222222222
1           5           147.5620222222222
1           6           147.5620222222222
2           1           147.5620222222222
2           2           147.5620222222222
2           3           147.5620222222222
2           4           147.5620222222222
2           5           147.5620222222222
2           6           147.5620222222222
3           1           147.5620222222222
3           2           147.5620222222222
3           3           147.5620222222222
3           4           147.5620222222222
3           5           147.5620222222222
3           6           147.5620222222222
4           1           147.5620222222222
4           2           147.5620222222222
4           3           147.5620222222222
4           4           147.5620222222222
4           5           147.5620222222222
4           6           147.5620222222222



em(t) - The limits of carbon emissions in period t.


1           1430.6993166666664
2           1430.6993166666664
3           1430.6993166666664
4           1430.6993166666664
5           1430.6993166666664
6           1430.6993166666664
