Information for the currently-owned machines and the machines that may be purchased: if 1, the machine can be purchased, otherwise currently-owned.


1           0.0
2           0.0
3           0.0
4           1.0



item_machine_arc(j, m) - The relationship arc between item j and machine m, i.e., machine m is capable of producing item j if item_machine_arc(j, m) = 1.


1           1           1.0
1           2           1.0
1           3           0.0
1           4           1.0
2           1           1.0
2           2           1.0
2           3           0.0
2           4           0.0
3           1           1.0
3           2           1.0
3           3           1.0
3           4           1.0
4           1           1.0
4           2           1.0
4           3           0.0
4           4           1.0
5           1           1.0
5           2           0.0
5           3           0.0
5           4           0.0
6           1           0.0
6           2           0.0
6           3           1.0
6           4           1.0
7           1           0.0
7           2           0.0
7           3           0.0
7           4           1.0
8           1           1.0
8           2           0.0
8           3           0.0
8           4           0.0



d(j, t) - Gross demand for item j in period t.


1           1           38
1           2           49
1           3           32
1           4           48
1           5           35
1           6           43
2           1           50
2           2           30
2           3           39
2           4           44
2           5           45
2           6           41
3           1           37
3           2           39
3           3           45
3           4           46
3           5           34
3           6           40
4           1           47
4           2           43
4           3           36
4           4           40
4           5           47
4           6           47
5           1           31
5           2           43
5           3           37
5           4           45
5           5           30
5           6           41
6           1           33
6           2           47
6           3           34
6           4           42
6           5           37
6           6           44
7           1           44
7           2           41
7           3           41
7           4           43
7           5           50
7           6           36
8           1           31
8           2           31
8           3           38
8           4           40
8           5           36
8           6           45



pt(j, m) - Time required to produce one unit of item j on machine m. The production time is period-independent.


1           1           1.442
1           2           1.379
1           3           1.019
1           4           1.352
2           1           1.321
2           2           1.09
2           3           1.464
2           4           1.329
3           1           0.777
3           2           1.447
3           3           0.846
3           4           1.363
4           1           1.279
4           2           0.737
4           3           0.715
4           4           1.469
5           1           0.898
5           2           0.68
5           3           0.626
5           4           0.892
6           1           1.251
6           2           0.669
6           3           0.917
6           4           1.215
7           1           0.818
7           2           0.588
7           3           1.206
7           4           0.574
8           1           1.23
8           2           1.024
8           3           1.015
8           4           1.082



pc(j, m) - Variable costs of producing one unit of item j on machine m. The production cost is period-independent.


1           1           1.924
1           2           2.209
1           3           1.692
1           4           10.206
2           1           2.38
2           2           2.842
2           3           2.221
2           4           11.688
3           1           2.089
3           2           2.799
3           3           1.798
3           4           11.706
4           1           1.479
4           2           4.963
4           3           1.336
4           4           8.992
5           1           1.291
5           2           2.35
5           3           2.036
5           4           7.299
6           1           1.382
6           2           5.279
6           3           1.85
6           4           9.835
7           1           1.424
7           2           2.201
7           3           3.255
7           4           5.607
8           1           2.77
8           2           5.239
8           3           3.849
8           4           10.467



pe(j, m) - Production emission for producing one unit of item j on machine m. The production emission is period-independent.


1           1           0.923
1           2           0.204
1           3           0.618
1           4           0.091
2           1           0.433
2           2           0.48
2           3           0.498
2           4           0.146
3           1           0.683
3           2           0.205
3           3           0.358
3           4           0.11
4           1           0.331
4           2           0.155
4           3           0.357
4           4           0.055
5           1           0.571
5           2           0.308
5           3           0.23
5           4           0.21
6           1           0.479
6           2           0.362
6           3           0.631
6           4           0.094
7           1           0.749
7           2           0.329
7           3           0.356
7           4           0.136
8           1           0.611
8           2           0.108
8           3           0.471
8           4           0.249



hc(j) - Inventory-holding costs for one unit of item j for one period.


1           0.292
2           0.104
3           0.218
4           0.119
5           0.105
6           0.243
7           0.17
8           0.21



st(j, m) - Setup times for producing a lot of item j on machine m. The setup times are period-independent.


1           1           9.466
1           2           17.137
1           3           15.788
1           4           18.64
2           1           14.49
2           2           5.778
2           3           5.945
2           4           16.34
3           1           16.245
3           2           9.35
3           3           14.327
3           4           6.729
4           1           19.276
4           2           18.003
4           3           15.536
4           4           12.065
5           1           13.935
5           2           14.464
5           3           10.507
5           4           7.93
6           1           5.02
6           2           8.373
6           3           19.135
6           4           9.005
7           1           10.794
7           2           12.904
7           3           15.412
7           4           14.198
8           1           14.592
8           2           17.734
8           3           6.364
8           4           6.056



se(j, m) - Setup emission for producing a lot of item j on machine m. The setup emission are period-independent.


1           1           36.26
1           2           5.266
1           3           12.1
1           4           9.14
2           1           31.88
2           2           17.565
2           3           26.505
2           4           3.856
3           1           32.288
3           2           7.118
3           3           19.347
3           4           6.45
4           1           12.289
4           2           5.308
4           3           13.122
4           4           6.24
5           1           32.105
5           2           13.926
5           3           23.395
5           4           7.507
6           1           16.653
6           2           7.592
6           3           29.489
6           4           3.532
7           1           23.992
7           2           9.365
7           3           23.023
7           4           7.45
8           1           19.85
8           2           16.899
8           3           17.177
8           4           3.158



sc(j, m) - Setup costs for producing a lot of item j on machine m. The setup costs are period-independent.


1           1           16692.667
1           2           33385.333
1           3           22256.889
1           4           66770.667
2           1           6042.4
2           2           12084.8
2           3           8056.533
2           4           24169.6
3           1           12258.867
3           2           24517.733
3           3           16345.156
3           4           49035.467
4           1           7219.333
4           2           14438.667
4           3           9625.778
4           4           28877.333
5           1           5561.5
5           2           11123.0
5           3           7415.333
5           4           22246.0
6           1           13437.9
6           2           26875.8
6           3           17917.2
6           4           53751.6
7           1           10115.0
7           2           20230.0
7           3           13486.667
7           4           40460.0
8           1           10829.0
8           2           21658.0
8           3           14438.667
8           4           43316.0



bc(m) - Fixed investment cost for machine m.


1           4809.699960664306
2           9114.251646340874
3           2662.801774220313
4           12383.240640806014



ca(m, t) - The available capacity of machine m in period t.


1           1           187.84393703703702
1           2           187.84393703703702
1           3           187.84393703703702
1           4           187.84393703703702
1           5           187.84393703703702
1           6           187.84393703703702
2           1           187.84393703703702
2           2           187.84393703703702
2           3           187.84393703703702
2           4           187.84393703703702
2           5           187.84393703703702
2           6           187.84393703703702
3           1           187.84393703703702
3           2           187.84393703703702
3           3           187.84393703703702
3           4           187.84393703703702
3           5           187.84393703703702
3           6           187.84393703703702
4           1           187.84393703703702
4           2           187.84393703703702
4           3           187.84393703703702
4           4           187.84393703703702
4           5           187.84393703703702
4           6           187.84393703703702



em(t) - The limits of carbon emissions in period t.


1           295.75287194444445
2           295.75287194444445
3           295.75287194444445
4           295.75287194444445
5           295.75287194444445
6           295.75287194444445
