Information for the currently-owned machines and the machines that may be purchased: if 1, the machine can be purchased, otherwise currently-owned.


1           0.0
2           1.0
3           0.0
4           0.0



item_machine_arc(j, m) - The relationship arc between item j and machine m, i.e., machine m is capable of producing item j if item_machine_arc(j, m) = 1.


1           1           0.0
1           2           0.0
1           3           0.0
1           4           1.0
2           1           1.0
2           2           1.0
2           3           0.0
2           4           1.0
3           1           0.0
3           2           1.0
3           3           1.0
3           4           1.0
4           1           1.0
4           2           1.0
4           3           1.0
4           4           1.0
5           1           1.0
5           2           1.0
5           3           0.0
5           4           0.0
6           1           1.0
6           2           0.0
6           3           1.0
6           4           0.0
7           1           1.0
7           2           1.0
7           3           1.0
7           4           1.0
8           1           1.0
8           2           1.0
8           3           1.0
8           4           1.0



d(j, t) - Gross demand for item j in period t.


1           1           45
1           2           36
1           3           40
1           4           30
1           5           50
1           6           49
2           1           40
2           2           50
2           3           30
2           4           32
2           5           44
2           6           46
3           1           38
3           2           33
3           3           38
3           4           38
3           5           44
3           6           42
4           1           45
4           2           43
4           3           46
4           4           44
4           5           32
4           6           36
5           1           48
5           2           39
5           3           33
5           4           33
5           5           36
5           6           33
6           1           47
6           2           36
6           3           49
6           4           47
6           5           39
6           6           48
7           1           48
7           2           48
7           3           39
7           4           34
7           5           34
7           6           31
8           1           41
8           2           37
8           3           32
8           4           39
8           5           44
8           6           30



pt(j, m) - Time required to produce one unit of item j on machine m. The production time is period-independent.


1           1           0.953
1           2           0.794
1           3           0.926
1           4           1.316
2           1           1.029
2           2           1.077
2           3           1.341
2           4           1.207
3           1           1.442
3           2           1.23
3           3           0.651
3           4           1.37
4           1           0.944
4           2           1.084
4           3           0.607
4           4           1.232
5           1           1.41
5           2           0.881
5           3           1.255
5           4           1.21
6           1           0.753
6           2           0.524
6           3           0.682
6           4           0.918
7           1           1.205
7           2           0.814
7           3           0.899
7           4           0.757
8           1           1.289
8           2           1.185
8           3           0.958
8           4           1.326



pc(j, m) - Variable costs of producing one unit of item j on machine m. The production cost is period-independent.


1           1           6.438
1           2           2.876
1           3           3.587
1           4           1.715
2           1           5.603
2           2           3.687
2           3           2.544
2           4           2.899
3           1           10.022
3           2           5.244
3           3           3.019
3           4           1.241
4           1           9.149
4           2           5.389
4           3           3.016
4           4           1.463
5           1           9.203
5           2           3.125
5           3           3.702
5           4           1.641
6           1           8.359
6           2           5.205
6           3           2.832
6           4           2.121
7           1           5.219
7           2           3.5
7           3           3.82
7           4           1.242
8           1           9.363
8           2           4.735
8           3           2.117
8           4           1.676



pe(j, m) - Production emission for producing one unit of item j on machine m. The production emission is period-independent.


1           1           0.854
1           2           1.299
1           3           2.005
1           4           1.187
2           1           1.181
2           2           1.64
2           3           1.791
2           4           2.407
3           1           0.964
3           2           1.2
3           3           0.864
3           4           3.394
4           1           0.653
4           2           1.139
4           3           1.196
4           4           3.848
5           1           1.01
5           2           0.59
5           3           3.602
5           4           1.24
6           1           1.033
6           2           1.364
6           3           1.01
6           4           2.155
7           1           0.425
7           2           1.126
7           3           1.36
7           4           1.006
8           1           1.036
8           2           1.21
8           3           2.428
8           4           4.01



hc(j) - Inventory-holding costs for one unit of item j for one period.


1           0.103
2           0.196
3           0.294
4           0.226
5           0.289
6           0.142
7           0.26
8           0.225



st(j, m) - Setup times for producing a lot of item j on machine m. The setup times are period-independent.


1           1           58.957
1           2           98.258
1           3           76.006
1           4           56.204
2           1           31.905
2           2           43.327
2           3           33.656
2           4           73.408
3           1           52.734
3           2           75.897
3           3           31.648
3           4           85.14
4           1           46.374
4           2           64.754
4           3           46.293
4           4           46.092
5           1           75.739
5           2           49.386
5           3           26.854
5           4           41.229
6           1           39.906
6           2           90.315
6           3           35.269
6           4           86.05
7           1           28.865
7           2           92.202
7           3           31.024
7           4           98.266
8           1           64.031
8           2           34.272
8           3           99.156
8           4           96.138



se(j, m) - Setup emission for producing a lot of item j on machine m. The setup emission are period-independent.


1           1           23.87
1           2           90.439
1           3           138.409
1           4           139.401
2           1           17.028
2           2           99.691
2           3           80.812
2           4           172.638
3           1           13.6
3           2           65.362
3           3           45.792
3           4           94.292
4           1           42.278
4           2           88.859
4           3           128.579
4           4           144.286
5           1           27.239
5           2           88.568
5           3           100.157
5           4           196.712
6           1           32.381
6           2           80.48
6           3           146.951
6           4           159.88
7           1           36.701
7           2           32.581
7           3           108.336
7           4           180.415
8           1           13.27
8           2           80.047
8           3           40.664
8           4           88.175



sc(j, m) - Setup costs for producing a lot of item j on machine m. The setup costs are period-independent.


1           1           26436.667
1           2           13218.333
1           3           8812.222
1           4           6609.167
2           1           48696.853
2           2           24348.427
2           3           16232.284
2           4           12174.213
3           1           70328.72
3           2           35164.36
3           3           23442.907
3           4           17582.18
4           1           57078.56
4           2           28539.28
4           3           19026.187
4           4           14269.64
5           1           65868.88
5           2           32934.44
5           3           21956.293
5           4           16467.22
6           1           38779.253
6           2           19389.627
6           3           12926.418
6           4           9694.813
7           1           62462.4
7           2           31231.2
7           3           20820.8
7           4           15615.6
8           1           51513.0
8           2           25756.5
8           3           17171.0
8           4           12878.25



bc(m) - Fixed investment cost for machine m.


1           19776.355469667003
2           3040.418816136683
3           2346.85189934449
4           1273.6564621484097



ca(m, t) - The available capacity of machine m in period t.


1           1           289.4304019444444
1           2           289.4304019444444
1           3           289.4304019444444
1           4           289.4304019444444
1           5           289.4304019444444
1           6           289.4304019444444
2           1           289.4304019444444
2           2           289.4304019444444
2           3           289.4304019444444
2           4           289.4304019444444
2           5           289.4304019444444
2           6           289.4304019444444
3           1           289.4304019444444
3           2           289.4304019444444
3           3           289.4304019444444
3           4           289.4304019444444
3           5           289.4304019444444
3           6           289.4304019444444
4           1           289.4304019444444
4           2           289.4304019444444
4           3           289.4304019444444
4           4           289.4304019444444
4           5           289.4304019444444
4           6           289.4304019444444



em(t) - The limits of carbon emissions in period t.


1           1124.4912583333335
2           1124.4912583333335
3           1124.4912583333335
4           1124.4912583333335
5           1124.4912583333335
6           1124.4912583333335
