Information for the currently-owned machines and the machines that may be purchased: if 1, the machine can be purchased, otherwise currently-owned.


1           0.0
2           0.0
3           1.0
4           0.0



item_machine_arc(j, m) - The relationship arc between item j and machine m, i.e., machine m is capable of producing item j if item_machine_arc(j, m) = 1.


1           1           1.0
1           2           0.0
1           3           0.0
1           4           1.0
2           1           0.0
2           2           1.0
2           3           1.0
2           4           1.0
3           1           1.0
3           2           1.0
3           3           1.0
3           4           1.0
4           1           1.0
4           2           0.0
4           3           0.0
4           4           0.0
5           1           1.0
5           2           1.0
5           3           1.0
5           4           1.0
6           1           0.0
6           2           0.0
6           3           0.0
6           4           1.0
7           1           0.0
7           2           1.0
7           3           0.0
7           4           0.0
8           1           0.0
8           2           0.0
8           3           1.0
8           4           1.0



d(j, t) - Gross demand for item j in period t.


1           1           31
1           2           47
1           3           45
1           4           35
1           5           35
1           6           38
2           1           45
2           2           42
2           3           42
2           4           31
2           5           47
2           6           48
3           1           43
3           2           32
3           3           34
3           4           33
3           5           31
3           6           34
4           1           46
4           2           35
4           3           45
4           4           50
4           5           42
4           6           35
5           1           38
5           2           50
5           3           38
5           4           33
5           5           37
5           6           44
6           1           41
6           2           30
6           3           44
6           4           32
6           5           34
6           6           50
7           1           50
7           2           45
7           3           39
7           4           30
7           5           45
7           6           43
8           1           35
8           2           35
8           3           41
8           4           35
8           5           32
8           6           40



pt(j, m) - Time required to produce one unit of item j on machine m. The production time is period-independent.


1           1           1.415
1           2           0.768
1           3           0.867
1           4           1.242
2           1           0.812
2           2           1.229
2           3           0.812
2           4           1.23
3           1           0.988
3           2           0.937
3           3           0.921
3           4           1.323
4           1           0.932
4           2           1.305
4           3           0.697
4           4           0.906
5           1           0.581
5           2           0.606
5           3           1.453
5           4           1.013
6           1           0.735
6           2           0.753
6           3           0.638
6           4           0.678
7           1           1.423
7           2           0.719
7           3           1.298
7           4           1.059
8           1           1.112
8           2           0.541
8           3           1.027
8           4           0.749



pc(j, m) - Variable costs of producing one unit of item j on machine m. The production cost is period-independent.


1           1           4.9
1           2           5.159
1           3           1.457
1           4           2.618
2           1           5.432
2           2           3.467
2           3           3.737
2           4           2.159
3           1           11.606
3           2           4.928
3           3           1.938
3           4           2.954
4           1           11.449
4           2           3.297
4           3           1.642
4           4           1.43
5           1           8.804
5           2           5.202
5           3           3.361
5           4           2.797
6           1           10.182
6           2           4.898
6           3           1.531
6           4           2.736
7           1           4.98
7           2           4.518
7           3           2.196
7           4           1.583
8           1           6.714
8           2           2.921
8           3           2.678
8           4           2.205



pe(j, m) - Production emission for producing one unit of item j on machine m. The production emission is period-independent.


1           1           0.198
1           2           0.238
1           3           0.27
1           4           0.687
2           1           0.115
2           2           0.394
2           3           0.48
2           4           0.769
3           1           0.121
3           2           0.119
3           3           0.502
3           4           0.96
4           1           0.196
4           2           0.37
4           3           0.608
4           4           0.34
5           1           0.204
5           2           0.494
5           3           0.47
5           4           0.617
6           1           0.122
6           2           0.363
6           3           0.414
6           4           0.91
7           1           0.129
7           2           0.453
7           3           0.295
7           4           0.973
8           1           0.071
8           2           0.452
8           3           0.724
8           4           0.218



hc(j) - Inventory-holding costs for one unit of item j for one period.


1           0.115
2           0.188
3           0.193
4           0.11
5           0.17
6           0.207
7           0.231
8           0.276



st(j, m) - Setup times for producing a lot of item j on machine m. The setup times are period-independent.


1           1           13.063
1           2           8.737
1           3           5.383
1           4           10.787
2           1           11.212
2           2           7.079
2           3           14.427
2           4           13.185
3           1           5.523
3           2           10.345
3           3           15.187
3           4           18.336
4           1           16.112
4           2           19.565
4           3           5.548
4           4           12.218
5           1           8.809
5           2           10.424
5           3           11.846
5           4           17.234
6           1           9.85
6           2           16.0
6           3           6.855
6           4           5.273
7           1           5.396
7           2           6.436
7           3           19.292
7           4           15.323
8           1           17.604
8           2           6.632
8           3           8.83
8           4           10.974



se(j, m) - Setup emission for producing a lot of item j on machine m. The setup emission are period-independent.


1           1           6.553
1           2           6.26
1           3           19.916
1           4           24.27
2           1           9.191
2           2           17.924
2           3           10.59
2           4           16.983
3           1           9.904
3           2           10.175
3           3           15.958
3           4           22.945
4           1           9.229
4           2           5.989
4           3           22.373
4           4           10.765
5           1           6.146
5           2           12.057
5           3           25.478
5           4           18.153
6           1           6.483
6           2           16.829
6           3           16.802
6           4           13.308
7           1           3.3
7           2           19.738
7           3           11.484
7           4           13.443
8           1           5.036
8           2           12.355
8           3           27.028
8           4           38.34



sc(j, m) - Setup costs for producing a lot of item j on machine m. The setup costs are period-independent.


1           1           27273.4
1           2           13636.7
1           3           9091.133
1           4           6818.35
2           1           49218.4
2           2           24609.2
2           3           16406.133
2           4           12304.6
3           1           41016.36
3           2           20508.18
3           3           13672.12
3           4           10254.09
4           1           28572.133
4           2           14286.067
4           3           9524.044
4           4           7143.033
5           1           41888.0
5           2           20944.0
5           3           13962.667
5           4           10472.0
6           1           49092.12
6           2           24546.06
6           3           16364.04
6           4           12273.03
7           1           59764.32
7           2           29882.16
7           3           19921.44
7           4           14941.08
8           1           61772.48
8           2           30886.24
8           3           20590.827
8           4           15443.12



bc(m) - Fixed investment cost for machine m.


1           16313.836882202508
2           524.1158338317741
3           4023.9207710734436
4           3984.3142391426854



ca(m, t) - The available capacity of machine m in period t.


1           1           158.97336388888888
1           2           158.97336388888888
1           3           158.97336388888888
1           4           158.97336388888888
1           5           158.97336388888888
1           6           158.97336388888888
2           1           158.97336388888888
2           2           158.97336388888888
2           3           158.97336388888888
2           4           158.97336388888888
2           5           158.97336388888888
2           6           158.97336388888888
3           1           158.97336388888888
3           2           158.97336388888888
3           3           158.97336388888888
3           4           158.97336388888888
3           5           158.97336388888888
3           6           158.97336388888888
4           1           158.97336388888888
4           2           158.97336388888888
4           3           158.97336388888888
4           4           158.97336388888888
4           5           158.97336388888888
4           6           158.97336388888888



em(t) - The limits of carbon emissions in period t.


1           308.2108166666667
2           308.2108166666667
3           308.2108166666667
4           308.2108166666667
5           308.2108166666667
6           308.2108166666667
