Information for the currently-owned machines and the machines that may be purchased: if 1, the machine can be purchased, otherwise currently-owned.


1           0.0
2           0.0
3           1.0
4           0.0



item_machine_arc(j, m) - The relationship arc between item j and machine m, i.e., machine m is capable of producing item j if item_machine_arc(j, m) = 1.


1           1           1.0
1           2           0.0
1           3           1.0
1           4           1.0
2           1           0.0
2           2           1.0
2           3           0.0
2           4           0.0
3           1           1.0
3           2           1.0
3           3           1.0
3           4           1.0
4           1           1.0
4           2           1.0
4           3           0.0
4           4           1.0
5           1           1.0
5           2           1.0
5           3           0.0
5           4           0.0
6           1           0.0
6           2           1.0
6           3           1.0
6           4           0.0
7           1           1.0
7           2           1.0
7           3           0.0
7           4           0.0
8           1           1.0
8           2           0.0
8           3           1.0
8           4           0.0



d(j, t) - Gross demand for item j in period t.


1           1           44
1           2           44
1           3           40
1           4           30
1           5           32
1           6           42
2           1           39
2           2           47
2           3           39
2           4           50
2           5           34
2           6           40
3           1           40
3           2           30
3           3           44
3           4           44
3           5           41
3           6           33
4           1           31
4           2           43
4           3           35
4           4           43
4           5           48
4           6           37
5           1           34
5           2           41
5           3           50
5           4           35
5           5           38
5           6           38
6           1           31
6           2           36
6           3           32
6           4           39
6           5           45
6           6           48
7           1           42
7           2           32
7           3           46
7           4           48
7           5           48
7           6           37
8           1           37
8           2           33
8           3           42
8           4           40
8           5           45
8           6           50



pt(j, m) - Time required to produce one unit of item j on machine m. The production time is period-independent.


1           1           0.851
1           2           0.714
1           3           0.519
1           4           0.953
2           1           1.099
2           2           1.05
2           3           1.439
2           4           0.955
3           1           1.479
3           2           1.412
3           3           1.109
3           4           1.47
4           1           1.205
4           2           0.617
4           3           1.262
4           4           1.413
5           1           0.751
5           2           0.651
5           3           1.062
5           4           1.375
6           1           1.149
6           2           0.613
6           3           0.504
6           4           0.779
7           1           0.63
7           2           0.805
7           3           0.591
7           4           0.6
8           1           1.125
8           2           1.448
8           3           0.849
8           4           1.313



pc(j, m) - Variable costs of producing one unit of item j on machine m. The production cost is period-independent.


1           1           1.796
1           2           1.993
1           3           4.8
1           4           2.685
2           1           2.418
2           2           3.561
2           3           9.866
2           4           3.589
3           1           2.41
3           2           2.273
3           3           9.463
3           4           2.227
4           1           2.858
4           2           3.126
4           3           4.681
4           4           2.941
5           1           2.167
5           2           3.895
5           3           6.177
5           4           4.584
6           1           1.38
6           2           2.369
6           3           5.465
6           4           2.48
7           1           2.413
7           2           2.732
7           3           5.344
7           4           4.546
8           1           1.456
8           2           1.503
8           3           9.45
8           4           3.495



pe(j, m) - Production emission for producing one unit of item j on machine m. The production emission is period-independent.


1           1           0.958
1           2           0.569
1           3           0.179
1           4           0.242
2           1           0.244
2           2           0.421
2           3           0.227
2           4           0.419
3           1           0.576
3           2           0.526
3           3           0.18
3           4           0.416
4           1           0.464
4           2           0.448
4           3           0.106
4           4           0.148
5           1           0.376
5           2           0.494
5           3           0.121
5           4           0.344
6           1           0.903
6           2           0.363
6           3           0.136
6           4           0.353
7           1           0.587
7           2           0.333
7           3           0.238
7           4           0.412
8           1           0.395
8           2           0.453
8           3           0.167
8           4           0.283



hc(j) - Inventory-holding costs for one unit of item j for one period.


1           0.102
2           0.187
3           0.184
4           0.264
5           0.14
6           0.256
7           0.288
8           0.187



st(j, m) - Setup times for producing a lot of item j on machine m. The setup times are period-independent.


1           1           46.007
1           2           76.56
1           3           36.676
1           4           84.5
2           1           89.606
2           2           80.642
2           3           45.686
2           4           66.694
3           1           49.435
3           2           31.478
3           3           63.08
3           4           73.271
4           1           74.118
4           2           39.785
4           3           77.054
4           4           44.466
5           1           81.887
5           2           43.998
5           3           42.757
5           4           55.056
6           1           68.454
6           2           57.327
6           3           98.979
6           4           96.865
7           1           93.477
7           2           52.986
7           3           27.09
7           4           68.843
8           1           97.452
8           2           86.621
8           3           36.286
8           4           86.088



se(j, m) - Setup emission for producing a lot of item j on machine m. The setup emission are period-independent.


1           1           103.111
1           2           116.566
1           3           28.621
1           4           96.94
2           1           191.56
2           2           126.259
2           3           34.917
2           4           64.464
3           1           71.192
3           2           90.422
3           3           19.607
3           4           37.543
4           1           175.068
4           2           75.993
4           3           31.201
4           4           46.812
5           1           127.758
5           2           131.849
5           3           42.443
5           4           83.4
6           1           102.397
6           2           111.409
6           3           37.71
6           4           34.189
7           1           113.886
7           2           102.475
7           3           32.337
7           4           90.184
8           1           72.903
8           2           102.171
8           3           14.105
8           4           69.924



sc(j, m) - Setup costs for producing a lot of item j on machine m. The setup costs are period-independent.


1           1           5521.6
1           2           7362.133
1           3           22086.4
1           4           11043.2
2           1           10864.7
2           2           14486.267
2           3           43458.8
2           4           21729.4
3           1           9960.533
3           2           13280.711
3           3           39842.133
3           4           19921.067
4           1           14599.2
4           2           19465.6
4           3           58396.8
4           4           29198.4
5           1           7709.333
5           2           10279.111
5           3           30837.333
5           4           15418.667
6           1           13798.4
6           2           18397.867
6           3           55193.6
6           4           27596.8
7           1           17001.6
7           2           22668.8
7           3           68006.4
7           4           34003.2
8           1           10777.433
8           2           14369.911
8           3           43109.733
8           4           21554.867



bc(m) - Fixed investment cost for machine m.


1           551.7137342720802
2           5924.7173930651525
3           10592.350849609222
4           2097.192606164128



ca(m, t) - The available capacity of machine m in period t.


1           1           257.2655814814815
1           2           257.2655814814815
1           3           257.2655814814815
1           4           257.2655814814815
1           5           257.2655814814815
1           6           257.2655814814815
2           1           257.2655814814815
2           2           257.2655814814815
2           3           257.2655814814815
2           4           257.2655814814815
2           5           257.2655814814815
2           6           257.2655814814815
3           1           257.2655814814815
3           2           257.2655814814815
3           3           257.2655814814815
3           4           257.2655814814815
3           5           257.2655814814815
3           6           257.2655814814815
4           1           257.2655814814815
4           2           257.2655814814815
4           3           257.2655814814815
4           4           257.2655814814815
4           5           257.2655814814815
4           6           257.2655814814815



em(t) - The limits of carbon emissions in period t.


1           738.5107644444445
2           738.5107644444445
3           738.5107644444445
4           738.5107644444445
5           738.5107644444445
6           738.5107644444445
