Information for the currently-owned machines and the machines that may be purchased: if 1, the machine can be purchased, otherwise currently-owned.


1           1.0
2           0.0
3           0.0
4           0.0



item_machine_arc(j, m) - The relationship arc between item j and machine m, i.e., machine m is capable of producing item j if item_machine_arc(j, m) = 1.


1           1           1.0
1           2           0.0
1           3           0.0
1           4           1.0
2           1           0.0
2           2           1.0
2           3           0.0
2           4           1.0
3           1           0.0
3           2           0.0
3           3           0.0
3           4           1.0
4           1           1.0
4           2           1.0
4           3           1.0
4           4           1.0
5           1           0.0
5           2           1.0
5           3           1.0
5           4           1.0
6           1           0.0
6           2           1.0
6           3           0.0
6           4           0.0
7           1           1.0
7           2           0.0
7           3           0.0
7           4           0.0
8           1           1.0
8           2           1.0
8           3           0.0
8           4           1.0



d(j, t) - Gross demand for item j in period t.


1           1           48
1           2           48
1           3           47
1           4           50
1           5           32
1           6           45
2           1           39
2           2           31
2           3           43
2           4           35
2           5           41
2           6           33
3           1           36
3           2           30
3           3           38
3           4           48
3           5           38
3           6           45
4           1           38
4           2           38
4           3           48
4           4           32
4           5           36
4           6           40
5           1           45
5           2           47
5           3           31
5           4           39
5           5           48
5           6           33
6           1           38
6           2           37
6           3           31
6           4           42
6           5           32
6           6           35
7           1           33
7           2           39
7           3           40
7           4           46
7           5           44
7           6           32
8           1           42
8           2           39
8           3           45
8           4           42
8           5           35
8           6           32



pt(j, m) - Time required to produce one unit of item j on machine m. The production time is period-independent.


1           1           1.025
1           2           1.47
1           3           1.376
1           4           0.611
2           1           0.826
2           2           0.645
2           3           0.784
2           4           1.428
3           1           0.577
3           2           0.617
3           3           1.451
3           4           1.058
4           1           0.724
4           2           0.684
4           3           1.185
4           4           0.644
5           1           0.801
5           2           1.062
5           3           0.797
5           4           1.157
6           1           0.614
6           2           1.489
6           3           1.402
6           4           0.891
7           1           0.773
7           2           0.641
7           3           0.74
7           4           0.956
8           1           0.599
8           2           1.297
8           3           0.784
8           4           0.827



pc(j, m) - Variable costs of producing one unit of item j on machine m. The production cost is period-independent.


1           1           4.982
1           2           2.947
1           3           3.05
1           4           7.033
2           1           5.015
2           2           2.343
2           3           3.038
2           4           9.678
3           1           5.057
3           2           1.17
3           3           2.421
3           4           11.629
4           1           2.322
4           2           1.804
4           3           2.243
4           4           4.42
5           1           2.823
5           2           2.951
5           3           1.769
5           4           4.713
6           1           4.301
6           2           1.187
6           3           2.168
6           4           7.305
7           1           2.431
7           2           1.483
7           3           2.4
7           4           8.211
8           1           2.941
8           2           2.951
8           3           3.447
8           4           8.059



pe(j, m) - Production emission for producing one unit of item j on machine m. The production emission is period-independent.


1           1           2.145
1           2           3.209
1           3           1.883
1           4           1.208
2           1           1.307
2           2           1.178
2           3           3.723
2           4           0.841
3           1           0.788
3           2           3.749
3           3           0.86
3           4           1.072
4           1           0.905
4           2           3.216
4           3           1.195
4           4           0.429
5           1           2.095
5           2           3.656
5           3           3.031
5           4           1.109
6           1           1.155
6           2           4.47
6           3           3.46
6           4           0.616
7           1           2.366
7           2           1.173
7           3           2.946
7           4           0.361
8           1           0.64
8           2           4.993
8           3           2.747
8           4           0.951



hc(j) - Inventory-holding costs for one unit of item j for one period.


1           0.119
2           0.109
3           0.256
4           0.206
5           0.276
6           0.103
7           0.299
8           0.283



st(j, m) - Setup times for producing a lot of item j on machine m. The setup times are period-independent.


1           1           7.681
1           2           5.101
1           3           18.379
1           4           8.122
2           1           12.696
2           2           8.64
2           3           9.541
2           4           8.079
3           1           15.93
3           2           14.624
3           3           6.889
3           4           13.276
4           1           6.238
4           2           7.349
4           3           12.902
4           4           14.413
5           1           19.677
5           2           14.421
5           3           18.861
5           4           14.992
6           1           16.541
6           2           16.603
6           3           6.644
6           4           12.914
7           1           15.973
7           2           13.614
7           3           15.622
7           4           7.319
8           1           14.775
8           2           11.454
8           3           12.661
8           4           8.256



se(j, m) - Setup emission for producing a lot of item j on machine m. The setup emission are period-independent.


1           1           64.898
1           2           121.017
1           3           71.555
1           4           42.285
2           1           92.69
2           2           74.9
2           3           51.514
2           4           45.816
3           1           97.328
3           2           60.679
3           3           44.236
3           4           23.906
4           1           41.654
4           2           192.692
4           3           63.429
4           4           28.357
5           1           37.765
5           2           103.658
5           3           48.957
5           4           14.058
6           1           34.508
6           2           56.993
6           3           49.136
6           4           42.036
7           1           92.216
7           2           86.449
7           3           136.498
7           4           37.607
8           1           63.205
8           2           172.484
8           3           107.261
8           4           40.188



sc(j, m) - Setup costs for producing a lot of item j on machine m. The setup costs are period-independent.


1           1           16493.4
1           2           8246.7
1           3           10995.6
1           4           32986.8
2           1           12421.64
2           2           6210.82
2           3           8281.093
2           4           24843.28
3           1           30882.133
3           2           15441.067
3           3           20588.089
3           4           61764.267
4           1           24533.227
4           2           12266.613
4           3           16355.484
4           4           49066.453
5           1           34428.24
5           2           17214.12
5           3           22952.16
5           4           68856.48
6           1           11367.767
6           2           5683.883
6           3           7578.511
6           4           22735.533
7           1           35915.88
7           2           17957.94
7           3           23943.92
7           4           71831.76
8           1           34139.233
8           2           17069.617
8           3           22759.489
8           4           68278.467



bc(m) - Fixed investment cost for machine m.


1           6525.783479456651
2           2858.493232556898
3           5099.833603610157
4           7543.36578040796



ca(m, t) - The available capacity of machine m in period t.


1           1           166.88996851851851
1           2           166.88996851851851
1           3           166.88996851851851
1           4           166.88996851851851
1           5           166.88996851851851
1           6           166.88996851851851
2           1           166.88996851851851
2           2           166.88996851851851
2           3           166.88996851851851
2           4           166.88996851851851
2           5           166.88996851851851
2           6           166.88996851851851
3           1           166.88996851851851
3           2           166.88996851851851
3           3           166.88996851851851
3           4           166.88996851851851
3           5           166.88996851851851
3           6           166.88996851851851
4           1           166.88996851851851
4           2           166.88996851851851
4           3           166.88996851851851
4           4           166.88996851851851
4           5           166.88996851851851
4           6           166.88996851851851



em(t) - The limits of carbon emissions in period t.


1           1276.835738888889
2           1276.835738888889
3           1276.835738888889
4           1276.835738888889
5           1276.835738888889
6           1276.835738888889
