Information for the currently-owned machines and the machines that may be purchased: if 1, the machine can be purchased, otherwise currently-owned.


1           1.0
2           0.0
3           0.0
4           0.0



item_machine_arc(j, m) - The relationship arc between item j and machine m, i.e., machine m is capable of producing item j if item_machine_arc(j, m) = 1.


1           1           1.0
1           2           1.0
1           3           1.0
1           4           1.0
2           1           1.0
2           2           1.0
2           3           0.0
2           4           1.0
3           1           0.0
3           2           1.0
3           3           1.0
3           4           0.0
4           1           0.0
4           2           0.0
4           3           1.0
4           4           1.0
5           1           1.0
5           2           1.0
5           3           1.0
5           4           0.0
6           1           1.0
6           2           0.0
6           3           0.0
6           4           1.0
7           1           0.0
7           2           0.0
7           3           0.0
7           4           1.0
8           1           1.0
8           2           1.0
8           3           1.0
8           4           1.0



d(j, t) - Gross demand for item j in period t.


1           1           35
1           2           35
1           3           43
1           4           47
1           5           33
1           6           41
2           1           34
2           2           35
2           3           31
2           4           37
2           5           36
2           6           38
3           1           50
3           2           35
3           3           49
3           4           49
3           5           37
3           6           38
4           1           41
4           2           35
4           3           39
4           4           44
4           5           33
4           6           36
5           1           44
5           2           49
5           3           36
5           4           45
5           5           32
5           6           36
6           1           50
6           2           42
6           3           32
6           4           38
6           5           34
6           6           39
7           1           35
7           2           32
7           3           49
7           4           39
7           5           44
7           6           33
8           1           49
8           2           35
8           3           30
8           4           36
8           5           33
8           6           46



pt(j, m) - Time required to produce one unit of item j on machine m. The production time is period-independent.


1           1           0.859
1           2           1.215
1           3           0.712
1           4           1.043
2           1           1.128
2           2           0.729
2           3           1.41
2           4           0.824
3           1           0.742
3           2           0.688
3           3           1.104
3           4           0.713
4           1           1.378
4           2           1.07
4           3           1.171
4           4           0.881
5           1           0.748
5           2           0.947
5           3           0.777
5           4           1.038
6           1           1.081
6           2           0.653
6           3           1.429
6           4           0.794
7           1           1.274
7           2           0.969
7           3           1.442
7           4           0.556
8           1           1.408
8           2           0.709
8           3           1.322
8           4           0.787



pc(j, m) - Variable costs of producing one unit of item j on machine m. The production cost is period-independent.


1           1           1.015
1           2           4.265
1           3           8.357
1           4           1.828
2           1           1.124
2           2           5.086
2           3           6.791
2           4           3.437
3           1           2.086
3           2           4.209
3           3           6.674
3           4           3.977
4           1           2.13
4           2           3.003
4           3           6.598
4           4           1.663
5           1           1.115
5           2           4.873
5           3           8.31
5           4           2.35
6           1           2.571
6           2           4.223
6           3           8.574
6           4           2.69
7           1           1.561
7           2           4.427
7           3           7.478
7           4           3.086
8           1           1.101
8           2           5.076
8           3           7.979
8           4           3.653



pe(j, m) - Production emission for producing one unit of item j on machine m. The production emission is period-independent.


1           1           0.619
1           2           0.225
1           3           0.214
1           4           0.266
2           1           0.832
2           2           0.215
2           3           0.174
2           4           0.637
3           1           0.854
3           2           0.329
3           3           0.077
3           4           0.624
4           1           0.608
4           2           0.132
4           3           0.076
4           4           0.347
5           1           0.794
5           2           0.295
5           3           0.117
5           4           0.583
6           1           0.903
6           2           0.215
6           3           0.07
6           4           0.307
7           1           0.54
7           2           0.38
7           3           0.136
7           4           0.218
8           1           0.684
8           2           0.153
8           3           0.123
8           4           0.637



hc(j) - Inventory-holding costs for one unit of item j for one period.


1           0.189
2           0.27
3           0.183
4           0.221
5           0.154
6           0.272
7           0.23
8           0.249



st(j, m) - Setup times for producing a lot of item j on machine m. The setup times are period-independent.


1           1           14.767
1           2           7.288
1           3           14.829
1           4           7.048
2           1           15.515
2           2           11.346
2           3           18.702
2           4           19.629
3           1           13.086
3           2           12.145
3           3           16.153
3           4           16.922
4           1           14.231
4           2           9.906
4           3           18.205
4           4           9.974
5           1           8.601
5           2           9.837
5           3           18.064
5           4           14.059
6           1           12.644
6           2           17.653
6           3           19.533
6           4           15.146
7           1           14.841
7           2           8.904
7           3           8.141
7           4           5.718
8           1           17.881
8           2           15.131
8           3           12.178
8           4           10.384



se(j, m) - Setup emission for producing a lot of item j on machine m. The setup emission are period-independent.


1           1           105.576
1           2           92.439
1           3           42.574
1           4           111.496
2           1           113.587
2           2           87.029
2           3           33.05
2           4           90.297
3           1           68.354
3           2           73.21
3           3           28.984
3           4           44.568
4           1           156.153
4           2           53.191
4           3           30.407
4           4           40.559
5           1           148.946
5           2           75.836
5           3           41.846
5           4           61.349
6           1           66.462
6           2           80.74
6           3           15.922
6           4           137.947
7           1           119.233
7           2           90.618
7           3           15.758
7           4           109.387
8           1           150.183
8           2           92.588
8           3           32.732
8           4           104.512



sc(j, m) - Setup costs for producing a lot of item j on machine m. The setup costs are period-independent.


1           1           10319.4
1           2           20638.8
1           3           41277.6
1           4           13759.2
2           1           13293.0
2           2           26586.0
2           3           53172.0
2           4           17724.0
3           1           11016.6
3           2           22033.2
3           3           44066.4
3           4           14688.8
4           1           11757.2
4           2           23514.4
4           3           47028.8
4           4           15676.267
5           1           8695.867
5           2           17391.733
5           3           34783.467
5           4           11594.489
6           1           14914.667
6           2           29829.333
6           3           59658.667
6           4           19886.222
7           1           12450.667
7           2           24901.333
7           3           49802.667
7           4           16600.889
8           1           13304.9
8           2           26609.8
8           3           53219.6
8           4           17739.867



bc(m) - Fixed investment cost for machine m.


1           2499.2064028538725
2           4355.279964981733
3           16637.36717156709
4           1213.5938356761262



ca(m, t) - The available capacity of machine m in period t.


1           1           168.5002264814815
1           2           168.5002264814815
1           3           168.5002264814815
1           4           168.5002264814815
1           5           168.5002264814815
1           6           168.5002264814815
2           1           168.5002264814815
2           2           168.5002264814815
2           3           168.5002264814815
2           4           168.5002264814815
2           5           168.5002264814815
2           6           168.5002264814815
3           1           168.5002264814815
3           2           168.5002264814815
3           3           168.5002264814815
3           4           168.5002264814815
3           5           168.5002264814815
3           6           168.5002264814815
4           1           168.5002264814815
4           2           168.5002264814815
4           3           168.5002264814815
4           4           168.5002264814815
4           5           168.5002264814815
4           6           168.5002264814815



em(t) - The limits of carbon emissions in period t.


1           687.6318380555556
2           687.6318380555556
3           687.6318380555556
4           687.6318380555556
5           687.6318380555556
6           687.6318380555556
