Information for the currently-owned machines and the machines that may be purchased: if 1, the machine can be purchased, otherwise currently-owned.


1           0.0
2           0.0
3           1.0
4           0.0



item_machine_arc(j, m) - The relationship arc between item j and machine m, i.e., machine m is capable of producing item j if item_machine_arc(j, m) = 1.


1           1           1.0
1           2           0.0
1           3           1.0
1           4           1.0
2           1           1.0
2           2           1.0
2           3           1.0
2           4           1.0
3           1           1.0
3           2           1.0
3           3           0.0
3           4           1.0
4           1           0.0
4           2           0.0
4           3           1.0
4           4           0.0
5           1           0.0
5           2           1.0
5           3           0.0
5           4           1.0
6           1           0.0
6           2           1.0
6           3           1.0
6           4           1.0
7           1           0.0
7           2           1.0
7           3           0.0
7           4           1.0
8           1           0.0
8           2           1.0
8           3           1.0
8           4           1.0



d(j, t) - Gross demand for item j in period t.


1           1           42
1           2           45
1           3           31
1           4           45
1           5           38
1           6           31
2           1           32
2           2           49
2           3           48
2           4           34
2           5           41
2           6           42
3           1           37
3           2           49
3           3           36
3           4           44
3           5           35
3           6           32
4           1           32
4           2           45
4           3           32
4           4           30
4           5           46
4           6           31
5           1           45
5           2           30
5           3           39
5           4           30
5           5           47
5           6           41
6           1           39
6           2           46
6           3           36
6           4           43
6           5           33
6           6           30
7           1           35
7           2           34
7           3           33
7           4           32
7           5           38
7           6           36
8           1           41
8           2           41
8           3           32
8           4           47
8           5           33
8           6           31



pt(j, m) - Time required to produce one unit of item j on machine m. The production time is period-independent.


1           1           0.823
1           2           0.879
1           3           1.274
1           4           0.565
2           1           1.266
2           2           0.671
2           3           1.099
2           4           0.818
3           1           0.797
3           2           0.644
3           3           0.797
3           4           0.633
4           1           1.153
4           2           1.0
4           3           0.859
4           4           0.971
5           1           1.479
5           2           0.675
5           3           1.466
5           4           0.54
6           1           1.14
6           2           1.185
6           3           1.413
6           4           0.632
7           1           0.673
7           2           1.327
7           3           0.52
7           4           0.693
8           1           1.391
8           2           1.164
8           3           0.711
8           4           0.641



pc(j, m) - Variable costs of producing one unit of item j on machine m. The production cost is period-independent.


1           1           6.642
1           2           3.011
1           3           2.54
1           4           3.485
2           1           6.707
2           2           3.224
2           3           2.766
2           4           5.988
3           1           7.907
3           2           2.762
3           3           1.673
3           4           4.739
4           1           11.181
4           2           3.671
4           3           2.014
4           4           5.331
5           1           11.485
5           2           2.904
5           3           1.049
5           4           2.279
6           1           9.92
6           2           2.617
6           3           1.334
6           4           4.57
7           1           4.944
7           2           2.18
7           3           1.288
7           4           5.264
8           1           11.255
8           2           3.883
8           3           1.864
8           4           5.008



pe(j, m) - Production emission for producing one unit of item j on machine m. The production emission is period-independent.


1           1           0.667
1           2           0.998
1           3           4.465
1           4           0.858
2           1           0.305
2           2           2.027
2           3           1.64
2           4           2.16
3           1           0.276
3           2           3.404
3           3           2.221
3           4           2.333
4           1           0.929
4           2           2.154
4           3           1.577
4           4           1.284
5           1           0.443
5           2           1.37
5           3           3.205
5           4           0.72
6           1           0.812
6           2           3.152
6           3           4.86
6           4           1.22
7           1           0.43
7           2           3.308
7           3           4.759
7           4           1.365
8           1           0.742
8           2           1.618
8           3           2.562
8           4           1.783



hc(j) - Inventory-holding costs for one unit of item j for one period.


1           0.261
2           0.249
3           0.15
4           0.23
5           0.208
6           0.115
7           0.281
8           0.169



st(j, m) - Setup times for producing a lot of item j on machine m. The setup times are period-independent.


1           1           83.224
1           2           29.612
1           3           44.062
1           4           46.534
2           1           25.693
2           2           86.88
2           3           43.535
2           4           57.1
3           1           80.428
3           2           31.673
3           3           96.839
3           4           39.995
4           1           69.997
4           2           55.498
4           3           42.755
4           4           46.355
5           1           74.224
5           2           52.641
5           3           71.241
5           4           91.19
6           1           90.151
6           2           64.763
6           3           36.045
6           4           30.697
7           1           83.195
7           2           36.479
7           3           72.47
7           4           37.054
8           1           43.951
8           2           41.298
8           3           52.856
8           4           26.91



se(j, m) - Setup emission for producing a lot of item j on machine m. The setup emission are period-independent.


1           1           20.453
1           2           80.797
1           3           142.507
1           4           44.557
2           1           38.782
2           2           123.267
2           3           69.638
2           4           49.063
3           1           23.874
3           2           114.691
3           3           181.517
3           4           65.681
4           1           30.029
4           2           113.891
4           3           196.082
4           4           77.055
5           1           19.037
5           2           70.051
5           3           136.389
5           4           61.779
6           1           47.322
6           2           97.375
6           3           51.149
6           4           56.342
7           1           41.039
7           2           39.714
7           3           94.037
7           4           48.301
8           1           43.115
8           2           81.229
8           3           128.958
8           4           42.585



sc(j, m) - Setup costs for producing a lot of item j on machine m. The setup costs are period-independent.


1           1           56515.2
1           2           18838.4
1           3           14128.8
1           4           28257.6
2           1           57170.4
2           2           19056.8
2           3           14292.6
2           4           28585.2
3           1           32620.0
3           2           10873.333
3           3           8155.0
3           4           16310.0
4           1           46368.0
4           2           15456.0
4           3           11592.0
4           4           23184.0
5           1           45038.933
5           2           15012.978
5           3           11259.733
5           4           22519.467
6           1           24364.667
6           2           8121.556
6           3           6091.167
6           4           12182.333
7           1           54551.467
7           2           18183.822
7           3           13637.867
7           4           27275.733
8           1           35490.0
8           2           11830.0
8           3           8872.5
8           4           17745.0



bc(m) - Fixed investment cost for machine m.


1           260.2051615036527
2           4231.088920216864
3           2370.327292041802
4           9391.030604351541



ca(m, t) - The available capacity of machine m in period t.


1           1           236.67509962962964
1           2           236.67509962962964
1           3           236.67509962962964
1           4           236.67509962962964
1           5           236.67509962962964
1           6           236.67509962962964
2           1           236.67509962962964
2           2           236.67509962962964
2           3           236.67509962962964
2           4           236.67509962962964
2           5           236.67509962962964
2           6           236.67509962962964
3           1           236.67509962962964
3           2           236.67509962962964
3           3           236.67509962962964
3           4           236.67509962962964
3           5           236.67509962962964
3           6           236.67509962962964
4           1           236.67509962962964
4           2           236.67509962962964
4           3           236.67509962962964
4           4           236.67509962962964
4           5           236.67509962962964
4           6           236.67509962962964



em(t) - The limits of carbon emissions in period t.


1           1416.8449166666667
2           1416.8449166666667
3           1416.8449166666667
4           1416.8449166666667
5           1416.8449166666667
6           1416.8449166666667
