Information for the currently-owned machines and the machines that may be purchased: if 1, the machine can be purchased, otherwise currently-owned.


1           1.0
2           0.0
3           0.0
4           0.0



item_machine_arc(j, m) - The relationship arc between item j and machine m, i.e., machine m is capable of producing item j if item_machine_arc(j, m) = 1.


1           1           1.0
1           2           1.0
1           3           1.0
1           4           1.0
2           1           0.0
2           2           0.0
2           3           1.0
2           4           1.0
3           1           0.0
3           2           0.0
3           3           1.0
3           4           0.0
4           1           0.0
4           2           0.0
4           3           0.0
4           4           1.0
5           1           0.0
5           2           1.0
5           3           1.0
5           4           0.0
6           1           1.0
6           2           1.0
6           3           1.0
6           4           1.0
7           1           1.0
7           2           1.0
7           3           1.0
7           4           1.0
8           1           1.0
8           2           1.0
8           3           0.0
8           4           0.0



d(j, t) - Gross demand for item j in period t.


1           1           30
1           2           37
1           3           33
1           4           38
1           5           49
1           6           33
2           1           30
2           2           41
2           3           30
2           4           46
2           5           38
2           6           47
3           1           45
3           2           48
3           3           44
3           4           32
3           5           33
3           6           34
4           1           31
4           2           37
4           3           43
4           4           33
4           5           36
4           6           46
5           1           37
5           2           47
5           3           31
5           4           35
5           5           32
5           6           31
6           1           34
6           2           43
6           3           36
6           4           44
6           5           50
6           6           30
7           1           43
7           2           34
7           3           38
7           4           34
7           5           33
7           6           44
8           1           34
8           2           46
8           3           46
8           4           46
8           5           50
8           6           42



pt(j, m) - Time required to produce one unit of item j on machine m. The production time is period-independent.


1           1           1.438
1           2           0.707
1           3           1.14
1           4           0.871
2           1           0.535
2           2           0.873
2           3           0.847
2           4           1.091
3           1           0.897
3           2           0.83
3           3           1.261
3           4           0.813
4           1           0.683
4           2           1.054
4           3           1.338
4           4           0.799
5           1           0.535
5           2           1.26
5           3           1.044
5           4           0.607
6           1           0.849
6           2           1.463
6           3           0.607
6           4           0.981
7           1           0.932
7           2           0.73
7           3           0.855
7           4           0.701
8           1           1.379
8           2           0.638
8           3           1.483
8           4           0.599



pc(j, m) - Variable costs of producing one unit of item j on machine m. The production cost is period-independent.


1           1           5.951
1           2           11.626
1           3           2.82
1           4           2.534
2           1           5.13
2           2           6.327
2           3           3.904
2           4           2.813
3           1           5.739
3           2           6.261
3           3           2.826
3           4           1.317
4           1           3.576
4           2           6.06
4           3           2.637
4           4           1.599
5           1           4.812
5           2           11.585
5           3           1.356
5           4           1.801
6           1           5.349
6           2           6.573
6           3           1.882
6           4           1.754
7           1           2.5
7           2           10.253
7           3           2.701
7           4           2.354
8           1           4.316
8           2           6.239
8           3           2.995
8           4           1.576



pe(j, m) - Production emission for producing one unit of item j on machine m. The production emission is period-independent.


1           1           0.426
1           2           0.182
1           3           0.424
1           4           0.771
2           1           0.392
2           2           0.217
2           3           0.608
2           4           0.941
3           1           0.332
3           2           0.086
3           3           0.15
3           4           0.736
4           1           0.487
4           2           0.178
4           3           0.593
4           4           0.878
5           1           0.143
5           2           0.136
5           3           0.668
5           4           0.878
6           1           0.113
6           2           0.073
6           3           0.403
6           4           0.241
7           1           0.224
7           2           0.221
7           3           0.534
7           4           0.497
8           1           0.105
8           2           0.203
8           3           0.437
8           4           0.922



hc(j) - Inventory-holding costs for one unit of item j for one period.


1           0.129
2           0.225
3           0.193
4           0.18
5           0.202
6           0.277
7           0.145
8           0.19



st(j, m) - Setup times for producing a lot of item j on machine m. The setup times are period-independent.


1           1           65.887
1           2           78.085
1           3           55.818
1           4           98.923
2           1           90.992
2           2           60.697
2           3           27.066
2           4           40.604
3           1           65.983
3           2           39.285
3           3           57.337
3           4           77.371
4           1           87.815
4           2           76.413
4           3           87.893
4           4           25.179
5           1           54.338
5           2           54.606
5           3           70.241
5           4           85.221
6           1           31.4
6           2           79.095
6           3           47.387
6           4           98.861
7           1           25.951
7           2           82.188
7           3           92.759
7           4           58.094
8           1           27.62
8           2           32.943
8           3           86.263
8           4           85.931



se(j, m) - Setup emission for producing a lot of item j on machine m. The setup emission are period-independent.


1           1           68.007
1           2           30.146
1           3           51.447
1           4           180.159
2           1           59.059
2           2           13.854
2           3           104.702
2           4           62.14
3           1           63.847
3           2           18.185
3           3           144.779
3           4           72.372
4           1           91.424
4           2           49.581
4           3           62.527
4           4           147.364
5           1           64.17
5           2           21.457
5           3           149.505
5           4           178.347
6           1           57.481
6           2           47.301
6           3           121.21
6           4           97.917
7           1           54.567
7           2           28.544
7           3           62.841
7           4           158.789
8           1           64.671
8           2           36.53
8           3           127.269
8           4           116.174



sc(j, m) - Setup costs for producing a lot of item j on machine m. The setup costs are period-independent.


1           1           14568.4
1           2           29136.8
1           3           9712.267
1           4           7284.2
2           1           26796.0
2           2           53592.0
2           3           17864.0
2           4           13398.0
3           1           23381.307
3           2           46762.613
3           3           15587.538
3           4           11690.653
4           1           20882.4
4           2           41764.8
4           3           13921.6
4           4           10441.2
5           1           22086.68
5           2           44173.36
5           3           14724.453
5           4           11043.34
6           1           33699.82
6           2           67399.64
6           3           22466.547
6           4           16849.91
7           1           16821.933
7           2           33643.867
7           3           11214.622
7           4           8410.967
8           1           25748.8
8           2           51497.6
8           3           17165.867
8           4           12874.4



bc(m) - Fixed investment cost for machine m.


1           7715.116971022729
2           10781.259146372491
3           1337.4934323558768
4           2737.493525123873



ca(m, t) - The available capacity of machine m in period t.


1           1           264.71522000000004
1           2           264.71522000000004
1           3           264.71522000000004
1           4           264.71522000000004
1           5           264.71522000000004
1           6           264.71522000000004
2           1           264.71522000000004
2           2           264.71522000000004
2           3           264.71522000000004
2           4           264.71522000000004
2           5           264.71522000000004
2           6           264.71522000000004
3           1           264.71522000000004
3           2           264.71522000000004
3           3           264.71522000000004
3           4           264.71522000000004
3           5           264.71522000000004
3           6           264.71522000000004
4           1           264.71522000000004
4           2           264.71522000000004
4           3           264.71522000000004
4           4           264.71522000000004
4           5           264.71522000000004
4           6           264.71522000000004



em(t) - The limits of carbon emissions in period t.


1           705.8972083333333
2           705.8972083333333
3           705.8972083333333
4           705.8972083333333
5           705.8972083333333
6           705.8972083333333
