Information for the currently-owned machines and the machines that may be purchased: if 1, the machine can be purchased, otherwise currently-owned.


1           0.0
2           0.0
3           1.0
4           0.0



item_machine_arc(j, m) - The relationship arc between item j and machine m, i.e., machine m is capable of producing item j if item_machine_arc(j, m) = 1.


1           1           0.0
1           2           1.0
1           3           1.0
1           4           0.0
2           1           0.0
2           2           0.0
2           3           0.0
2           4           1.0
3           1           1.0
3           2           0.0
3           3           1.0
3           4           0.0
4           1           1.0
4           2           1.0
4           3           1.0
4           4           1.0
5           1           1.0
5           2           1.0
5           3           1.0
5           4           0.0
6           1           1.0
6           2           0.0
6           3           1.0
6           4           0.0
7           1           1.0
7           2           0.0
7           3           0.0
7           4           0.0
8           1           1.0
8           2           0.0
8           3           0.0
8           4           0.0



d(j, t) - Gross demand for item j in period t.


1           1           41
1           2           30
1           3           42
1           4           36
1           5           35
1           6           42
2           1           47
2           2           41
2           3           44
2           4           39
2           5           34
2           6           35
3           1           49
3           2           41
3           3           43
3           4           30
3           5           33
3           6           46
4           1           30
4           2           32
4           3           34
4           4           38
4           5           45
4           6           36
5           1           50
5           2           43
5           3           47
5           4           34
5           5           45
5           6           41
6           1           32
6           2           32
6           3           50
6           4           44
6           5           42
6           6           44
7           1           49
7           2           40
7           3           37
7           4           34
7           5           50
7           6           45
8           1           35
8           2           47
8           3           33
8           4           49
8           5           30
8           6           48



pt(j, m) - Time required to produce one unit of item j on machine m. The production time is period-independent.


1           1           1.02
1           2           0.75
1           3           0.931
1           4           1.323
2           1           1.0
2           2           0.97
2           3           0.778
2           4           0.921
3           1           0.992
3           2           1.019
3           3           1.285
3           4           0.851
4           1           0.726
4           2           1.452
4           3           0.583
4           4           1.035
5           1           0.849
5           2           0.589
5           3           0.675
5           4           1.105
6           1           1.085
6           2           1.233
6           3           0.592
6           4           1.0
7           1           1.47
7           2           0.663
7           3           1.096
7           4           1.151
8           1           1.128
8           2           0.802
8           3           1.186
8           4           1.444



pc(j, m) - Variable costs of producing one unit of item j on machine m. The production cost is period-independent.


1           1           1.535
1           2           7.293
1           3           3.557
1           4           2.868
2           1           2.371
2           2           8.657
2           3           2.764
2           4           3.498
3           1           1.873
3           2           8.541
3           3           5.274
3           4           3.738
4           1           1.094
4           2           11.196
4           3           3.351
4           4           1.428
5           1           1.968
5           2           9.831
5           3           3.64
5           4           3.894
6           1           2.837
6           2           7.823
6           3           4.821
6           4           1.797
7           1           2.379
7           2           8.857
7           3           4.83
7           4           2.842
8           1           1.376
8           2           5.397
8           3           5.168
8           4           1.668



pe(j, m) - Production emission for producing one unit of item j on machine m. The production emission is period-independent.


1           1           4.801
1           2           0.38
1           3           1.771
1           4           3.43
2           1           4.245
2           2           1.201
2           3           1.215
2           4           0.906
3           1           3.542
3           2           1.171
3           3           2.47
3           4           1.309
4           1           3.467
4           2           0.512
4           3           1.779
4           4           2.42
5           1           3.009
5           2           0.719
5           3           2.082
5           4           1.173
6           1           4.113
6           2           1.146
6           3           1.536
6           4           1.477
7           1           3.019
7           2           0.969
7           3           1.992
7           4           2.981
8           1           1.486
8           2           0.742
8           3           2.29
8           4           2.452



hc(j) - Inventory-holding costs for one unit of item j for one period.


1           0.132
2           0.192
3           0.183
4           0.203
5           0.159
6           0.276
7           0.254
8           0.259



st(j, m) - Setup times for producing a lot of item j on machine m. The setup times are period-independent.


1           1           11.194
1           2           7.558
1           3           7.071
1           4           10.205
2           1           13.952
2           2           11.728
2           3           6.539
2           4           18.666
3           1           11.571
3           2           12.443
3           3           9.122
3           4           19.016
4           1           8.424
4           2           11.905
4           3           19.056
4           4           10.448
5           1           6.772
5           2           18.678
5           3           7.723
5           4           15.057
6           1           5.805
6           2           13.536
6           3           13.863
6           4           5.939
7           1           19.638
7           2           8.023
7           3           9.297
7           4           15.473
8           1           6.605
8           2           5.956
8           3           9.806
8           4           11.175



se(j, m) - Setup emission for producing a lot of item j on machine m. The setup emission are period-independent.


1           1           34.072
1           2           8.875
1           3           6.727
1           4           25.765
2           1           38.565
2           2           5.637
2           3           17.601
2           4           22.458
3           1           25.533
3           2           5.314
3           3           15.169
3           4           26.323
4           1           10.621
4           2           6.576
4           3           19.214
4           4           14.275
5           1           37.131
5           2           6.607
5           3           16.759
5           4           11.448
6           1           12.515
6           2           5.47
6           3           15.601
6           4           28.5
7           1           17.122
7           2           4.38
7           3           10.471
7           4           25.164
8           1           13.643
8           2           9.564
8           3           7.009
8           4           13.415



sc(j, m) - Setup costs for producing a lot of item j on machine m. The setup costs are period-independent.


1           1           7656.88
1           2           30627.52
1           3           15313.76
1           4           10209.173
2           1           11827.2
2           2           47308.8
2           3           23654.4
2           4           15769.6
3           1           11366.74
3           2           45466.96
3           3           22733.48
3           4           15155.653
4           1           11202.217
4           2           44808.867
4           3           22404.433
4           4           14936.289
5           1           10610.6
5           2           42442.4
5           3           21221.2
5           4           14147.467
6           1           17284.96
6           2           69139.84
6           3           34569.92
6           4           23046.613
7           1           16624.3
7           2           66497.2
7           3           33248.6
7           4           22165.733
8           1           16087.353
8           2           64349.413
8           3           32174.707
8           4           21449.804



bc(m) - Fixed investment cost for machine m.


1           1649.7434915800725
2           19206.71804210612
3           987.0427496287293
4           3458.4323185108287



ca(m, t) - The available capacity of machine m in period t.


1           1           172.1884435185185
1           2           172.1884435185185
1           3           172.1884435185185
1           4           172.1884435185185
1           5           172.1884435185185
1           6           172.1884435185185
2           1           172.1884435185185
2           2           172.1884435185185
2           3           172.1884435185185
2           4           172.1884435185185
2           5           172.1884435185185
2           6           172.1884435185185
3           1           172.1884435185185
3           2           172.1884435185185
3           3           172.1884435185185
3           4           172.1884435185185
3           5           172.1884435185185
3           6           172.1884435185185
4           1           172.1884435185185
4           2           172.1884435185185
4           3           172.1884435185185
4           4           172.1884435185185
4           5           172.1884435185185
4           6           172.1884435185185



em(t) - The limits of carbon emissions in period t.


1           1112.5220088888889
2           1112.5220088888889
3           1112.5220088888889
4           1112.5220088888889
5           1112.5220088888889
6           1112.5220088888889
