Information for the currently-owned machines and the machines that may be purchased: if 1, the machine can be purchased, otherwise currently-owned.


1           1.0
2           0.0
3           0.0
4           0.0



item_machine_arc(j, m) - The relationship arc between item j and machine m, i.e., machine m is capable of producing item j if item_machine_arc(j, m) = 1.


1           1           1.0
1           2           0.0
1           3           0.0
1           4           0.0
2           1           1.0
2           2           0.0
2           3           1.0
2           4           1.0
3           1           1.0
3           2           0.0
3           3           0.0
3           4           1.0
4           1           1.0
4           2           1.0
4           3           0.0
4           4           0.0
5           1           0.0
5           2           0.0
5           3           1.0
5           4           0.0
6           1           1.0
6           2           0.0
6           3           1.0
6           4           1.0
7           1           0.0
7           2           1.0
7           3           0.0
7           4           0.0
8           1           1.0
8           2           1.0
8           3           0.0
8           4           1.0



d(j, t) - Gross demand for item j in period t.


1           1           41
1           2           36
1           3           48
1           4           30
1           5           40
1           6           31
2           1           40
2           2           31
2           3           40
2           4           31
2           5           31
2           6           30
3           1           35
3           2           34
3           3           41
3           4           44
3           5           36
3           6           33
4           1           30
4           2           48
4           3           37
4           4           40
4           5           35
4           6           42
5           1           46
5           2           45
5           3           42
5           4           36
5           5           32
5           6           35
6           1           36
6           2           50
6           3           45
6           4           37
6           5           35
6           6           30
7           1           38
7           2           36
7           3           33
7           4           40
7           5           32
7           6           44
8           1           41
8           2           40
8           3           30
8           4           50
8           5           37
8           6           48



pt(j, m) - Time required to produce one unit of item j on machine m. The production time is period-independent.


1           1           1.335
1           2           0.525
1           3           1.338
1           4           0.6
2           1           1.442
2           2           1.498
2           3           1.41
2           4           0.648
3           1           0.871
3           2           1.158
3           3           0.508
3           4           1.274
4           1           0.972
4           2           0.729
4           3           1.293
4           4           0.53
5           1           1.223
5           2           1.219
5           3           1.343
5           4           1.278
6           1           1.424
6           2           0.704
6           3           0.797
6           4           0.806
7           1           1.176
7           2           0.895
7           3           1.392
7           4           0.651
8           1           1.163
8           2           1.449
8           3           0.987
8           4           1.048



pc(j, m) - Variable costs of producing one unit of item j on machine m. The production cost is period-independent.


1           1           2.826
1           2           3.204
1           3           5.104
1           4           1.818
2           1           3.739
2           2           2.992
2           3           4.466
2           4           2.388
3           1           1.953
3           2           3.139
3           3           6.046
3           4           1.5
4           1           1.586
4           2           4.118
4           3           4.301
4           4           2.505
5           1           1.858
5           2           3.586
5           3           6.138
5           4           2.721
6           1           3.832
6           2           5.49
6           3           6.867
6           4           1.113
7           1           2.466
7           2           2.727
7           3           8.598
7           4           2.069
8           1           2.972
8           2           2.316
8           3           10.003
8           4           2.991



pe(j, m) - Production emission for producing one unit of item j on machine m. The production emission is period-independent.


1           1           0.993
1           2           0.717
1           3           0.979
1           4           3.465
2           1           2.678
2           2           0.734
2           3           0.795
2           4           1.284
3           1           3.131
3           2           1.593
3           3           0.802
3           4           2.715
4           1           2.283
4           2           0.779
4           3           0.637
4           4           2.941
5           1           2.522
5           2           2.35
5           3           0.548
5           4           2.656
6           1           2.058
6           2           2.201
6           3           1.136
6           4           4.728
7           1           3.57
7           2           2.04
7           3           0.363
7           4           1.96
8           1           1.493
8           2           0.882
8           3           0.922
8           4           4.239



hc(j) - Inventory-holding costs for one unit of item j for one period.


1           0.26
2           0.243
3           0.275
4           0.156
5           0.27
6           0.241
7           0.193
8           0.157



st(j, m) - Setup times for producing a lot of item j on machine m. The setup times are period-independent.


1           1           7.004
1           2           18.484
1           3           11.864
1           4           6.951
2           1           6.384
2           2           18.817
2           3           16.873
2           4           13.863
3           1           17.136
3           2           11.712
3           3           7.277
3           4           10.501
4           1           17.266
4           2           19.474
4           3           14.226
4           4           14.386
5           1           9.278
5           2           15.109
5           3           9.224
5           4           5.144
6           1           15.938
6           2           9.554
6           3           5.945
6           4           11.704
7           1           17.387
7           2           18.984
7           3           16.707
7           4           7.428
8           1           5.297
8           2           7.818
8           3           8.081
8           4           6.634



se(j, m) - Setup emission for producing a lot of item j on machine m. The setup emission are period-independent.


1           1           25.865
1           2           11.586
1           3           5.836
1           4           10.792
2           1           17.722
2           2           7.372
2           3           9.515
2           4           25.41
3           1           11.057
3           2           6.1
3           3           9.078
3           4           23.946
4           1           28.257
4           2           15.822
4           3           7.691
4           4           15.126
5           1           9.651
5           2           15.449
5           3           9.164
5           4           29.913
6           1           27.443
6           2           17.231
6           3           6.079
6           4           26.432
7           1           24.307
7           2           11.68
7           3           9.424
7           4           13.612
8           1           20.916
8           2           18.989
8           3           7.243
8           4           10.768



sc(j, m) - Setup costs for producing a lot of item j on machine m. The setup costs are period-independent.


1           1           20108.978
1           2           30163.467
1           3           60326.933
1           4           15081.733
2           1           16881.48
2           2           25322.22
2           3           50644.44
2           4           12661.11
3           1           20986.778
3           2           31480.167
3           3           62960.333
3           4           15740.083
4           1           12385.707
4           2           18578.56
4           3           37157.12
4           4           9289.28
5           1           21806.4
5           2           32709.6
5           3           65419.2
5           4           16354.8
6           1           19216.804
6           2           28825.207
6           3           57650.413
6           4           14412.603
7           1           14728.902
7           2           22093.353
7           3           44186.707
7           4           11046.677
8           1           13217.307
8           2           19825.96
8           3           39651.92
8           4           9912.98



bc(m) - Fixed investment cost for machine m.


1           1112.130008253005
2           2657.427313899262
3           4771.744862247658
4           4950.229746995123



ca(m, t) - The available capacity of machine m in period t.


1           1           180.40044814814812
1           2           180.40044814814812
1           3           180.40044814814812
1           4           180.40044814814812
1           5           180.40044814814812
1           6           180.40044814814812
2           1           180.40044814814812
2           2           180.40044814814812
2           3           180.40044814814812
2           4           180.40044814814812
2           5           180.40044814814812
2           6           180.40044814814812
3           1           180.40044814814812
3           2           180.40044814814812
3           3           180.40044814814812
3           4           180.40044814814812
3           5           180.40044814814812
3           6           180.40044814814812
4           1           180.40044814814812
4           2           180.40044814814812
4           3           180.40044814814812
4           4           180.40044814814812
4           5           180.40044814814812
4           6           180.40044814814812



em(t) - The limits of carbon emissions in period t.


1           867.3524222222221
2           867.3524222222221
3           867.3524222222221
4           867.3524222222221
5           867.3524222222221
6           867.3524222222221
