Information for the currently-owned machines and the machines that may be purchased: if 1, the machine can be purchased, otherwise currently-owned.


1           1.0
2           0.0
3           0.0
4           0.0



item_machine_arc(j, m) - The relationship arc between item j and machine m, i.e., machine m is capable of producing item j if item_machine_arc(j, m) = 1.


1           1           1.0
1           2           0.0
1           3           0.0
1           4           0.0
2           1           1.0
2           2           0.0
2           3           1.0
2           4           1.0
3           1           1.0
3           2           0.0
3           3           1.0
3           4           1.0
4           1           1.0
4           2           0.0
4           3           0.0
4           4           0.0
5           1           0.0
5           2           1.0
5           3           0.0
5           4           0.0
6           1           1.0
6           2           1.0
6           3           1.0
6           4           1.0
7           1           1.0
7           2           0.0
7           3           1.0
7           4           0.0
8           1           1.0
8           2           1.0
8           3           1.0
8           4           1.0



d(j, t) - Gross demand for item j in period t.


1           1           30
1           2           41
1           3           38
1           4           38
1           5           50
1           6           38
2           1           34
2           2           37
2           3           30
2           4           35
2           5           49
2           6           31
3           1           47
3           2           42
3           3           44
3           4           41
3           5           41
3           6           50
4           1           49
4           2           45
4           3           31
4           4           35
4           5           35
4           6           45
5           1           39
5           2           40
5           3           42
5           4           34
5           5           34
5           6           44
6           1           34
6           2           40
6           3           32
6           4           45
6           5           32
6           6           30
7           1           49
7           2           48
7           3           45
7           4           34
7           5           30
7           6           37
8           1           32
8           2           35
8           3           34
8           4           50
8           5           42
8           6           35



pt(j, m) - Time required to produce one unit of item j on machine m. The production time is period-independent.


1           1           0.783
1           2           1.265
1           3           1.031
1           4           0.509
2           1           1.175
2           2           1.358
2           3           1.057
2           4           0.719
3           1           1.185
3           2           0.829
3           3           0.516
3           4           1.403
4           1           1.417
4           2           1.114
4           3           0.58
4           4           1.226
5           1           1.478
5           2           0.938
5           3           0.665
5           4           1.001
6           1           1.035
6           2           1.362
6           3           1.038
6           4           1.182
7           1           0.857
7           2           1.087
7           3           0.974
7           4           0.536
8           1           1.215
8           2           1.223
8           3           0.616
8           4           1.42



pc(j, m) - Variable costs of producing one unit of item j on machine m. The production cost is period-independent.


1           1           1.842
1           2           1.808
1           3           4.845
1           4           11.516
2           1           1.41
2           2           3.591
2           3           5.29
2           4           7.409
3           1           1.307
3           2           2.334
3           3           3.148
3           4           4.09
4           1           1.689
4           2           1.473
4           3           3.171
4           4           5.172
5           1           1.469
5           2           2.551
5           3           5.024
5           4           6.179
6           1           2.089
6           2           3.268
6           3           4.992
6           4           8.231
7           1           1.692
7           2           2.046
7           3           4.393
7           4           5.883
8           1           1.228
8           2           2.863
8           3           4.187
8           4           8.487



pe(j, m) - Production emission for producing one unit of item j on machine m. The production emission is period-independent.


1           1           0.613
1           2           0.622
1           3           0.121
1           4           0.088
2           1           0.999
2           2           0.296
2           3           0.109
2           4           0.116
3           1           0.595
3           2           0.156
3           3           0.404
3           4           0.131
4           1           0.225
4           2           0.361
4           3           0.185
4           4           0.092
5           1           0.644
5           2           0.383
5           3           0.214
5           4           0.237
6           1           0.867
6           2           0.258
6           3           0.362
6           4           0.207
7           1           0.791
7           2           0.169
7           3           0.276
7           4           0.223
8           1           0.818
8           2           0.207
8           3           0.465
8           4           0.126



hc(j) - Inventory-holding costs for one unit of item j for one period.


1           0.192
2           0.211
3           0.214
4           0.153
5           0.264
6           0.125
7           0.192
8           0.26



st(j, m) - Setup times for producing a lot of item j on machine m. The setup times are period-independent.


1           1           44.728
1           2           61.261
1           3           43.764
1           4           79.599
2           1           63.062
2           2           44.728
2           3           32.87
2           4           96.024
3           1           27.349
3           2           62.45
3           3           90.936
3           4           86.693
4           1           71.903
4           2           32.531
4           3           88.483
4           4           35.609
5           1           29.587
5           2           84.292
5           3           60.404
5           4           40.282
6           1           51.809
6           2           59.196
6           3           57.209
6           4           51.677
7           1           98.56
7           2           76.139
7           3           79.42
7           4           96.289
8           1           68.228
8           2           57.384
8           3           69.542
8           4           29.832



se(j, m) - Setup emission for producing a lot of item j on machine m. The setup emission are period-independent.


1           1           111.836
1           2           99.013
1           3           95.081
1           4           48.017
2           1           99.062
2           2           149.465
2           3           88.759
2           4           39.177
3           1           83.238
3           2           79.606
3           3           91.973
3           4           44.052
4           1           83.224
4           2           96.099
4           3           26.976
4           4           49.387
5           1           95.353
5           2           101.772
5           3           96.322
5           4           28.007
6           1           127.029
6           2           49.633
6           3           59.325
6           4           22.812
7           1           132.286
7           2           37.899
7           3           69.311
7           4           32.19
8           1           186.281
8           2           130.18
8           3           74.27
8           4           46.131



sc(j, m) - Setup costs for producing a lot of item j on machine m. The setup costs are period-independent.


1           1           11580.8
1           2           15441.067
1           3           23161.6
1           4           46323.2
2           1           11697.84
2           2           15597.12
2           3           23395.68
2           4           46791.36
3           1           14555.567
3           2           19407.422
3           3           29111.133
3           4           58222.267
4           1           9424.8
4           2           12566.4
4           3           18849.6
4           4           37699.2
5           1           15788.08
5           2           21050.773
5           3           31576.16
5           4           63152.32
6           1           6833.75
6           2           9111.667
6           3           13667.5
6           4           27335.0
7           1           11975.04
7           2           15966.72
7           3           23950.08
7           4           47900.16
8           1           15215.2
8           2           20286.933
8           3           30430.4
8           4           60860.8



bc(m) - Fixed investment cost for machine m.


1           3375.202651269793
2           3854.2068416789734
3           6806.044447068024
4           164.6923342747142



ca(m, t) - The available capacity of machine m in period t.


1           1           276.34196851851846
1           2           276.34196851851846
1           3           276.34196851851846
1           4           276.34196851851846
1           5           276.34196851851846
1           6           276.34196851851846
2           1           276.34196851851846
2           2           276.34196851851846
2           3           276.34196851851846
2           4           276.34196851851846
2           5           276.34196851851846
2           6           276.34196851851846
3           1           276.34196851851846
3           2           276.34196851851846
3           3           276.34196851851846
3           4           276.34196851851846
3           5           276.34196851851846
3           6           276.34196851851846
4           1           276.34196851851846
4           2           276.34196851851846
4           3           276.34196851851846
4           4           276.34196851851846
4           5           276.34196851851846
4           6           276.34196851851846



em(t) - The limits of carbon emissions in period t.


1           756.6776952777778
2           756.6776952777778
3           756.6776952777778
4           756.6776952777778
5           756.6776952777778
6           756.6776952777778
