Information for the currently-owned machines and the machines that may be purchased: if 1, the machine can be purchased, otherwise currently-owned.


1           0.0
2           0.0
3           1.0
4           0.0



item_machine_arc(j, m) - The relationship arc between item j and machine m, i.e., machine m is capable of producing item j if item_machine_arc(j, m) = 1.


1           1           0.0
1           2           1.0
1           3           0.0
1           4           0.0
2           1           0.0
2           2           1.0
2           3           0.0
2           4           1.0
3           1           1.0
3           2           0.0
3           3           0.0
3           4           0.0
4           1           0.0
4           2           1.0
4           3           1.0
4           4           1.0
5           1           1.0
5           2           1.0
5           3           0.0
5           4           0.0
6           1           1.0
6           2           1.0
6           3           0.0
6           4           1.0
7           1           0.0
7           2           0.0
7           3           0.0
7           4           1.0
8           1           0.0
8           2           1.0
8           3           1.0
8           4           1.0



d(j, t) - Gross demand for item j in period t.


1           1           45
1           2           40
1           3           37
1           4           39
1           5           30
1           6           41
2           1           39
2           2           44
2           3           40
2           4           47
2           5           38
2           6           34
3           1           49
3           2           46
3           3           46
3           4           35
3           5           41
3           6           38
4           1           44
4           2           44
4           3           36
4           4           31
4           5           44
4           6           47
5           1           49
5           2           33
5           3           47
5           4           33
5           5           36
5           6           34
6           1           34
6           2           38
6           3           39
6           4           46
6           5           38
6           6           50
7           1           38
7           2           31
7           3           42
7           4           39
7           5           31
7           6           35
8           1           36
8           2           34
8           3           47
8           4           35
8           5           31
8           6           50



pt(j, m) - Time required to produce one unit of item j on machine m. The production time is period-independent.


1           1           0.948
1           2           0.989
1           3           0.663
1           4           0.749
2           1           1.0
2           2           1.234
2           3           0.971
2           4           0.937
3           1           1.45
3           2           0.501
3           3           1.094
3           4           1.179
4           1           1.194
4           2           1.275
4           3           0.803
4           4           1.478
5           1           1.048
5           2           0.915
5           3           0.698
5           4           0.644
6           1           0.965
6           2           0.78
6           3           1.079
6           4           1.112
7           1           1.123
7           2           0.821
7           3           1.398
7           4           0.599
8           1           1.465
8           2           1.282
8           3           0.674
8           4           0.521



pc(j, m) - Variable costs of producing one unit of item j on machine m. The production cost is period-independent.


1           1           5.767
1           2           3.851
1           3           4.094
1           4           2.162
2           1           7.093
2           2           1.883
2           3           5.355
2           4           1.148
3           1           11.355
3           2           2.149
3           3           4.126
3           4           1.16
4           1           10.981
4           2           3.679
4           3           3.965
4           4           2.379
5           1           5.876
5           2           3.299
5           3           2.014
5           4           1.865
6           1           7.437
6           2           1.683
6           3           5.55
6           4           2.461
7           1           8.847
7           2           2.54
7           3           4.097
7           4           2.521
8           1           4.041
8           2           1.382
8           3           2.499
8           4           2.307



pe(j, m) - Production emission for producing one unit of item j on machine m. The production emission is period-independent.


1           1           1.207
1           2           3.351
1           3           1.863
1           4           1.679
2           1           0.814
2           2           2.869
2           3           0.802
2           4           4.992
3           1           0.965
3           2           2.92
3           3           1.91
3           4           4.616
4           1           0.814
4           2           1.647
4           3           0.733
4           4           4.007
5           1           0.621
5           2           3.494
5           3           2.276
5           4           4.404
6           1           0.595
6           2           2.567
6           3           0.791
6           4           3.355
7           1           0.297
7           2           1.42
7           3           1.657
7           4           3.267
8           1           0.401
8           2           3.271
8           3           1.454
8           4           3.199



hc(j) - Inventory-holding costs for one unit of item j for one period.


1           0.183
2           0.294
3           0.155
4           0.186
5           0.102
6           0.278
7           0.197
8           0.127



st(j, m) - Setup times for producing a lot of item j on machine m. The setup times are period-independent.


1           1           87.137
1           2           48.208
1           3           68.409
1           4           50.037
2           1           55.819
2           2           51.461
2           3           57.589
2           4           67.678
3           1           32.327
3           2           35.071
3           3           58.589
3           4           59.691
4           1           59.761
4           2           85.317
4           3           65.208
4           4           66.579
5           1           92.844
5           2           25.234
5           3           81.489
5           4           70.62
6           1           55.503
6           2           32.247
6           3           56.532
6           4           74.496
7           1           80.67
7           2           62.652
7           3           70.06
7           4           37.009
8           1           41.599
8           2           49.866
8           3           63.572
8           4           76.054



se(j, m) - Setup emission for producing a lot of item j on machine m. The setup emission are period-independent.


1           1           5.371
1           2           19.481
1           3           18.396
1           4           15.31
2           1           4.488
2           2           15.357
2           3           16.634
2           4           25.809
3           1           5.532
3           2           20.602
3           3           6.189
3           4           36.982
4           1           4.611
4           2           14.121
4           3           11.948
4           4           27.828
5           1           8.53
5           2           25.21
5           3           6.209
5           4           15.209
6           1           7.9
6           2           24.201
6           3           11.108
6           4           37.747
7           1           5.667
7           2           22.919
7           3           15.012
7           4           34.831
8           1           3.556
8           2           12.748
8           3           18.068
8           4           31.196



sc(j, m) - Setup costs for producing a lot of item j on machine m. The setup costs are period-independent.


1           1           43588.16
1           2           14529.387
1           3           21794.08
1           4           10897.04
2           1           73045.28
2           2           24348.427
2           3           36522.64
2           4           18261.32
3           1           40579.0
3           2           13526.333
3           3           20289.5
3           4           10144.75
4           1           46976.16
4           2           15658.72
4           3           23488.08
4           4           11744.04
5           1           24295.04
5           2           8098.347
5           3           12147.52
5           4           6073.76
6           1           69926.267
6           2           23308.756
6           3           34963.133
6           4           17481.567
7           1           43686.72
7           2           14562.24
7           3           21843.36
7           4           10921.68
8           1           30380.093
8           2           10126.698
8           3           15190.047
8           4           7595.023



bc(m) - Fixed investment cost for machine m.


1           2067.4389191193777
2           5812.387682120288
3           4895.3413589910315
4           128.97336542729732



ca(m, t) - The available capacity of machine m in period t.


1           1           249.94468333333336
1           2           249.94468333333336
1           3           249.94468333333336
1           4           249.94468333333336
1           5           249.94468333333336
1           6           249.94468333333336
2           1           249.94468333333336
2           2           249.94468333333336
2           3           249.94468333333336
2           4           249.94468333333336
2           5           249.94468333333336
2           6           249.94468333333336
3           1           249.94468333333336
3           2           249.94468333333336
3           3           249.94468333333336
3           4           249.94468333333336
3           5           249.94468333333336
3           6           249.94468333333336
4           1           249.94468333333336
4           2           249.94468333333336
4           3           249.94468333333336
4           4           249.94468333333336
4           5           249.94468333333336
4           6           249.94468333333336



em(t) - The limits of carbon emissions in period t.


1           1238.2380111111113
2           1238.2380111111113
3           1238.2380111111113
4           1238.2380111111113
5           1238.2380111111113
6           1238.2380111111113
