Information for the currently-owned machines and the machines that may be purchased: if 1, the machine can be purchased, otherwise currently-owned.


1           0.0
2           0.0
3           0.0
4           1.0



item_machine_arc(j, m) - The relationship arc between item j and machine m, i.e., machine m is capable of producing item j if item_machine_arc(j, m) = 1.


1           1           1.0
1           2           1.0
1           3           0.0
1           4           1.0
2           1           1.0
2           2           1.0
2           3           1.0
2           4           1.0
3           1           0.0
3           2           0.0
3           3           0.0
3           4           1.0
4           1           0.0
4           2           0.0
4           3           1.0
4           4           0.0
5           1           0.0
5           2           1.0
5           3           1.0
5           4           1.0
6           1           1.0
6           2           0.0
6           3           1.0
6           4           1.0
7           1           1.0
7           2           0.0
7           3           0.0
7           4           1.0
8           1           1.0
8           2           0.0
8           3           0.0
8           4           1.0



d(j, t) - Gross demand for item j in period t.


1           1           39
1           2           33
1           3           49
1           4           41
1           5           48
1           6           46
2           1           46
2           2           41
2           3           30
2           4           37
2           5           41
2           6           46
3           1           37
3           2           45
3           3           35
3           4           47
3           5           50
3           6           35
4           1           38
4           2           41
4           3           38
4           4           37
4           5           34
4           6           33
5           1           30
5           2           33
5           3           42
5           4           36
5           5           31
5           6           30
6           1           38
6           2           48
6           3           41
6           4           49
6           5           32
6           6           43
7           1           46
7           2           38
7           3           31
7           4           31
7           5           50
7           6           34
8           1           48
8           2           50
8           3           41
8           4           45
8           5           35
8           6           36



pt(j, m) - Time required to produce one unit of item j on machine m. The production time is period-independent.


1           1           0.582
1           2           0.816
1           3           1.102
1           4           1.401
2           1           0.777
2           2           0.818
2           3           1.163
2           4           1.409
3           1           1.441
3           2           1.243
3           3           0.905
3           4           0.533
4           1           0.807
4           2           0.585
4           3           0.692
4           4           1.496
5           1           0.762
5           2           1.147
5           3           0.789
5           4           0.633
6           1           1.188
6           2           0.861
6           3           0.781
6           4           0.874
7           1           0.584
7           2           1.405
7           3           0.74
7           4           1.024
8           1           1.024
8           2           0.864
8           3           0.959
8           4           0.963



pc(j, m) - Variable costs of producing one unit of item j on machine m. The production cost is period-independent.


1           1           2.973
1           2           11.686
1           3           1.199
1           4           3.694
2           1           3.404
2           2           8.517
2           3           1.291
2           4           1.43
3           1           2.708
3           2           9.901
3           3           2.599
3           4           3.725
4           1           3.275
4           2           5.132
4           3           2.906
4           4           2.786
5           1           4.068
5           2           7.966
5           3           1.443
5           4           3.896
6           1           2.238
6           2           4.05
6           3           2.08
6           4           3.223
7           1           5.835
7           2           7.2
7           3           2.647
7           4           3.909
8           1           3.352
8           2           4.88
8           3           2.15
8           4           2.181



pe(j, m) - Production emission for producing one unit of item j on machine m. The production emission is period-independent.


1           1           0.129
1           2           0.103
1           3           0.927
1           4           0.59
2           1           0.419
2           2           0.158
2           3           0.515
2           4           0.284
3           1           0.375
3           2           0.057
3           3           0.968
3           4           0.349
4           1           0.422
4           2           0.206
4           3           0.521
4           4           0.741
5           1           0.173
5           2           0.116
5           3           0.86
5           4           0.437
6           1           0.168
6           2           0.23
6           3           0.67
6           4           0.697
7           1           0.172
7           2           0.162
7           3           0.639
7           4           0.677
8           1           0.332
8           2           0.212
8           3           0.905
8           4           0.535



hc(j) - Inventory-holding costs for one unit of item j for one period.


1           0.199
2           0.174
3           0.251
4           0.122
5           0.219
6           0.199
7           0.251
8           0.142



st(j, m) - Setup times for producing a lot of item j on machine m. The setup times are period-independent.


1           1           40.984
1           2           99.215
1           3           78.443
1           4           75.605
2           1           55.993
2           2           50.768
2           3           26.276
2           4           98.293
3           1           49.826
3           2           52.998
3           3           62.579
3           4           32.406
4           1           54.502
4           2           72.027
4           3           32.669
4           4           84.089
5           1           96.889
5           2           85.578
5           3           92.953
5           4           54.516
6           1           62.645
6           2           40.679
6           3           57.714
6           4           35.943
7           1           38.407
7           2           68.295
7           3           92.688
7           4           74.351
8           1           74.417
8           2           86.591
8           3           53.819
8           4           69.99



se(j, m) - Setup emission for producing a lot of item j on machine m. The setup emission are period-independent.


1           1           98.331
1           2           44.25
1           3           55.035
1           4           48.789
2           1           81.893
2           2           12.639
2           3           99.451
2           4           74.848
3           1           56.259
3           2           21.52
3           3           54.234
3           4           84.687
4           1           30.238
4           2           47.318
4           3           133.892
4           4           78.085
5           1           75.079
5           2           20.074
5           3           143.306
5           4           133.194
6           1           67.368
6           2           25.221
6           3           109.711
6           4           146.548
7           1           26.924
7           2           16.152
7           3           76.144
7           4           140.037
8           1           69.123
8           2           23.9
8           3           169.436
8           4           130.443



sc(j, m) - Setup costs for producing a lot of item j on machine m. The setup costs are period-independent.


1           1           26151.253
1           2           52302.507
1           3           13075.627
1           4           17434.169
2           1           21526.12
2           2           43052.24
2           3           10763.06
2           4           14350.747
3           1           32082.82
3           2           64165.64
3           3           16041.41
3           4           21388.547
4           1           13840.493
4           2           27680.987
4           3           6920.247
4           4           9226.996
5           1           22708.84
5           2           45417.68
5           3           11354.42
5           4           15139.227
6           1           25640.487
6           2           51280.973
6           3           12820.243
6           4           17093.658
7           1           29634.733
7           2           59269.467
7           3           14817.367
7           4           19756.489
8           1           18587.8
8           2           37175.6
8           3           9293.9
8           4           12391.867



bc(m) - Fixed investment cost for machine m.


1           4621.983871078056
2           4059.5273718405433
3           4228.963821208659
4           971.7486647608016



ca(m, t) - The available capacity of machine m in period t.


1           1           255.32241064814815
1           2           255.32241064814815
1           3           255.32241064814815
1           4           255.32241064814815
1           5           255.32241064814815
1           6           255.32241064814815
2           1           255.32241064814815
2           2           255.32241064814815
2           3           255.32241064814815
2           4           255.32241064814815
2           5           255.32241064814815
2           6           255.32241064814815
3           1           255.32241064814815
3           2           255.32241064814815
3           3           255.32241064814815
3           4           255.32241064814815
3           5           255.32241064814815
3           6           255.32241064814815
4           1           255.32241064814815
4           2           255.32241064814815
4           3           255.32241064814815
4           4           255.32241064814815
4           5           255.32241064814815
4           6           255.32241064814815



em(t) - The limits of carbon emissions in period t.


1           701.297236111111
2           701.297236111111
3           701.297236111111
4           701.297236111111
5           701.297236111111
6           701.297236111111
