Information for the currently-owned machines and the machines that may be purchased: if 1, the machine can be purchased, otherwise currently-owned.


1           0.0
2           0.0
3           0.0
4           1.0



item_machine_arc(j, m) - The relationship arc between item j and machine m, i.e., machine m is capable of producing item j if item_machine_arc(j, m) = 1.


1           1           0.0
1           2           1.0
1           3           0.0
1           4           1.0
2           1           0.0
2           2           0.0
2           3           1.0
2           4           1.0
3           1           1.0
3           2           0.0
3           3           1.0
3           4           1.0
4           1           1.0
4           2           0.0
4           3           0.0
4           4           0.0
5           1           1.0
5           2           1.0
5           3           1.0
5           4           1.0
6           1           0.0
6           2           1.0
6           3           0.0
6           4           0.0
7           1           0.0
7           2           1.0
7           3           1.0
7           4           0.0
8           1           0.0
8           2           0.0
8           3           0.0
8           4           1.0



d(j, t) - Gross demand for item j in period t.


1           1           41
1           2           47
1           3           32
1           4           42
1           5           34
1           6           30
2           1           42
2           2           46
2           3           41
2           4           46
2           5           47
2           6           37
3           1           35
3           2           42
3           3           30
3           4           43
3           5           44
3           6           40
4           1           40
4           2           36
4           3           41
4           4           43
4           5           36
4           6           47
5           1           38
5           2           35
5           3           48
5           4           42
5           5           45
5           6           30
6           1           30
6           2           40
6           3           34
6           4           39
6           5           50
6           6           48
7           1           33
7           2           43
7           3           45
7           4           34
7           5           37
7           6           42
8           1           42
8           2           30
8           3           50
8           4           34
8           5           44
8           6           40



pt(j, m) - Time required to produce one unit of item j on machine m. The production time is period-independent.


1           1           0.953
1           2           0.765
1           3           1.056
1           4           1.376
2           1           0.79
2           2           0.895
2           3           0.563
2           4           1.053
3           1           0.63
3           2           0.817
3           3           1.153
3           4           0.693
4           1           0.65
4           2           1.324
4           3           1.025
4           4           1.394
5           1           1.009
5           2           0.903
5           3           1.479
5           4           0.832
6           1           0.624
6           2           1.197
6           3           0.962
6           4           1.465
7           1           1.344
7           2           0.767
7           3           0.792
7           4           0.71
8           1           0.842
8           2           0.698
8           3           0.508
8           4           1.45



pc(j, m) - Variable costs of producing one unit of item j on machine m. The production cost is period-independent.


1           1           2.733
1           2           5.772
1           3           9.622
1           4           2.675
2           1           2.655
2           2           2.355
2           3           11.708
2           4           2.706
3           1           2.749
3           2           4.747
3           3           5.672
3           4           1.164
4           1           1.374
4           2           5.619
4           3           9.379
4           4           1.383
5           1           2.234
5           2           2.154
5           3           6.191
5           4           2.859
6           1           3.878
6           2           2.532
6           3           8.93
6           4           2.411
7           1           3.716
7           2           3.434
7           3           9.605
7           4           2.542
8           1           3.382
8           2           3.114
8           3           8.108
8           4           2.15



pe(j, m) - Production emission for producing one unit of item j on machine m. The production emission is period-independent.


1           1           0.255
1           2           0.493
1           3           0.1
1           4           0.358
2           1           0.376
2           2           0.442
2           3           0.062
2           4           0.826
3           1           0.356
3           2           0.386
3           3           0.054
3           4           0.706
4           1           0.622
4           2           0.183
4           3           0.192
4           4           0.577
5           1           0.632
5           2           0.383
5           3           0.072
5           4           0.35
6           1           0.367
6           2           0.421
6           3           0.143
6           4           0.932
7           1           0.402
7           2           0.404
7           3           0.071
7           4           0.96
8           1           0.263
8           2           0.468
8           3           0.147
8           4           0.966



hc(j) - Inventory-holding costs for one unit of item j for one period.


1           0.273
2           0.114
3           0.279
4           0.202
5           0.246
6           0.17
7           0.187
8           0.189



st(j, m) - Setup times for producing a lot of item j on machine m. The setup times are period-independent.


1           1           8.508
1           2           12.268
1           3           18.315
1           4           17.922
2           1           15.576
2           2           14.626
2           3           16.044
2           4           14.287
3           1           7.879
3           2           15.445
3           3           16.737
3           4           11.7
4           1           17.996
4           2           18.978
4           3           9.754
4           4           11.205
5           1           15.901
5           2           12.336
5           3           5.482
5           4           18.755
6           1           15.792
6           2           16.053
6           3           10.17
6           4           19.964
7           1           10.204
7           2           5.354
7           3           17.835
7           4           7.526
8           1           16.406
8           2           18.972
8           3           14.678
8           4           17.387



se(j, m) - Setup emission for producing a lot of item j on machine m. The setup emission are period-independent.


1           1           85.285
1           2           83.725
1           3           18.576
1           4           73.75
2           1           149.799
2           2           64.293
2           3           13.659
2           4           193.224
3           1           83.217
3           2           99.441
3           3           26.554
3           4           137.626
4           1           96.979
4           2           42.003
4           3           26.161
4           4           126.131
5           1           85.23
5           2           68.763
5           3           14.443
5           4           86.863
6           1           98.132
6           2           37.476
6           3           49.751
6           4           169.429
7           1           92.926
7           2           25.742
7           3           39.391
7           4           64.456
8           1           60.218
8           2           45.462
8           3           48.905
8           4           102.0



sc(j, m) - Setup costs for producing a lot of item j on machine m. The setup costs are period-independent.


1           1           21114.427
1           2           31671.64
1           3           63343.28
1           4           15835.82
2           1           10104.453
2           2           15156.68
2           3           30313.36
2           4           7578.34
3           1           22342.32
3           2           33513.48
3           3           67026.96
3           4           16756.74
4           1           16798.32
4           2           25197.48
4           3           50394.96
4           4           12598.74
5           1           20036.427
5           2           30054.64
5           3           60109.28
5           4           15027.32
6           1           14020.844
6           2           21031.267
6           3           42062.533
6           4           10515.633
7           1           14974.96
7           2           22462.44
7           3           44924.88
7           4           11231.22
8           1           15523.2
8           2           23284.8
8           3           46569.6
8           4           11642.4



bc(m) - Fixed investment cost for machine m.


1           1422.6826955085355
2           1422.8137179473122
3           13321.096202842968
4           4653.69079564328



ca(m, t) - The available capacity of machine m in period t.


1           1           190.61572444444445
1           2           190.61572444444445
1           3           190.61572444444445
1           4           190.61572444444445
1           5           190.61572444444445
1           6           190.61572444444445
2           1           190.61572444444445
2           2           190.61572444444445
2           3           190.61572444444445
2           4           190.61572444444445
2           5           190.61572444444445
2           6           190.61572444444445
3           1           190.61572444444445
3           2           190.61572444444445
3           3           190.61572444444445
3           4           190.61572444444445
3           5           190.61572444444445
3           6           190.61572444444445
4           1           190.61572444444445
4           2           190.61572444444445
4           3           190.61572444444445
4           4           190.61572444444445
4           5           190.61572444444445
4           6           190.61572444444445



em(t) - The limits of carbon emissions in period t.


1           633.7807583333333
2           633.7807583333333
3           633.7807583333333
4           633.7807583333333
5           633.7807583333333
6           633.7807583333333
