Information for the currently-owned machines and the machines that may be purchased: if 1, the machine can be purchased, otherwise currently-owned.


1           1.0
2           0.0
3           0.0
4           0.0



item_machine_arc(j, m) - The relationship arc between item j and machine m, i.e., machine m is capable of producing item j if item_machine_arc(j, m) = 1.


1           1           0.0
1           2           1.0
1           3           1.0
1           4           0.0
2           1           0.0
2           2           1.0
2           3           0.0
2           4           0.0
3           1           0.0
3           2           0.0
3           3           1.0
3           4           0.0
4           1           1.0
4           2           1.0
4           3           1.0
4           4           1.0
5           1           0.0
5           2           0.0
5           3           0.0
5           4           1.0
6           1           1.0
6           2           1.0
6           3           1.0
6           4           1.0
7           1           1.0
7           2           0.0
7           3           1.0
7           4           0.0
8           1           0.0
8           2           1.0
8           3           0.0
8           4           0.0



d(j, t) - Gross demand for item j in period t.


1           1           41
1           2           42
1           3           44
1           4           49
1           5           47
1           6           46
2           1           40
2           2           39
2           3           43
2           4           35
2           5           46
2           6           30
3           1           33
3           2           42
3           3           41
3           4           33
3           5           45
3           6           31
4           1           32
4           2           33
4           3           37
4           4           36
4           5           30
4           6           36
5           1           48
5           2           47
5           3           30
5           4           48
5           5           43
5           6           46
6           1           50
6           2           45
6           3           31
6           4           40
6           5           44
6           6           43
7           1           44
7           2           39
7           3           40
7           4           36
7           5           33
7           6           38
8           1           41
8           2           33
8           3           33
8           4           33
8           5           50
8           6           36



pt(j, m) - Time required to produce one unit of item j on machine m. The production time is period-independent.


1           1           0.552
1           2           1.337
1           3           0.934
1           4           0.566
2           1           1.347
2           2           1.075
2           3           1.435
2           4           0.7
3           1           1.133
3           2           0.569
3           3           1.318
3           4           1.093
4           1           1.31
4           2           1.213
4           3           1.125
4           4           1.242
5           1           0.685
5           2           1.37
5           3           0.595
5           4           1.211
6           1           0.758
6           2           0.978
6           3           1.495
6           4           1.04
7           1           1.09
7           2           0.894
7           3           1.485
7           4           1.028
8           1           1.351
8           2           0.645
8           3           1.241
8           4           1.13



pc(j, m) - Variable costs of producing one unit of item j on machine m. The production cost is period-independent.


1           1           2.524
1           2           11.238
1           3           3.362
1           4           4.567
2           1           2.175
2           2           6.378
2           3           3.043
2           4           4.658
3           1           1.388
3           2           6.617
3           3           2.003
3           4           5.781
4           1           1.698
4           2           4.432
4           3           2.987
4           4           3.672
5           1           2.249
5           2           6.095
5           3           2.049
5           4           4.777
6           1           2.619
6           2           10.768
6           3           2.545
6           4           2.601
7           1           2.449
7           2           10.876
7           3           3.318
7           4           5.506
8           1           2.21
8           2           6.087
8           3           2.243
8           4           2.729



pe(j, m) - Production emission for producing one unit of item j on machine m. The production emission is period-independent.


1           1           4.603
1           2           0.647
1           3           1.935
1           4           1.935
2           1           4.671
2           2           0.946
2           3           1.639
2           4           1.194
3           1           1.692
3           2           0.889
3           3           2.314
3           4           1.326
4           1           4.716
4           2           0.457
4           3           3.178
4           4           2.272
5           1           1.343
5           2           1.136
5           3           2.673
5           4           2.345
6           1           1.656
6           2           1.138
6           3           3.514
6           4           2.109
7           1           1.882
7           2           0.807
7           3           1.073
7           4           0.706
8           1           3.929
8           2           0.327
8           3           2.031
8           4           1.416



hc(j) - Inventory-holding costs for one unit of item j for one period.


1           0.149
2           0.138
3           0.164
4           0.129
5           0.165
6           0.195
7           0.278
8           0.239



st(j, m) - Setup times for producing a lot of item j on machine m. The setup times are period-independent.


1           1           19.537
1           2           5.771
1           3           11.882
1           4           13.426
2           1           9.781
2           2           12.963
2           3           16.396
2           4           13.647
3           1           18.102
3           2           6.703
3           3           14.695
3           4           7.01
4           1           10.34
4           2           10.015
4           3           17.412
4           4           15.324
5           1           8.358
5           2           14.225
5           3           8.419
5           4           18.35
6           1           17.479
6           2           11.169
6           3           16.699
6           4           7.293
7           1           11.958
7           2           16.876
7           3           15.75
7           4           12.563
8           1           10.629
8           2           18.971
8           3           18.302
8           4           6.042



se(j, m) - Setup emission for producing a lot of item j on machine m. The setup emission are period-independent.


1           1           183.969
1           2           29.658
1           3           73.432
1           4           39.138
2           1           170.848
2           2           13.057
2           3           130.31
2           4           41.367
3           1           111.265
3           2           30.973
3           3           50.596
3           4           26.926
4           1           199.339
4           2           30.625
4           3           78.72
4           4           60.638
5           1           168.158
5           2           24.971
5           3           64.672
5           4           60.133
6           1           130.969
6           2           30.103
6           3           65.47
6           4           33.703
7           1           60.787
7           2           16.441
7           3           78.478
7           4           93.02
8           1           128.952
8           2           15.517
8           3           108.483
8           4           97.273



sc(j, m) - Setup costs for producing a lot of item j on machine m. The setup costs are period-independent.


1           1           10287.457
1           2           41149.827
1           3           13716.609
1           4           20574.913
2           1           8252.86
2           2           33011.44
2           3           11003.813
2           4           16505.72
3           1           9471.0
3           2           37884.0
3           3           12628.0
3           4           18942.0
4           1           6754.44
4           2           27017.76
4           3           9005.92
4           4           13508.88
5           1           11095.7
5           2           44382.8
5           3           14794.267
5           4           22191.4
6           1           12662.65
6           2           50650.6
6           3           16883.533
6           4           25325.3
7           1           16411.267
7           2           65645.067
7           3           21881.689
7           4           32822.533
8           1           13863.593
8           2           55454.373
8           3           18484.791
8           4           27727.187



bc(m) - Fixed investment cost for machine m.


1           2587.931566165893
2           16297.5609487434
3           538.2572619997824
4           811.9874797215787



ca(m, t) - The available capacity of machine m in period t.


1           1           211.61815888888893
1           2           211.61815888888893
1           3           211.61815888888893
1           4           211.61815888888893
1           5           211.61815888888893
1           6           211.61815888888893
2           1           211.61815888888893
2           2           211.61815888888893
2           3           211.61815888888893
2           4           211.61815888888893
2           5           211.61815888888893
2           6           211.61815888888893
3           1           211.61815888888893
3           2           211.61815888888893
3           3           211.61815888888893
3           4           211.61815888888893
3           5           211.61815888888893
3           6           211.61815888888893
4           1           211.61815888888893
4           2           211.61815888888893
4           3           211.61815888888893
4           4           211.61815888888893
4           5           211.61815888888893
4           6           211.61815888888893



em(t) - The limits of carbon emissions in period t.


1           1140.6854433333333
2           1140.6854433333333
3           1140.6854433333333
4           1140.6854433333333
5           1140.6854433333333
6           1140.6854433333333
