Information for the currently-owned machines and the machines that may be purchased: if 1, the machine can be purchased, otherwise currently-owned.


1           0.0
2           1.0
3           0.0
4           0.0



item_machine_arc(j, m) - The relationship arc between item j and machine m, i.e., machine m is capable of producing item j if item_machine_arc(j, m) = 1.


1           1           1.0
1           2           1.0
1           3           0.0
1           4           1.0
2           1           1.0
2           2           1.0
2           3           1.0
2           4           1.0
3           1           0.0
3           2           0.0
3           3           1.0
3           4           1.0
4           1           0.0
4           2           0.0
4           3           0.0
4           4           1.0
5           1           0.0
5           2           1.0
5           3           0.0
5           4           1.0
6           1           0.0
6           2           0.0
6           3           1.0
6           4           0.0
7           1           0.0
7           2           0.0
7           3           0.0
7           4           1.0
8           1           1.0
8           2           1.0
8           3           1.0
8           4           1.0



d(j, t) - Gross demand for item j in period t.


1           1           42
1           2           49
1           3           33
1           4           46
1           5           38
1           6           42
2           1           39
2           2           32
2           3           36
2           4           47
2           5           33
2           6           39
3           1           50
3           2           42
3           3           49
3           4           30
3           5           37
3           6           49
4           1           36
4           2           42
4           3           39
4           4           50
4           5           45
4           6           30
5           1           43
5           2           48
5           3           47
5           4           48
5           5           30
5           6           50
6           1           44
6           2           40
6           3           49
6           4           40
6           5           32
6           6           39
7           1           32
7           2           45
7           3           48
7           4           49
7           5           44
7           6           34
8           1           40
8           2           34
8           3           47
8           4           49
8           5           30
8           6           45



pt(j, m) - Time required to produce one unit of item j on machine m. The production time is period-independent.


1           1           1.041
1           2           0.709
1           3           0.632
1           4           1.483
2           1           0.976
2           2           1.499
2           3           1.393
2           4           0.738
3           1           1.288
3           2           0.72
3           3           1.153
3           4           0.739
4           1           1.325
4           2           1.068
4           3           0.992
4           4           0.613
5           1           1.233
5           2           0.602
5           3           1.399
5           4           0.852
6           1           0.905
6           2           1.138
6           3           1.412
6           4           0.846
7           1           1.353
7           2           1.153
7           3           1.225
7           4           0.818
8           1           1.253
8           2           1.017
8           3           1.269
8           4           1.087



pc(j, m) - Variable costs of producing one unit of item j on machine m. The production cost is period-independent.


1           1           11.573
1           2           2.826
1           3           1.434
1           4           5.272
2           1           10.226
2           2           1.884
2           3           3.866
2           4           5.82
3           1           10.924
3           2           1.099
3           3           1.364
3           4           4.519
4           1           9.582
4           2           1.497
4           3           2.016
4           4           3.763
5           1           7.727
5           2           2.358
5           3           2.282
5           4           3.446
6           1           10.661
6           2           2.149
6           3           3.902
6           4           3.555
7           1           7.507
7           2           1.553
7           3           2.316
7           4           3.032
8           1           6.311
8           2           2.037
8           3           3.355
8           4           4.868



pe(j, m) - Production emission for producing one unit of item j on machine m. The production emission is period-independent.


1           1           0.052
1           2           0.266
1           3           0.584
1           4           0.227
2           1           0.058
2           2           0.806
2           3           0.501
2           4           0.161
3           1           0.125
3           2           0.992
3           3           0.634
3           4           0.289
4           1           0.248
4           2           0.619
4           3           0.389
4           4           0.494
5           1           0.198
5           2           0.76
5           3           0.712
5           4           0.384
6           1           0.221
6           2           0.577
6           3           0.707
6           4           0.152
7           1           0.212
7           2           0.247
7           3           0.671
7           4           0.101
8           1           0.208
8           2           0.271
8           3           0.661
8           4           0.33



hc(j) - Inventory-holding costs for one unit of item j for one period.


1           0.295
2           0.12
3           0.267
4           0.254
5           0.199
6           0.25
7           0.247
8           0.121



st(j, m) - Setup times for producing a lot of item j on machine m. The setup times are period-independent.


1           1           12.713
1           2           18.43
1           3           19.454
1           4           13.035
2           1           8.421
2           2           9.333
2           3           6.076
2           4           15.495
3           1           15.966
3           2           14.457
3           3           8.433
3           4           17.8
4           1           5.372
4           2           18.803
4           3           6.717
4           4           6.584
5           1           10.772
5           2           12.956
5           3           12.199
5           4           13.537
6           1           15.185
6           2           14.047
6           3           13.929
6           4           17.106
7           1           16.963
7           2           14.204
7           3           15.26
7           4           14.534
8           1           17.231
8           2           10.177
8           3           18.683
8           4           7.029



se(j, m) - Setup emission for producing a lot of item j on machine m. The setup emission are period-independent.


1           1           4.916
1           2           38.484
1           3           27.021
1           4           10.543
2           1           7.022
2           2           22.34
2           3           21.695
2           4           17.93
3           1           7.611
3           2           19.91
3           3           14.533
3           4           7.94
4           1           6.448
4           2           17.773
4           3           22.142
4           4           9.375
5           1           7.766
5           2           10.141
5           3           14.105
5           4           13.242
6           1           8.644
6           2           26.155
6           3           16.519
6           4           13.465
7           1           4.898
7           2           24.527
7           3           13.932
7           4           18.113
8           1           6.49
8           2           33.63
8           3           16.176
8           4           16.831



sc(j, m) - Setup costs for producing a lot of item j on machine m. The setup costs are period-independent.


1           1           75716.667
1           2           18929.167
1           3           25238.889
1           4           37858.333
2           1           27843.2
2           2           6960.8
2           3           9281.067
2           4           13921.6
3           1           70448.84
3           2           17612.21
3           3           23482.947
3           4           35224.42
4           1           63107.147
4           2           15776.787
4           3           21035.716
4           4           31553.573
5           1           54345.573
5           2           13586.393
5           3           18115.191
5           4           27172.787
6           1           62626.667
6           2           15656.667
6           3           20875.556
6           4           31313.333
7           1           63903.84
7           2           15975.96
7           3           21301.28
7           4           31951.92
8           1           30435.533
8           2           7608.883
8           3           10145.178
8           4           15217.767



bc(m) - Fixed investment cost for machine m.


1           6837.73915284132
2           3724.9496388697107
3           5998.212507325277
4           1937.349399544842



ca(m, t) - The available capacity of machine m in period t.


1           1           192.17950175925924
1           2           192.17950175925924
1           3           192.17950175925924
1           4           192.17950175925924
1           5           192.17950175925924
1           6           192.17950175925924
2           1           192.17950175925924
2           2           192.17950175925924
2           3           192.17950175925924
2           4           192.17950175925924
2           5           192.17950175925924
2           6           192.17950175925924
3           1           192.17950175925924
3           2           192.17950175925924
3           3           192.17950175925924
3           4           192.17950175925924
3           5           192.17950175925924
3           6           192.17950175925924
4           1           192.17950175925924
4           2           192.17950175925924
4           3           192.17950175925924
4           4           192.17950175925924
4           5           192.17950175925924
4           6           192.17950175925924



em(t) - The limits of carbon emissions in period t.


1           300.6265227777778
2           300.6265227777778
3           300.6265227777778
4           300.6265227777778
5           300.6265227777778
6           300.6265227777778
