Information for the currently-owned machines and the machines that may be purchased: if 1, the machine can be purchased, otherwise currently-owned.


1           0.0
2           0.0
3           0.0
4           1.0



item_machine_arc(j, m) - The relationship arc between item j and machine m, i.e., machine m is capable of producing item j if item_machine_arc(j, m) = 1.


1           1           1.0
1           2           1.0
1           3           1.0
1           4           1.0
2           1           0.0
2           2           1.0
2           3           1.0
2           4           0.0
3           1           1.0
3           2           1.0
3           3           0.0
3           4           0.0
4           1           1.0
4           2           1.0
4           3           1.0
4           4           1.0
5           1           1.0
5           2           1.0
5           3           0.0
5           4           1.0
6           1           0.0
6           2           1.0
6           3           0.0
6           4           0.0
7           1           1.0
7           2           1.0
7           3           1.0
7           4           1.0
8           1           0.0
8           2           1.0
8           3           0.0
8           4           0.0



d(j, t) - Gross demand for item j in period t.


1           1           40
1           2           30
1           3           39
1           4           50
1           5           30
1           6           44
2           1           50
2           2           50
2           3           45
2           4           34
2           5           43
2           6           50
3           1           36
3           2           46
3           3           43
3           4           41
3           5           38
3           6           31
4           1           37
4           2           41
4           3           42
4           4           32
4           5           46
4           6           48
5           1           50
5           2           45
5           3           50
5           4           30
5           5           42
5           6           39
6           1           47
6           2           48
6           3           44
6           4           35
6           5           43
6           6           32
7           1           39
7           2           43
7           3           31
7           4           30
7           5           44
7           6           38
8           1           30
8           2           49
8           3           32
8           4           31
8           5           42
8           6           43



pt(j, m) - Time required to produce one unit of item j on machine m. The production time is period-independent.


1           1           0.836
1           2           0.533
1           3           1.239
1           4           1.278
2           1           0.539
2           2           1.272
2           3           1.134
2           4           0.943
3           1           0.865
3           2           1.188
3           3           0.611
3           4           0.568
4           1           0.726
4           2           1.13
4           3           1.403
4           4           0.76
5           1           0.866
5           2           1.177
5           3           1.277
5           4           1.081
6           1           1.333
6           2           0.834
6           3           1.247
6           4           0.873
7           1           1.396
7           2           1.453
7           3           1.315
7           4           0.779
8           1           1.464
8           2           1.018
8           3           1.49
8           4           0.816



pc(j, m) - Variable costs of producing one unit of item j on machine m. The production cost is period-independent.


1           1           2.035
1           2           9.15
1           3           4.706
1           4           3.417
2           1           2.533
2           2           7.04
2           3           4.272
2           4           2.504
3           1           1.755
3           2           9.965
3           3           2.88
3           4           2.956
4           1           2.49
4           2           6.275
4           3           3.717
4           4           2.938
5           1           2.808
5           2           10.467
5           3           5.817
5           4           1.592
6           1           1.309
6           2           8.937
6           3           3.043
6           4           2.264
7           1           2.118
7           2           5.492
7           3           3.062
7           4           3.077
8           1           1.037
8           2           10.091
8           3           3.845
8           4           1.458



pe(j, m) - Production emission for producing one unit of item j on machine m. The production emission is period-independent.


1           1           1.819
1           2           1.186
1           3           1.373
1           4           0.893
2           1           2.838
2           2           0.927
2           3           1.964
2           4           2.865
3           1           4.865
3           2           1.074
3           3           2.101
3           4           1.143
4           1           4.04
4           2           1.241
4           3           1.17
4           4           2.451
5           1           1.08
5           2           0.323
5           3           1.087
5           4           2.448
6           1           3.944
6           2           1.249
6           3           1.763
6           4           2.96
7           1           2.061
7           2           0.272
7           3           2.304
7           4           1.904
8           1           3.519
8           2           0.548
8           3           1.013
8           4           3.381



hc(j) - Inventory-holding costs for one unit of item j for one period.


1           0.183
2           0.128
3           0.29
4           0.152
5           0.173
6           0.262
7           0.119
8           0.163



st(j, m) - Setup times for producing a lot of item j on machine m. The setup times are period-independent.


1           1           76.339
1           2           81.967
1           3           42.009
1           4           71.705
2           1           90.609
2           2           99.267
2           3           63.654
2           4           83.978
3           1           98.14
3           2           69.563
3           3           55.081
3           4           91.381
4           1           32.459
4           2           73.493
4           3           83.898
4           4           42.187
5           1           89.473
5           2           63.12
5           3           83.423
5           4           53.422
6           1           39.788
6           2           28.283
6           3           88.875
6           4           60.533
7           1           53.333
7           2           63.568
7           3           59.547
7           4           81.072
8           1           44.213
8           2           84.848
8           3           56.579
8           4           30.745



se(j, m) - Setup emission for producing a lot of item j on machine m. The setup emission are period-independent.


1           1           17.544
1           2           3.276
1           3           8.554
1           4           22.284
2           1           32.69
2           2           6.291
2           3           16.11
2           4           24.628
3           1           10.339
3           2           3.924
3           3           17.863
3           4           25.57
4           1           27.762
4           2           5.685
4           3           16.554
4           4           22.756
5           1           16.163
5           2           5.55
5           3           16.734
5           4           15.463
6           1           11.431
6           2           2.707
6           3           10.579
6           4           12.992
7           1           11.615
7           2           4.796
7           3           11.576
7           4           21.776
8           1           24.83
8           2           2.827
8           3           19.945
8           4           17.793



sc(j, m) - Setup costs for producing a lot of item j on machine m. The setup costs are period-independent.


1           1           9949.1
1           2           39796.4
1           3           19898.2
1           4           13265.467
2           1           8123.733
2           2           32494.933
2           3           16247.467
2           4           10831.644
3           1           15901.667
3           2           63606.667
3           3           31803.333
3           4           21202.222
4           1           8724.8
4           2           34899.2
4           3           17449.6
4           4           11633.067
5           1           10333.867
5           2           41335.467
5           3           20667.733
5           4           13778.489
6           1           15222.2
6           2           60888.8
6           3           30444.4
6           4           20296.267
7           1           6247.5
7           2           24990.0
7           3           12495.0
7           4           8330.0
8           1           8633.567
8           2           34534.267
8           3           17267.133
8           4           11511.422



bc(m) - Fixed investment cost for machine m.


1           4096.741955192441
2           7615.087602143549
3           4041.5155889057232
4           2228.81356419228



ca(m, t) - The available capacity of machine m in period t.


1           1           311.2404451851852
1           2           311.2404451851852
1           3           311.2404451851852
1           4           311.2404451851852
1           5           311.2404451851852
1           6           311.2404451851852
2           1           311.2404451851852
2           2           311.2404451851852
2           3           311.2404451851852
2           4           311.2404451851852
2           5           311.2404451851852
2           6           311.2404451851852
3           1           311.2404451851852
3           2           311.2404451851852
3           3           311.2404451851852
3           4           311.2404451851852
3           5           311.2404451851852
3           6           311.2404451851852
4           1           311.2404451851852
4           2           311.2404451851852
4           3           311.2404451851852
4           4           311.2404451851852
4           5           311.2404451851852
4           6           311.2404451851852



em(t) - The limits of carbon emissions in period t.


1           851.3303944444444
2           851.3303944444444
3           851.3303944444444
4           851.3303944444444
5           851.3303944444444
6           851.3303944444444
