Information for the currently-owned machines and the machines that may be purchased: if 1, the machine can be purchased, otherwise currently-owned.


1           0.0
2           0.0
3           1.0
4           0.0



item_machine_arc(j, m) - The relationship arc between item j and machine m, i.e., machine m is capable of producing item j if item_machine_arc(j, m) = 1.


1           1           1.0
1           2           1.0
1           3           1.0
1           4           0.0
2           1           1.0
2           2           1.0
2           3           1.0
2           4           1.0
3           1           1.0
3           2           0.0
3           3           0.0
3           4           0.0
4           1           0.0
4           2           0.0
4           3           1.0
4           4           0.0
5           1           0.0
5           2           1.0
5           3           1.0
5           4           1.0
6           1           1.0
6           2           1.0
6           3           1.0
6           4           1.0
7           1           1.0
7           2           1.0
7           3           1.0
7           4           1.0
8           1           1.0
8           2           1.0
8           3           1.0
8           4           1.0



d(j, t) - Gross demand for item j in period t.


1           1           33
1           2           37
1           3           40
1           4           49
1           5           42
1           6           32
2           1           32
2           2           47
2           3           45
2           4           47
2           5           48
2           6           42
3           1           36
3           2           39
3           3           43
3           4           41
3           5           41
3           6           30
4           1           41
4           2           50
4           3           45
4           4           49
4           5           38
4           6           39
5           1           35
5           2           44
5           3           50
5           4           34
5           5           44
5           6           41
6           1           31
6           2           44
6           3           41
6           4           44
6           5           37
6           6           30
7           1           30
7           2           47
7           3           31
7           4           49
7           5           31
7           6           50
8           1           32
8           2           37
8           3           33
8           4           46
8           5           49
8           6           40



pt(j, m) - Time required to produce one unit of item j on machine m. The production time is period-independent.


1           1           0.652
1           2           1.048
1           3           0.66
1           4           0.673
2           1           0.84
2           2           0.622
2           3           0.766
2           4           1.014
3           1           0.812
3           2           1.43
3           3           1.025
3           4           0.842
4           1           1.229
4           2           1.001
4           3           0.581
4           4           1.068
5           1           1.097
5           2           0.981
5           3           0.849
5           4           0.74
6           1           0.697
6           2           0.962
6           3           1.142
6           4           0.692
7           1           1.01
7           2           1.409
7           3           0.543
7           4           0.578
8           1           0.693
8           2           1.226
8           3           0.698
8           4           0.569



pc(j, m) - Variable costs of producing one unit of item j on machine m. The production cost is period-independent.


1           1           3.36
1           2           3.531
1           3           1.086
1           4           11.28
2           1           3.937
2           2           4.075
2           3           1.997
2           4           8.196
3           1           2.908
3           2           3.968
3           3           1.458
3           4           11.894
4           1           1.92
4           2           4.117
4           3           2.493
4           4           7.612
5           1           3.69
5           2           2.534
5           3           1.955
5           4           5.387
6           1           3.49
6           2           5.606
6           3           2.029
6           4           8.03
7           1           2.732
7           2           2.789
7           3           2.333
7           4           6.642
8           1           2.733
8           2           3.831
8           3           2.261
8           4           4.573



pe(j, m) - Production emission for producing one unit of item j on machine m. The production emission is period-independent.


1           1           0.7
1           2           0.205
1           3           0.264
1           4           0.132
2           1           0.365
2           2           0.241
2           3           0.746
2           4           0.247
3           1           0.218
3           2           0.297
3           3           0.552
3           4           0.163
4           1           0.192
4           2           0.49
4           3           0.421
4           4           0.179
5           1           0.304
5           2           0.277
5           3           0.787
5           4           0.243
6           1           0.695
6           2           0.275
6           3           0.662
6           4           0.074
7           1           0.525
7           2           0.438
7           3           0.447
7           4           0.059
8           1           0.65
8           2           0.493
8           3           0.888
8           4           0.204



hc(j) - Inventory-holding costs for one unit of item j for one period.


1           0.145
2           0.17
3           0.273
4           0.231
5           0.149
6           0.154
7           0.263
8           0.199



st(j, m) - Setup times for producing a lot of item j on machine m. The setup times are period-independent.


1           1           43.703
1           2           45.136
1           3           77.498
1           4           52.274
2           1           45.384
2           2           87.871
2           3           99.916
2           4           52.004
3           1           43.392
3           2           83.092
3           3           93.012
3           4           86.304
4           1           80.19
4           2           48.303
4           3           83.728
4           4           28.721
5           1           43.086
5           2           85.007
5           3           38.856
5           4           71.972
6           1           95.562
6           2           58.941
6           3           48.009
6           4           87.403
7           1           57.894
7           2           28.228
7           3           76.37
7           4           98.946
8           1           41.424
8           2           87.628
8           3           99.876
8           4           69.834



se(j, m) - Setup emission for producing a lot of item j on machine m. The setup emission are period-independent.


1           1           85.467
1           2           90.366
1           3           174.842
1           4           33.236
2           1           48.604
2           2           65.632
2           3           196.375
2           4           47.396
3           1           133.245
3           2           95.303
3           3           105.289
3           4           17.015
4           1           138.276
4           2           40.936
4           3           81.811
4           4           27.175
5           1           108.766
5           2           61.3
5           3           58.257
5           4           43.659
6           1           40.605
6           2           75.552
6           3           76.084
6           4           38.813
7           1           58.454
7           2           85.857
7           3           51.849
7           4           22.392
8           1           126.598
8           2           25.622
8           3           98.708
8           4           15.441



sc(j, m) - Setup costs for producing a lot of item j on machine m. The setup costs are period-independent.


1           1           10510.889
1           2           15766.333
1           3           7883.167
1           4           31532.667
2           1           13804.0
2           2           20706.0
2           3           10353.0
2           4           41412.0
3           1           19534.667
3           2           29302.0
3           3           14651.0
3           4           58604.0
4           1           18829.067
4           2           28243.6
4           3           14121.8
4           4           56487.2
5           1           11496.178
5           2           17244.267
5           3           8622.133
5           4           34488.533
6           1           10875.822
6           2           16313.733
6           3           8156.867
6           4           32627.467
7           1           19473.689
7           2           29210.533
7           3           14605.267
7           4           58421.067
8           1           14672.933
8           2           22009.4
8           3           11004.7
8           4           44018.8



bc(m) - Fixed investment cost for machine m.


1           6637.517676200367
2           1561.940045487362
3           126.40560650301724
4           691.3656214519604



ca(m, t) - The available capacity of machine m in period t.


1           1           268.5500695370371
1           2           268.5500695370371
1           3           268.5500695370371
1           4           268.5500695370371
1           5           268.5500695370371
1           6           268.5500695370371
2           1           268.5500695370371
2           2           268.5500695370371
2           3           268.5500695370371
2           4           268.5500695370371
2           5           268.5500695370371
2           6           268.5500695370371
3           1           268.5500695370371
3           2           268.5500695370371
3           3           268.5500695370371
3           4           268.5500695370371
3           5           268.5500695370371
3           6           268.5500695370371
4           1           268.5500695370371
4           2           268.5500695370371
4           3           268.5500695370371
4           4           268.5500695370371
4           5           268.5500695370371
4           6           268.5500695370371



em(t) - The limits of carbon emissions in period t.


1           640.4544222222222
2           640.4544222222222
3           640.4544222222222
4           640.4544222222222
5           640.4544222222222
6           640.4544222222222
