Information for the currently-owned machines and the machines that may be purchased: if 1, the machine can be purchased, otherwise currently-owned.


1           0.0
2           0.0
3           0.0
4           1.0



item_machine_arc(j, m) - The relationship arc between item j and machine m, i.e., machine m is capable of producing item j if item_machine_arc(j, m) = 1.


1           1           1.0
1           2           0.0
1           3           0.0
1           4           1.0
2           1           0.0
2           2           1.0
2           3           0.0
2           4           0.0
3           1           0.0
3           2           1.0
3           3           0.0
3           4           0.0
4           1           0.0
4           2           1.0
4           3           1.0
4           4           0.0
5           1           0.0
5           2           0.0
5           3           0.0
5           4           1.0
6           1           1.0
6           2           0.0
6           3           0.0
6           4           0.0
7           1           1.0
7           2           1.0
7           3           1.0
7           4           1.0
8           1           1.0
8           2           0.0
8           3           0.0
8           4           0.0



d(j, t) - Gross demand for item j in period t.


1           1           45
1           2           39
1           3           47
1           4           36
1           5           40
1           6           41
2           1           41
2           2           35
2           3           43
2           4           42
2           5           37
2           6           36
3           1           32
3           2           33
3           3           32
3           4           40
3           5           31
3           6           43
4           1           37
4           2           35
4           3           39
4           4           41
4           5           31
4           6           45
5           1           47
5           2           45
5           3           40
5           4           44
5           5           35
5           6           41
6           1           36
6           2           31
6           3           40
6           4           44
6           5           38
6           6           48
7           1           45
7           2           40
7           3           47
7           4           34
7           5           49
7           6           36
8           1           32
8           2           30
8           3           49
8           4           44
8           5           48
8           6           39



pt(j, m) - Time required to produce one unit of item j on machine m. The production time is period-independent.


1           1           0.575
1           2           0.779
1           3           0.85
1           4           1.289
2           1           1.181
2           2           0.574
2           3           1.492
2           4           1.458
3           1           1.369
3           2           0.528
3           3           0.84
3           4           0.806
4           1           1.1
4           2           0.648
4           3           1.117
4           4           1.492
5           1           0.84
5           2           0.935
5           3           1.083
5           4           0.773
6           1           0.615
6           2           0.864
6           3           0.901
6           4           1.444
7           1           1.018
7           2           0.9
7           3           1.166
7           4           0.58
8           1           1.224
8           2           1.324
8           3           1.15
8           4           0.744



pc(j, m) - Variable costs of producing one unit of item j on machine m. The production cost is period-independent.


1           1           2.569
1           2           1.343
1           3           3.385
1           4           4.629
2           1           2.596
2           2           1.631
2           3           5.361
2           4           4.758
3           1           2.177
3           2           3.657
3           3           3.039
3           4           6.366
4           1           1.057
4           2           2.289
4           3           4.046
4           4           7.195
5           1           2.875
5           2           1.775
5           3           5.98
5           4           7.952
6           1           2.824
6           2           2.601
6           3           2.958
6           4           9.137
7           1           1.41
7           2           3.347
7           3           5.635
7           4           6.763
8           1           2.779
8           2           1.407
8           3           5.823
8           4           6.355



pe(j, m) - Production emission for producing one unit of item j on machine m. The production emission is period-independent.


1           1           1.592
1           2           3.206
1           3           2.412
1           4           0.287
2           1           1.573
2           2           1.219
2           3           1.817
2           4           0.32
3           1           1.595
3           2           3.033
3           3           1.891
3           4           0.896
4           1           1.263
4           2           2.887
4           3           1.946
4           4           0.65
5           1           2.688
5           2           3.664
5           3           0.937
5           4           0.524
6           1           4.996
6           2           0.955
6           3           2.367
6           4           0.597
7           1           1.961
7           2           3.421
7           3           1.814
7           4           0.338
8           1           2.027
8           2           3.492
8           3           1.919
8           4           1.196



hc(j) - Inventory-holding costs for one unit of item j for one period.


1           0.159
2           0.265
3           0.205
4           0.203
5           0.161
6           0.204
7           0.214
8           0.151



st(j, m) - Setup times for producing a lot of item j on machine m. The setup times are period-independent.


1           1           7.838
1           2           8.029
1           3           10.118
1           4           19.676
2           1           13.574
2           2           5.898
2           3           6.87
2           4           6.433
3           1           16.208
3           2           10.873
3           3           7.541
3           4           5.646
4           1           17.967
4           2           18.357
4           3           5.592
4           4           14.178
5           1           17.269
5           2           16.721
5           3           18.09
5           4           6.309
6           1           14.472
6           2           6.387
6           3           5.519
6           4           15.865
7           1           7.138
7           2           6.188
7           3           14.239
7           4           8.322
8           1           17.127
8           2           15.103
8           3           10.105
8           4           14.716



se(j, m) - Setup emission for producing a lot of item j on machine m. The setup emission are period-independent.


1           1           52.225
1           2           107.21
1           3           38.792
1           4           42.527
2           1           170.195
2           2           44.573
2           3           32.329
2           4           40.502
3           1           192.869
3           2           93.657
3           3           80.179
3           4           46.75
4           1           190.538
4           2           117.227
4           3           69.454
4           4           28.074
5           1           114.778
5           2           93.896
5           3           32.458
5           4           48.879
6           1           172.78
6           2           126.509
6           3           49.281
6           4           37.783
7           1           166.814
7           2           120.9
7           3           50.146
7           4           24.199
8           1           109.462
8           2           52.363
8           3           45.594
8           4           40.296



sc(j, m) - Setup costs for producing a lot of item j on machine m. The setup costs are period-independent.


1           1           10120.88
1           2           13494.507
1           3           20241.76
1           4           40483.52
2           1           15915.9
2           2           21221.2
2           3           31831.8
2           4           63663.6
3           1           11102.117
3           2           14802.822
3           3           22204.233
3           4           44408.467
4           1           11879.56
4           2           15839.413
4           3           23759.12
4           4           47518.24
5           1           10413.48
5           2           13884.64
5           3           20826.96
5           4           41653.92
6           1           12409.32
6           2           16545.76
6           3           24818.64
6           4           49637.28
7           1           13786.593
7           2           18382.124
7           3           27573.187
7           4           55146.373
8           1           9379.113
8           2           12505.484
8           3           18758.227
8           4           37516.453



bc(m) - Fixed investment cost for machine m.


1           3749.150052964161
2           3862.473627010564
3           7552.498487500635
4           12274.03810361422



ca(m, t) - The available capacity of machine m in period t.


1           1           141.00269166666664
1           2           141.00269166666664
1           3           141.00269166666664
1           4           141.00269166666664
1           5           141.00269166666664
1           6           141.00269166666664
2           1           141.00269166666664
2           2           141.00269166666664
2           3           141.00269166666664
2           4           141.00269166666664
2           5           141.00269166666664
2           6           141.00269166666664
3           1           141.00269166666664
3           2           141.00269166666664
3           3           141.00269166666664
3           4           141.00269166666664
3           5           141.00269166666664
3           6           141.00269166666664
4           1           141.00269166666664
4           2           141.00269166666664
4           3           141.00269166666664
4           4           141.00269166666664
4           5           141.00269166666664
4           6           141.00269166666664



em(t) - The limits of carbon emissions in period t.


1           1563.178604166667
2           1563.178604166667
3           1563.178604166667
4           1563.178604166667
5           1563.178604166667
6           1563.178604166667
