Information for the currently-owned machines and the machines that may be purchased: if 1, the machine can be purchased, otherwise currently-owned.


1           0.0
2           0.0
3           1.0
4           0.0



item_machine_arc(j, m) - The relationship arc between item j and machine m, i.e., machine m is capable of producing item j if item_machine_arc(j, m) = 1.


1           1           1.0
1           2           0.0
1           3           1.0
1           4           1.0
2           1           0.0
2           2           0.0
2           3           1.0
2           4           0.0
3           1           1.0
3           2           1.0
3           3           1.0
3           4           1.0
4           1           1.0
4           2           1.0
4           3           1.0
4           4           1.0
5           1           1.0
5           2           1.0
5           3           1.0
5           4           0.0
6           1           1.0
6           2           0.0
6           3           0.0
6           4           1.0
7           1           0.0
7           2           1.0
7           3           1.0
7           4           1.0
8           1           0.0
8           2           0.0
8           3           0.0
8           4           1.0



d(j, t) - Gross demand for item j in period t.


1           1           39
1           2           46
1           3           37
1           4           49
1           5           30
1           6           32
2           1           36
2           2           46
2           3           38
2           4           48
2           5           46
2           6           37
3           1           50
3           2           36
3           3           45
3           4           42
3           5           37
3           6           44
4           1           43
4           2           47
4           3           35
4           4           35
4           5           46
4           6           36
5           1           46
5           2           42
5           3           41
5           4           41
5           5           46
5           6           35
6           1           33
6           2           47
6           3           33
6           4           44
6           5           45
6           6           43
7           1           35
7           2           43
7           3           46
7           4           44
7           5           48
7           6           46
8           1           37
8           2           39
8           3           45
8           4           40
8           5           46
8           6           38



pt(j, m) - Time required to produce one unit of item j on machine m. The production time is period-independent.


1           1           0.992
1           2           0.884
1           3           1.085
1           4           1.0
2           1           1.057
2           2           0.645
2           3           0.963
2           4           0.749
3           1           1.132
3           2           1.441
3           3           0.691
3           4           1.081
4           1           1.275
4           2           1.194
4           3           1.068
4           4           1.434
5           1           1.343
5           2           0.923
5           3           0.957
5           4           1.117
6           1           1.458
6           2           1.434
6           3           1.432
6           4           1.49
7           1           1.486
7           2           0.574
7           3           0.505
7           4           0.992
8           1           0.959
8           2           1.376
8           3           1.19
8           4           0.777



pc(j, m) - Variable costs of producing one unit of item j on machine m. The production cost is period-independent.


1           1           2.3
1           2           1.316
1           3           5.687
1           4           6.324
2           1           3.13
2           2           1.23
2           3           4.523
2           4           10.059
3           1           2.397
3           2           1.54
3           3           5.537
3           4           5.446
4           1           3.514
4           2           2.69
4           3           3.839
4           4           9.835
5           1           2.543
5           2           1.128
5           3           4.068
5           4           7.519
6           1           1.696
6           2           2.78
6           3           5.227
6           4           10.829
7           1           3.825
7           2           1.608
7           3           2.065
7           4           5.649
8           1           2.578
8           2           1.427
8           3           3.253
8           4           5.472



pe(j, m) - Production emission for producing one unit of item j on machine m. The production emission is period-independent.


1           1           0.746
1           2           0.934
1           3           0.129
1           4           0.231
2           1           0.671
2           2           0.52
2           3           0.259
2           4           0.165
3           1           0.418
3           2           0.742
3           3           0.241
3           4           0.169
4           1           0.173
4           2           0.265
4           3           0.171
4           4           0.121
5           1           0.38
5           2           0.218
5           3           0.403
5           4           0.078
6           1           0.361
6           2           0.833
6           3           0.182
6           4           0.111
7           1           0.516
7           2           0.312
7           3           0.12
7           4           0.138
8           1           0.178
8           2           0.369
8           3           0.164
8           4           0.091



hc(j) - Inventory-holding costs for one unit of item j for one period.


1           0.125
2           0.104
3           0.242
4           0.214
5           0.145
6           0.201
7           0.134
8           0.219



st(j, m) - Setup times for producing a lot of item j on machine m. The setup times are period-independent.


1           1           42.433
1           2           66.891
1           3           26.057
1           4           94.73
2           1           54.351
2           2           60.252
2           3           57.742
2           4           64.982
3           1           65.793
3           2           85.121
3           3           98.34
3           4           26.025
4           1           26.99
4           2           58.757
4           3           79.474
4           4           77.275
5           1           29.12
5           2           42.973
5           3           53.353
5           4           69.517
6           1           68.808
6           2           70.331
6           3           28.081
6           4           59.416
7           1           83.318
7           2           74.449
7           3           46.535
7           4           55.084
8           1           34.144
8           2           78.234
8           3           27.333
8           4           69.248



se(j, m) - Setup emission for producing a lot of item j on machine m. The setup emission are period-independent.


1           1           141.536
1           2           195.15
1           3           45.302
1           4           40.182
2           1           60.885
2           2           109.661
2           3           49.845
2           4           20.047
3           1           63.898
3           2           196.253
3           3           58.795
3           4           27.322
4           1           88.122
4           2           83.212
4           3           80.448
4           4           38.259
5           1           74.333
5           2           105.884
5           3           35.831
5           4           48.843
6           1           108.198
6           2           98.086
6           3           60.577
6           4           44.232
7           1           90.561
7           2           141.419
7           3           43.214
7           4           32.677
8           1           65.609
8           2           176.437
8           3           95.832
8           4           47.586



sc(j, m) - Setup costs for producing a lot of item j on machine m. The setup costs are period-independent.


1           1           9967.222
1           2           7475.417
1           3           14950.833
1           4           29901.667
2           1           8933.369
2           2           6700.027
2           3           13400.053
2           4           26800.107
3           1           21035.716
3           2           15776.787
3           3           31553.573
3           4           63107.147
4           1           17723.004
4           2           13292.253
4           3           26584.507
4           4           53169.013
5           1           12455.178
5           2           9341.383
5           3           18682.767
5           4           37365.533
6           1           16852.733
6           2           12639.55
6           3           25279.1
6           4           50558.2
7           1           12014.738
7           2           9011.053
7           3           18022.107
7           4           36044.213
8           1           18361.933
8           2           13771.45
8           3           27542.9
8           4           55085.8



bc(m) - Fixed investment cost for machine m.


1           4669.939989844589
2           2883.6720290668245
3           7340.525082771393
4           17291.032084992134



ca(m, t) - The available capacity of machine m in period t.


1           1           298.22421546296295
1           2           298.22421546296295
1           3           298.22421546296295
1           4           298.22421546296295
1           5           298.22421546296295
1           6           298.22421546296295
2           1           298.22421546296295
2           2           298.22421546296295
2           3           298.22421546296295
2           4           298.22421546296295
2           5           298.22421546296295
2           6           298.22421546296295
3           1           298.22421546296295
3           2           298.22421546296295
3           3           298.22421546296295
3           4           298.22421546296295
3           5           298.22421546296295
3           6           298.22421546296295
4           1           298.22421546296295
4           2           298.22421546296295
4           3           298.22421546296295
4           4           298.22421546296295
4           5           298.22421546296295
4           6           298.22421546296295



em(t) - The limits of carbon emissions in period t.


1           556.1867636111111
2           556.1867636111111
3           556.1867636111111
4           556.1867636111111
5           556.1867636111111
6           556.1867636111111
