Information for the currently-owned machines and the machines that may be purchased: if 1, the machine can be purchased, otherwise currently-owned.


1           1.0
2           0.0
3           0.0
4           0.0



item_machine_arc(j, m) - The relationship arc between item j and machine m, i.e., machine m is capable of producing item j if item_machine_arc(j, m) = 1.


1           1           0.0
1           2           0.0
1           3           0.0
1           4           1.0
2           1           1.0
2           2           1.0
2           3           1.0
2           4           1.0
3           1           1.0
3           2           1.0
3           3           0.0
3           4           1.0
4           1           0.0
4           2           0.0
4           3           1.0
4           4           0.0
5           1           1.0
5           2           1.0
5           3           1.0
5           4           0.0
6           1           1.0
6           2           0.0
6           3           0.0
6           4           0.0
7           1           1.0
7           2           0.0
7           3           1.0
7           4           1.0
8           1           1.0
8           2           1.0
8           3           0.0
8           4           0.0



d(j, t) - Gross demand for item j in period t.


1           1           37
1           2           35
1           3           36
1           4           39
1           5           33
1           6           39
2           1           38
2           2           42
2           3           43
2           4           34
2           5           34
2           6           46
3           1           30
3           2           38
3           3           32
3           4           47
3           5           30
3           6           30
4           1           40
4           2           33
4           3           39
4           4           41
4           5           39
4           6           43
5           1           47
5           2           49
5           3           36
5           4           42
5           5           45
5           6           50
6           1           50
6           2           49
6           3           31
6           4           43
6           5           49
6           6           44
7           1           34
7           2           47
7           3           35
7           4           44
7           5           32
7           6           33
8           1           35
8           2           36
8           3           32
8           4           50
8           5           30
8           6           33



pt(j, m) - Time required to produce one unit of item j on machine m. The production time is period-independent.


1           1           1.172
1           2           1.114
1           3           1.328
1           4           0.562
2           1           1.255
2           2           0.61
2           3           0.859
2           4           0.626
3           1           0.538
3           2           0.643
3           3           0.741
3           4           1.318
4           1           0.574
4           2           0.943
4           3           1.409
4           4           1.411
5           1           1.142
5           2           1.397
5           3           1.045
5           4           0.773
6           1           1.195
6           2           0.504
6           3           1.346
6           4           1.402
7           1           1.418
7           2           1.065
7           3           1.101
7           4           1.033
8           1           0.96
8           2           0.985
8           3           0.698
8           4           0.707



pc(j, m) - Variable costs of producing one unit of item j on machine m. The production cost is period-independent.


1           1           1.94
1           2           9.804
1           3           3.6
1           4           1.541
2           1           1.164
2           2           5.341
2           3           5.557
2           4           3.387
3           1           1.814
3           2           4.238
3           3           3.821
3           4           2.075
4           1           2.83
4           2           11.084
4           3           2.086
4           4           3.829
5           1           2.332
5           2           9.768
5           3           2.005
5           4           2.574
6           1           1.711
6           2           5.035
6           3           4.376
6           4           3.545
7           1           1.898
7           2           11.022
7           3           5.661
7           4           2.47
8           1           1.687
8           2           8.276
8           3           2.264
8           4           2.473



pe(j, m) - Production emission for producing one unit of item j on machine m. The production emission is period-independent.


1           1           0.783
1           2           0.077
1           3           0.45
1           4           0.576
2           1           0.536
2           2           0.229
2           3           0.158
2           4           0.607
3           1           0.287
3           2           0.239
3           3           0.222
3           4           0.328
4           1           0.438
4           2           0.093
4           3           0.154
4           4           0.449
5           1           0.851
5           2           0.11
5           3           0.355
5           4           0.525
6           1           0.21
6           2           0.144
6           3           0.321
6           4           0.452
7           1           0.218
7           2           0.162
7           3           0.373
7           4           0.377
8           1           0.813
8           2           0.19
8           3           0.408
8           4           0.527



hc(j) - Inventory-holding costs for one unit of item j for one period.


1           0.265
2           0.13
3           0.232
4           0.159
5           0.274
6           0.16
7           0.14
8           0.149



st(j, m) - Setup times for producing a lot of item j on machine m. The setup times are period-independent.


1           1           11.894
1           2           11.907
1           3           13.537
1           4           16.223
2           1           11.992
2           2           11.969
2           3           14.183
2           4           6.227
3           1           5.91
3           2           14.353
3           3           16.519
3           4           19.828
4           1           9.829
4           2           15.723
4           3           13.077
4           4           11.348
5           1           12.318
5           2           18.289
5           3           7.585
5           4           12.254
6           1           8.109
6           2           11.538
6           3           14.664
6           4           15.043
7           1           15.838
7           2           11.594
7           3           16.309
7           4           18.15
8           1           19.177
8           2           8.506
8           3           12.462
8           4           11.524



se(j, m) - Setup emission for producing a lot of item j on machine m. The setup emission are period-independent.


1           1           165.514
1           2           29.29
1           3           39.59
1           4           126.311
2           1           176.529
2           2           31.416
2           3           68.983
2           4           62.032
3           1           122.286
3           2           25.685
3           3           43.576
3           4           128.389
4           1           59.62
4           2           14.384
4           3           68.554
4           4           105.537
5           1           96.915
5           2           41.876
5           3           36.266
5           4           114.407
6           1           140.785
6           2           39.174
6           3           29.188
6           4           107.607
7           1           59.909
7           2           23.99
7           3           40.965
7           4           133.287
8           1           118.514
8           2           25.512
8           3           40.816
8           4           89.339



sc(j, m) - Setup costs for producing a lot of item j on machine m. The setup costs are period-independent.


1           1           13541.5
1           2           54166.0
1           3           27083.0
1           4           18055.333
2           1           7189.0
2           2           28756.0
2           3           14378.0
2           4           9585.333
3           1           11205.6
3           2           44822.4
3           3           22411.2
3           4           14940.8
4           1           8718.5
4           2           34874.0
4           3           17437.0
4           4           11624.667
5           1           17198.067
5           2           68792.267
5           3           34396.133
5           4           22930.756
6           1           9930.667
6           2           39722.667
6           3           19861.333
6           4           13240.889
7           1           7350.0
7           2           29400.0
7           3           14700.0
7           4           9800.0
8           1           7509.6
8           2           30038.4
8           3           15019.2
8           4           10012.8



bc(m) - Fixed investment cost for machine m.


1           3977.5068493823987
2           14088.977378580354
3           7409.501866357622
4           247.12177223469521



ca(m, t) - The available capacity of machine m in period t.


1           1           175.49906759259255
1           2           175.49906759259255
1           3           175.49906759259255
1           4           175.49906759259255
1           5           175.49906759259255
1           6           175.49906759259255
2           1           175.49906759259255
2           2           175.49906759259255
2           3           175.49906759259255
2           4           175.49906759259255
2           5           175.49906759259255
2           6           175.49906759259255
3           1           175.49906759259255
3           2           175.49906759259255
3           3           175.49906759259255
3           4           175.49906759259255
3           5           175.49906759259255
3           6           175.49906759259255
4           1           175.49906759259255
4           2           175.49906759259255
4           3           175.49906759259255
4           4           175.49906759259255
4           5           175.49906759259255
4           6           175.49906759259255



em(t) - The limits of carbon emissions in period t.


1           660.2131277777777
2           660.2131277777777
3           660.2131277777777
4           660.2131277777777
5           660.2131277777777
6           660.2131277777777
