Information for the currently-owned machines and the machines that may be purchased: if 1, the machine can be purchased, otherwise currently-owned.


1           0.0
2           0.0
3           0.0
4           1.0



item_machine_arc(j, m) - The relationship arc between item j and machine m, i.e., machine m is capable of producing item j if item_machine_arc(j, m) = 1.


1           1           1.0
1           2           1.0
1           3           1.0
1           4           1.0
2           1           0.0
2           2           0.0
2           3           1.0
2           4           1.0
3           1           1.0
3           2           1.0
3           3           1.0
3           4           1.0
4           1           1.0
4           2           1.0
4           3           0.0
4           4           1.0
5           1           1.0
5           2           1.0
5           3           1.0
5           4           1.0
6           1           0.0
6           2           0.0
6           3           0.0
6           4           1.0
7           1           1.0
7           2           1.0
7           3           0.0
7           4           0.0
8           1           1.0
8           2           1.0
8           3           0.0
8           4           1.0



d(j, t) - Gross demand for item j in period t.


1           1           41
1           2           30
1           3           40
1           4           37
1           5           33
1           6           38
2           1           37
2           2           33
2           3           41
2           4           35
2           5           36
2           6           30
3           1           44
3           2           43
3           3           43
3           4           30
3           5           38
3           6           41
4           1           43
4           2           34
4           3           32
4           4           46
4           5           40
4           6           47
5           1           47
5           2           31
5           3           39
5           4           39
5           5           42
5           6           40
6           1           44
6           2           36
6           3           30
6           4           49
6           5           35
6           6           30
7           1           32
7           2           31
7           3           49
7           4           36
7           5           42
7           6           48
8           1           40
8           2           34
8           3           40
8           4           30
8           5           43
8           6           34



pt(j, m) - Time required to produce one unit of item j on machine m. The production time is period-independent.


1           1           1.277
1           2           0.726
1           3           1.094
1           4           1.462
2           1           0.778
2           2           0.661
2           3           1.134
2           4           0.636
3           1           0.983
3           2           0.625
3           3           1.329
3           4           0.715
4           1           1.245
4           2           0.938
4           3           1.088
4           4           0.647
5           1           1.465
5           2           0.918
5           3           1.038
5           4           0.51
6           1           0.566
6           2           0.544
6           3           1.41
6           4           1.091
7           1           0.953
7           2           0.619
7           3           0.948
7           4           0.759
8           1           1.352
8           2           0.933
8           3           0.887
8           4           1.292



pc(j, m) - Variable costs of producing one unit of item j on machine m. The production cost is period-independent.


1           1           8.9
1           2           2.326
1           3           1.626
1           4           4.704
2           1           6.756
2           2           1.466
2           3           2.681
2           4           4.952
3           1           4.801
3           2           2.349
3           3           3.131
3           4           3.029
4           1           9.356
4           2           1.395
4           3           2.39
4           4           2.038
5           1           11.002
5           2           2.702
5           3           2.245
5           4           4.531
6           1           10.804
6           2           2.628
6           3           1.665
6           4           3.58
7           1           9.166
7           2           1.36
7           3           1.937
7           4           2.106
8           1           4.24
8           2           2.671
8           3           3.025
8           4           2.861



pe(j, m) - Production emission for producing one unit of item j on machine m. The production emission is period-independent.


1           1           0.248
1           2           0.926
1           3           0.27
1           4           0.302
2           1           0.113
2           2           0.354
2           3           0.712
2           4           0.485
3           1           0.132
3           2           0.482
3           3           0.615
3           4           0.362
4           1           0.078
4           2           0.551
4           3           0.213
4           4           0.47
5           1           0.217
5           2           0.82
5           3           0.341
5           4           0.496
6           1           0.209
6           2           0.626
6           3           0.21
6           4           0.227
7           1           0.191
7           2           0.618
7           3           0.591
7           4           0.471
8           1           0.14
8           2           0.202
8           3           0.54
8           4           0.462



hc(j) - Inventory-holding costs for one unit of item j for one period.


1           0.155
2           0.147
3           0.244
4           0.273
5           0.1
6           0.233
7           0.107
8           0.259



st(j, m) - Setup times for producing a lot of item j on machine m. The setup times are period-independent.


1           1           5.082
1           2           15.644
1           3           15.557
1           4           17.971
2           1           12.483
2           2           10.298
2           3           19.424
2           4           13.306
3           1           13.296
3           2           10.304
3           3           12.039
3           4           8.308
4           1           11.421
4           2           13.887
4           3           16.996
4           4           16.809
5           1           7.901
5           2           17.641
5           3           15.617
5           4           10.922
6           1           13.949
6           2           12.835
6           3           18.504
6           4           18.91
7           1           18.269
7           2           18.8
7           3           12.554
7           4           17.003
8           1           15.763
8           2           15.236
8           3           15.363
8           4           9.044



se(j, m) - Setup emission for producing a lot of item j on machine m. The setup emission are period-independent.


1           1           22.108
1           2           136.574
1           3           53.521
1           4           87.85
2           1           21.467
2           2           148.288
2           3           94.967
2           4           91.998
3           1           20.568
3           2           188.096
3           3           101.209
3           4           76.569
4           1           29.908
4           2           76.358
4           3           147.27
4           4           86.686
5           1           25.654
5           2           149.468
5           3           88.767
5           4           39.374
6           1           48.402
6           2           159.331
6           3           139.761
6           4           46.057
7           1           46.306
7           2           166.85
7           3           57.411
7           4           85.696
8           1           12.698
8           2           124.042
8           3           66.501
8           4           85.702



sc(j, m) - Setup costs for producing a lot of item j on machine m. The setup costs are period-independent.


1           1           34850.2
1           2           8712.55
1           3           11616.733
1           4           17425.1
2           1           31995.04
2           2           7998.76
2           3           10665.013
2           4           15997.52
3           1           59871.093
3           2           14967.773
3           3           19957.031
3           4           29935.547
4           1           67827.76
4           2           16956.94
4           3           22609.253
4           4           33913.88
5           1           24434.667
5           2           6108.667
5           3           8144.889
5           4           12217.333
6           1           53583.787
6           2           13395.947
6           3           17861.262
6           4           26791.893
7           1           26145.093
7           2           6536.273
7           3           8715.031
7           4           13072.547
8           1           58765.373
8           2           14691.343
8           3           19588.458
8           4           29382.687



bc(m) - Fixed investment cost for machine m.


1           7908.427528372599
2           252.70852027846846
3           5955.672508196762
4           8843.076428207709



ca(m, t) - The available capacity of machine m in period t.


1           1           185.558970462963
1           2           185.558970462963
1           3           185.558970462963
1           4           185.558970462963
1           5           185.558970462963
1           6           185.558970462963
2           1           185.558970462963
2           2           185.558970462963
2           3           185.558970462963
2           4           185.558970462963
2           5           185.558970462963
2           6           185.558970462963
3           1           185.558970462963
3           2           185.558970462963
3           3           185.558970462963
3           4           185.558970462963
3           5           185.558970462963
3           6           185.558970462963
4           1           185.558970462963
4           2           185.558970462963
4           3           185.558970462963
4           4           185.558970462963
4           5           185.558970462963
4           6           185.558970462963



em(t) - The limits of carbon emissions in period t.


1           672.4937236111111
2           672.4937236111111
3           672.4937236111111
4           672.4937236111111
5           672.4937236111111
6           672.4937236111111
