Information for the currently-owned machines and the machines that may be purchased: if 1, the machine can be purchased, otherwise currently-owned.


1           0.0
2           1.0
3           0.0
4           0.0



item_machine_arc(j, m) - The relationship arc between item j and machine m, i.e., machine m is capable of producing item j if item_machine_arc(j, m) = 1.


1           1           1.0
1           2           0.0
1           3           1.0
1           4           1.0
2           1           0.0
2           2           0.0
2           3           0.0
2           4           1.0
3           1           1.0
3           2           0.0
3           3           1.0
3           4           0.0
4           1           1.0
4           2           1.0
4           3           0.0
4           4           1.0
5           1           0.0
5           2           0.0
5           3           0.0
5           4           1.0
6           1           1.0
6           2           0.0
6           3           0.0
6           4           0.0
7           1           0.0
7           2           1.0
7           3           0.0
7           4           0.0
8           1           1.0
8           2           1.0
8           3           1.0
8           4           1.0



d(j, t) - Gross demand for item j in period t.


1           1           41
1           2           45
1           3           42
1           4           46
1           5           39
1           6           46
2           1           40
2           2           32
2           3           48
2           4           32
2           5           47
2           6           31
3           1           45
3           2           33
3           3           33
3           4           42
3           5           31
3           6           38
4           1           38
4           2           44
4           3           37
4           4           36
4           5           43
4           6           50
5           1           30
5           2           49
5           3           39
5           4           46
5           5           49
5           6           35
6           1           48
6           2           45
6           3           47
6           4           34
6           5           35
6           6           43
7           1           32
7           2           36
7           3           41
7           4           32
7           5           44
7           6           42
8           1           50
8           2           46
8           3           43
8           4           40
8           5           32
8           6           40



pt(j, m) - Time required to produce one unit of item j on machine m. The production time is period-independent.


1           1           1.037
1           2           1.338
1           3           1.461
1           4           1.036
2           1           0.98
2           2           0.796
2           3           0.974
2           4           1.05
3           1           1.344
3           2           0.991
3           3           0.582
3           4           0.651
4           1           1.167
4           2           0.984
4           3           0.632
4           4           0.929
5           1           0.905
5           2           0.749
5           3           1.084
5           4           1.074
6           1           0.841
6           2           0.985
6           3           0.552
6           4           0.504
7           1           1.3
7           2           0.738
7           3           0.593
7           4           0.815
8           1           0.821
8           2           0.712
8           3           1.169
8           4           0.567



pc(j, m) - Variable costs of producing one unit of item j on machine m. The production cost is period-independent.


1           1           4.162
1           2           1.569
1           3           9.05
1           4           1.491
2           1           3.725
2           2           2.806
2           3           7.95
2           4           2.793
3           1           2.807
3           2           2.809
3           3           5.111
3           4           1.271
4           1           5.445
4           2           3.667
4           3           5.41
4           4           2.322
5           1           5.719
5           2           2.27
5           3           10.348
5           4           2.815
6           1           4.938
6           2           3.141
6           3           7.235
6           4           1.787
7           1           5.066
7           2           1.993
7           3           4.894
7           4           2.683
8           1           5.138
8           2           3.765
8           3           5.474
8           4           1.846



pe(j, m) - Production emission for producing one unit of item j on machine m. The production emission is period-independent.


1           1           2.171
1           2           1.094
1           3           0.938
1           4           4.789
2           1           0.748
2           2           2.931
2           3           0.286
2           4           1.003
3           1           1.36
3           2           3.576
3           3           0.511
3           4           3.646
4           1           1.34
4           2           3.539
4           3           1.206
4           4           4.206
5           1           2.141
5           2           2.631
5           3           0.461
5           4           1.938
6           1           0.836
6           2           3.045
6           3           0.474
6           4           3.193
7           1           1.182
7           2           3.566
7           3           1.0
7           4           4.501
8           1           2.237
8           2           0.97
8           3           0.273
8           4           1.556



hc(j) - Inventory-holding costs for one unit of item j for one period.


1           0.171
2           0.11
3           0.256
4           0.116
5           0.17
6           0.269
7           0.177
8           0.272



st(j, m) - Setup times for producing a lot of item j on machine m. The setup times are period-independent.


1           1           67.502
1           2           98.864
1           3           35.507
1           4           83.527
2           1           71.243
2           2           62.11
2           3           34.608
2           4           64.309
3           1           46.694
3           2           94.448
3           3           33.971
3           4           29.935
4           1           58.279
4           2           31.225
4           3           67.245
4           4           38.011
5           1           31.787
5           2           93.707
5           3           87.512
5           4           38.661
6           1           90.397
6           2           79.833
6           3           75.13
6           4           71.548
7           1           38.105
7           2           81.094
7           3           38.72
7           4           91.756
8           1           40.271
8           2           72.716
8           3           76.538
8           4           37.957



se(j, m) - Setup emission for producing a lot of item j on machine m. The setup emission are period-independent.


1           1           83.135
1           2           105.466
1           3           41.457
1           4           168.339
2           1           35.652
2           2           142.802
2           3           15.215
2           4           198.864
3           1           32.715
3           2           120.158
3           3           32.972
3           4           134.495
4           1           73.822
4           2           91.474
4           3           16.093
4           4           162.16
5           1           46.053
5           2           101.011
5           3           25.734
5           4           122.677
6           1           64.53
6           2           77.287
6           3           16.28
6           4           96.867
7           1           93.291
7           2           62.137
7           3           18.675
7           4           62.242
8           1           50.153
8           2           65.182
8           3           40.094
8           4           123.129



sc(j, m) - Setup costs for producing a lot of item j on machine m. The setup costs are period-independent.


1           1           22735.02
1           2           15156.68
1           3           45470.04
1           4           11367.51
2           1           12987.333
2           2           8658.222
2           3           25974.667
2           4           6493.667
3           1           29173.76
3           2           19449.173
3           3           58347.52
3           4           14586.88
4           1           14767.573
4           2           9845.049
4           3           29535.147
4           4           7383.787
5           1           21642.133
5           2           14428.089
5           3           43284.267
5           4           10821.067
6           1           34797.84
6           2           23198.56
6           3           69595.68
6           4           17398.92
7           1           20625.22
7           2           13750.147
7           3           41250.44
7           4           10312.61
8           1           35046.293
8           2           23364.196
8           3           70092.587
8           4           17523.147



bc(m) - Fixed investment cost for machine m.


1           5066.213837669058
2           4546.6814968743865
3           12139.117328373093
4           2542.2831041486265



ca(m, t) - The available capacity of machine m in period t.


1           1           256.27653981481484
1           2           256.27653981481484
1           3           256.27653981481484
1           4           256.27653981481484
1           5           256.27653981481484
1           6           256.27653981481484
2           1           256.27653981481484
2           2           256.27653981481484
2           3           256.27653981481484
2           4           256.27653981481484
2           5           256.27653981481484
2           6           256.27653981481484
3           1           256.27653981481484
3           2           256.27653981481484
3           3           256.27653981481484
3           4           256.27653981481484
3           5           256.27653981481484
3           6           256.27653981481484
4           1           256.27653981481484
4           2           256.27653981481484
4           3           256.27653981481484
4           4           256.27653981481484
4           5           256.27653981481484
4           6           256.27653981481484



em(t) - The limits of carbon emissions in period t.


1           1390.784577777778
2           1390.784577777778
3           1390.784577777778
4           1390.784577777778
5           1390.784577777778
6           1390.784577777778
