Information for the currently-owned machines and the machines that may be purchased: if 1, the machine can be purchased, otherwise currently-owned.


1           0.0
2           1.0
3           0.0
4           0.0



item_machine_arc(j, m) - The relationship arc between item j and machine m, i.e., machine m is capable of producing item j if item_machine_arc(j, m) = 1.


1           1           0.0
1           2           0.0
1           3           0.0
1           4           1.0
2           1           0.0
2           2           1.0
2           3           0.0
2           4           1.0
3           1           0.0
3           2           0.0
3           3           1.0
3           4           1.0
4           1           0.0
4           2           1.0
4           3           0.0
4           4           0.0
5           1           1.0
5           2           1.0
5           3           1.0
5           4           1.0
6           1           1.0
6           2           1.0
6           3           1.0
6           4           1.0
7           1           1.0
7           2           0.0
7           3           1.0
7           4           1.0
8           1           0.0
8           2           1.0
8           3           0.0
8           4           1.0



d(j, t) - Gross demand for item j in period t.


1           1           43
1           2           50
1           3           47
1           4           44
1           5           48
1           6           32
2           1           49
2           2           33
2           3           49
2           4           37
2           5           35
2           6           37
3           1           33
3           2           31
3           3           39
3           4           50
3           5           45
3           6           44
4           1           48
4           2           50
4           3           46
4           4           44
4           5           45
4           6           37
5           1           44
5           2           32
5           3           42
5           4           33
5           5           45
5           6           34
6           1           38
6           2           31
6           3           42
6           4           36
6           5           36
6           6           41
7           1           47
7           2           31
7           3           44
7           4           49
7           5           39
7           6           37
8           1           30
8           2           40
8           3           46
8           4           40
8           5           44
8           6           50



pt(j, m) - Time required to produce one unit of item j on machine m. The production time is period-independent.


1           1           1.048
1           2           1.375
1           3           1.201
1           4           1.304
2           1           1.266
2           2           1.471
2           3           0.663
2           4           0.747
3           1           0.968
3           2           1.243
3           3           1.184
3           4           0.612
4           1           0.619
4           2           0.836
4           3           1.443
4           4           1.449
5           1           1.228
5           2           1.048
5           3           1.35
5           4           1.448
6           1           0.892
6           2           1.345
6           3           0.763
6           4           1.424
7           1           0.549
7           2           0.789
7           3           0.821
7           4           0.584
8           1           1.457
8           2           1.127
8           3           1.238
8           4           0.955



pc(j, m) - Variable costs of producing one unit of item j on machine m. The production cost is period-independent.


1           1           4.621
1           2           2.508
1           3           1.504
1           4           6.726
2           1           2.378
2           2           1.571
2           3           3.886
2           4           7.115
3           1           2.288
3           2           1.875
3           3           2.618
3           4           11.348
4           1           3.445
4           2           2.528
4           3           3.428
4           4           5.744
5           1           5.907
5           2           2.042
5           3           2.979
5           4           8.395
6           1           2.087
6           2           2.092
6           3           2.98
6           4           10.768
7           1           2.424
7           2           1.518
7           3           2.836
7           4           11.994
8           1           4.386
8           2           2.542
8           3           3.777
8           4           6.383



pe(j, m) - Production emission for producing one unit of item j on machine m. The production emission is period-independent.


1           1           0.553
1           2           2.731
1           3           1.933
1           4           0.517
2           1           2.338
2           2           3.317
2           3           0.832
2           4           0.743
3           1           2.243
3           2           2.046
3           3           2.745
3           4           0.654
4           1           0.658
4           2           4.46
4           3           3.519
4           4           0.796
5           1           1.44
5           2           4.689
5           3           3.599
5           4           0.836
6           1           2.314
6           2           1.7
6           3           0.872
6           4           0.973
7           1           2.481
7           2           1.57
7           3           1.768
7           4           0.554
8           1           1.711
8           2           2.497
8           3           1.126
8           4           0.594



hc(j) - Inventory-holding costs for one unit of item j for one period.


1           0.255
2           0.211
3           0.101
4           0.292
5           0.23
6           0.232
7           0.172
8           0.134



st(j, m) - Setup times for producing a lot of item j on machine m. The setup times are period-independent.


1           1           94.641
1           2           71.095
1           3           61.591
1           4           81.357
2           1           50.93
2           2           76.963
2           3           58.455
2           4           88.234
3           1           52.015
3           2           70.007
3           3           94.769
3           4           71.745
4           1           53.991
4           2           76.929
4           3           76.182
4           4           82.944
5           1           86.92
5           2           87.86
5           3           72.664
5           4           90.2
6           1           76.932
6           2           95.085
6           3           28.025
6           4           48.842
7           1           45.147
7           2           98.865
7           3           55.272
7           4           93.618
8           1           34.335
8           2           44.941
8           3           53.815
8           4           69.642



se(j, m) - Setup emission for producing a lot of item j on machine m. The setup emission are period-independent.


1           1           63.086
1           2           184.458
1           3           83.797
1           4           35.352
2           1           30.18
2           2           198.525
2           3           56.612
2           4           36.366
3           1           80.046
3           2           75.042
3           3           109.135
3           4           32.605
4           1           55.514
4           2           164.323
4           3           75.281
4           4           37.502
5           1           78.024
5           2           106.53
5           3           130.561
5           4           38.758
6           1           97.176
6           2           138.699
6           3           89.726
6           4           44.837
7           1           47.835
7           2           136.295
7           3           47.61
7           4           28.616
8           1           89.4
8           2           59.575
8           3           100.577
8           4           25.573



sc(j, m) - Setup costs for producing a lot of item j on machine m. The setup costs are period-independent.


1           1           31416.0
1           2           15708.0
1           3           20944.0
1           4           62832.0
2           1           23632.0
2           2           11816.0
2           3           15754.667
2           4           47264.0
3           1           11406.267
3           2           5703.133
3           3           7604.178
3           4           22812.533
4           1           36792.0
4           2           18396.0
4           3           24528.0
4           4           73584.0
5           1           24686.667
5           2           12343.333
5           3           16457.778
5           4           49373.333
6           1           24251.733
6           2           12125.867
6           3           16167.822
6           4           48503.467
7           1           19825.867
7           2           9912.933
7           3           13217.244
7           4           39651.733
8           1           15633.333
8           2           7816.667
8           3           10422.222
8           4           31266.667



bc(m) - Fixed investment cost for machine m.


1           6394.238509621202
2           1984.1887748828262
3           1835.72443311798
4           15694.96190932531



ca(m, t) - The available capacity of machine m in period t.


1           1           324.4533885185185
1           2           324.4533885185185
1           3           324.4533885185185
1           4           324.4533885185185
1           5           324.4533885185185
1           6           324.4533885185185
2           1           324.4533885185185
2           2           324.4533885185185
2           3           324.4533885185185
2           4           324.4533885185185
2           5           324.4533885185185
2           6           324.4533885185185
3           1           324.4533885185185
3           2           324.4533885185185
3           3           324.4533885185185
3           4           324.4533885185185
3           5           324.4533885185185
3           6           324.4533885185185
4           1           324.4533885185185
4           2           324.4533885185185
4           3           324.4533885185185
4           4           324.4533885185185
4           5           324.4533885185185
4           6           324.4533885185185



em(t) - The limits of carbon emissions in period t.


1           1380.2858416666663
2           1380.2858416666663
3           1380.2858416666663
4           1380.2858416666663
5           1380.2858416666663
6           1380.2858416666663
