Information for the currently-owned machines and the machines that may be purchased: if 1, the machine can be purchased, otherwise currently-owned.


1           0.0
2           0.0
3           0.0
4           1.0



item_machine_arc(j, m) - The relationship arc between item j and machine m, i.e., machine m is capable of producing item j if item_machine_arc(j, m) = 1.


1           1           0.0
1           2           1.0
1           3           1.0
1           4           0.0
2           1           0.0
2           2           0.0
2           3           1.0
2           4           0.0
3           1           1.0
3           2           0.0
3           3           1.0
3           4           1.0
4           1           1.0
4           2           0.0
4           3           0.0
4           4           0.0
5           1           1.0
5           2           0.0
5           3           1.0
5           4           0.0
6           1           1.0
6           2           1.0
6           3           1.0
6           4           0.0
7           1           0.0
7           2           1.0
7           3           1.0
7           4           1.0
8           1           1.0
8           2           0.0
8           3           1.0
8           4           0.0



d(j, t) - Gross demand for item j in period t.


1           1           41
1           2           38
1           3           36
1           4           41
1           5           33
1           6           34
2           1           40
2           2           32
2           3           40
2           4           36
2           5           40
2           6           48
3           1           31
3           2           45
3           3           45
3           4           49
3           5           37
3           6           38
4           1           43
4           2           44
4           3           34
4           4           49
4           5           50
4           6           42
5           1           30
5           2           30
5           3           50
5           4           41
5           5           44
5           6           43
6           1           36
6           2           31
6           3           41
6           4           41
6           5           31
6           6           32
7           1           35
7           2           36
7           3           41
7           4           32
7           5           38
7           6           34
8           1           39
8           2           40
8           3           50
8           4           47
8           5           34
8           6           41



pt(j, m) - Time required to produce one unit of item j on machine m. The production time is period-independent.


1           1           1.002
1           2           0.8
1           3           0.962
1           4           0.6
2           1           1.391
2           2           0.685
2           3           0.879
2           4           1.364
3           1           1.279
3           2           0.876
3           3           1.457
3           4           0.721
4           1           1.366
4           2           0.506
4           3           0.506
4           4           1.334
5           1           1.336
5           2           0.727
5           3           0.672
5           4           0.771
6           1           1.111
6           2           0.675
6           3           0.505
6           4           0.999
7           1           1.22
7           2           0.798
7           3           1.318
7           4           1.01
8           1           0.618
8           2           1.301
8           3           1.165
8           4           1.204



pc(j, m) - Variable costs of producing one unit of item j on machine m. The production cost is period-independent.


1           1           2.773
1           2           1.465
1           3           1.804
1           4           4.737
2           1           2.824
2           2           2.006
2           3           2.154
2           4           7.146
3           1           3.927
3           2           1.873
3           3           2.746
3           4           11.305
4           1           2.241
4           2           1.682
4           3           3.464
4           4           5.312
5           1           2.117
5           2           2.893
5           3           2.233
5           4           11.745
6           1           5.675
6           2           2.453
6           3           3.861
6           4           6.894
7           1           3.694
7           2           1.692
7           3           3.49
7           4           5.886
8           1           4.332
8           2           1.839
8           3           3.542
8           4           5.081



pe(j, m) - Production emission for producing one unit of item j on machine m. The production emission is period-independent.


1           1           0.191
1           2           0.643
1           3           0.527
1           4           0.117
2           1           0.204
2           2           0.581
2           3           0.302
2           4           0.209
3           1           0.491
3           2           0.823
3           3           0.23
3           4           0.086
4           1           0.346
4           2           0.497
4           3           0.444
4           4           0.162
5           1           0.491
5           2           0.273
5           3           0.701
5           4           0.176
6           1           0.284
6           2           0.308
6           3           0.6
6           4           0.072
7           1           0.195
7           2           0.527
7           3           0.361
7           4           0.16
8           1           0.365
8           2           0.686
8           3           0.554
8           4           0.164



hc(j) - Inventory-holding costs for one unit of item j for one period.


1           0.158
2           0.235
3           0.156
4           0.218
5           0.108
6           0.123
7           0.221
8           0.22



st(j, m) - Setup times for producing a lot of item j on machine m. The setup times are period-independent.


1           1           68.73
1           2           58.352
1           3           89.029
1           4           82.061
2           1           49.355
2           2           46.557
2           3           72.214
2           4           45.295
3           1           86.234
3           2           85.534
3           3           67.085
3           4           37.054
4           1           80.519
4           2           97.204
4           3           70.247
4           4           29.074
5           1           89.562
5           2           99.472
5           3           45.323
5           4           63.623
6           1           93.449
6           2           99.874
6           3           48.559
6           4           87.468
7           1           25.893
7           2           78.757
7           3           96.616
7           4           84.545
8           1           99.0
8           2           96.215
8           3           29.729
8           4           25.002



se(j, m) - Setup emission for producing a lot of item j on machine m. The setup emission are period-independent.


1           1           51.332
1           2           70.632
1           3           50.56
1           4           43.302
2           1           54.227
2           2           65.414
2           3           112.833
2           4           36.813
3           1           87.102
3           2           77.617
3           3           149.896
3           4           39.94
4           1           83.611
4           2           111.16
4           3           104.937
4           4           45.571
5           1           68.454
5           2           127.645
5           3           45.016
5           4           31.496
6           1           85.45
6           2           154.56
6           3           123.252
6           4           13.907
7           1           25.863
7           2           178.841
7           3           134.759
7           4           39.949
8           1           72.755
8           2           122.057
8           3           66.209
8           4           49.363



sc(j, m) - Setup costs for producing a lot of item j on machine m. The setup costs are period-independent.


1           1           18086.787
1           2           9043.393
1           3           12057.858
1           4           36173.573
2           1           28469.467
2           2           14234.733
2           3           18979.644
2           4           56938.933
3           1           19619.6
3           2           9809.8
3           3           13079.733
3           4           39239.2
4           1           29319.547
4           2           14659.773
4           3           19546.364
4           4           58639.093
5           1           13194.72
5           2           6597.36
5           3           8796.48
5           4           26389.44
6           1           13385.68
6           2           6692.84
6           3           8923.787
6           4           26771.36
7           1           24504.48
7           2           12252.24
7           3           16336.32
7           4           49008.96
8           1           28346.267
8           2           14173.133
8           3           18897.511
8           4           56692.533



bc(m) - Fixed investment cost for machine m.


1           8843.974311608617
2           3924.578460495943
3           5731.274976234072
4           11945.697402065025



ca(m, t) - The available capacity of machine m in period t.


1           1           313.1909122222222
1           2           313.1909122222222
1           3           313.1909122222222
1           4           313.1909122222222
1           5           313.1909122222222
1           6           313.1909122222222
2           1           313.1909122222222
2           2           313.1909122222222
2           3           313.1909122222222
2           4           313.1909122222222
2           5           313.1909122222222
2           6           313.1909122222222
3           1           313.1909122222222
3           2           313.1909122222222
3           3           313.1909122222222
3           4           313.1909122222222
3           5           313.1909122222222
3           6           313.1909122222222
4           1           313.1909122222222
4           2           313.1909122222222
4           3           313.1909122222222
4           4           313.1909122222222
4           5           313.1909122222222
4           6           313.1909122222222



em(t) - The limits of carbon emissions in period t.


1           681.0246722222222
2           681.0246722222222
3           681.0246722222222
4           681.0246722222222
5           681.0246722222222
6           681.0246722222222
