Information for the currently-owned machines and the machines that may be purchased: if 1, the machine can be purchased, otherwise currently-owned.


1           0.0
2           0.0
3           0.0
4           1.0



item_machine_arc(j, m) - The relationship arc between item j and machine m, i.e., machine m is capable of producing item j if item_machine_arc(j, m) = 1.


1           1           1.0
1           2           1.0
1           3           1.0
1           4           1.0
2           1           1.0
2           2           1.0
2           3           0.0
2           4           1.0
3           1           1.0
3           2           1.0
3           3           1.0
3           4           1.0
4           1           1.0
4           2           1.0
4           3           1.0
4           4           1.0
5           1           1.0
5           2           1.0
5           3           1.0
5           4           1.0
6           1           1.0
6           2           1.0
6           3           1.0
6           4           1.0
7           1           0.0
7           2           1.0
7           3           1.0
7           4           0.0
8           1           0.0
8           2           1.0
8           3           0.0
8           4           0.0



d(j, t) - Gross demand for item j in period t.


1           1           39
1           2           35
1           3           39
1           4           37
1           5           43
1           6           44
2           1           31
2           2           45
2           3           35
2           4           49
2           5           46
2           6           47
3           1           30
3           2           48
3           3           38
3           4           49
3           5           44
3           6           48
4           1           46
4           2           47
4           3           35
4           4           34
4           5           46
4           6           35
5           1           35
5           2           39
5           3           39
5           4           50
5           5           42
5           6           39
6           1           36
6           2           48
6           3           44
6           4           39
6           5           33
6           6           32
7           1           34
7           2           33
7           3           49
7           4           31
7           5           45
7           6           33
8           1           42
8           2           39
8           3           32
8           4           34
8           5           47
8           6           49



pt(j, m) - Time required to produce one unit of item j on machine m. The production time is period-independent.


1           1           1.488
1           2           0.957
1           3           0.731
1           4           0.645
2           1           1.154
2           2           1.373
2           3           1.103
2           4           0.751
3           1           1.325
3           2           1.206
3           3           1.175
3           4           0.919
4           1           0.897
4           2           1.018
4           3           0.589
4           4           1.368
5           1           1.031
5           2           0.606
5           3           0.576
5           4           0.561
6           1           1.376
6           2           0.642
6           3           1.155
6           4           0.604
7           1           0.791
7           2           1.107
7           3           1.217
7           4           1.022
8           1           1.335
8           2           0.937
8           3           0.594
8           4           1.467



pc(j, m) - Variable costs of producing one unit of item j on machine m. The production cost is period-independent.


1           1           2.478
1           2           2.842
1           3           4.084
1           4           10.055
2           1           2.471
2           2           3.08
2           3           4.749
2           4           5.341
3           1           2.962
3           2           3.297
3           3           3.858
3           4           5.172
4           1           1.655
4           2           1.804
4           3           2.753
4           4           6.916
5           1           1.255
5           2           1.436
5           3           4.732
5           4           10.305
6           1           2.601
6           2           1.983
6           3           5.201
6           4           8.043
7           1           1.368
7           2           1.459
7           3           4.888
7           4           9.865
8           1           1.714
8           2           3.085
8           3           4.56
8           4           8.668



pe(j, m) - Production emission for producing one unit of item j on machine m. The production emission is period-independent.


1           1           0.235
1           2           0.406
1           3           0.228
1           4           0.206
2           1           0.435
2           2           0.737
2           3           0.324
2           4           0.187
3           1           0.227
3           2           0.637
3           3           0.348
3           4           0.067
4           1           0.522
4           2           0.691
4           3           0.461
4           4           0.054
5           1           0.277
5           2           0.652
5           3           0.454
5           4           0.192
6           1           0.965
6           2           0.625
6           3           0.114
6           4           0.141
7           1           0.294
7           2           0.241
7           3           0.248
7           4           0.199
8           1           0.563
8           2           0.492
8           3           0.184
8           4           0.073



hc(j) - Inventory-holding costs for one unit of item j for one period.


1           0.215
2           0.234
3           0.119
4           0.19
5           0.199
6           0.136
7           0.164
8           0.204



st(j, m) - Setup times for producing a lot of item j on machine m. The setup times are period-independent.


1           1           18.864
1           2           8.224
1           3           19.954
1           4           6.463
2           1           13.137
2           2           5.432
2           3           13.613
2           4           18.912
3           1           16.857
3           2           11.763
3           3           13.569
3           4           10.693
4           1           16.27
4           2           15.55
4           3           15.199
4           4           9.252
5           1           11.699
5           2           12.079
5           3           12.396
5           4           12.244
6           1           13.827
6           2           18.154
6           3           18.968
6           4           8.004
7           1           14.735
7           2           8.914
7           3           13.031
7           4           12.832
8           1           14.935
8           2           14.858
8           3           14.788
8           4           15.236



se(j, m) - Setup emission for producing a lot of item j on machine m. The setup emission are period-independent.


1           1           109.681
1           2           124.114
1           3           63.147
1           4           21.704
2           1           129.504
2           2           123.429
2           3           63.077
2           4           34.424
3           1           136.188
3           2           145.819
3           3           75.251
3           4           20.165
4           1           144.055
4           2           132.501
4           3           45.11
4           4           13.855
5           1           73.936
5           2           40.831
5           3           43.655
5           4           16.274
6           1           70.983
6           2           55.419
6           3           66.593
6           4           18.834
7           1           112.039
7           2           97.563
7           3           76.367
7           4           47.389
8           1           119.343
8           2           121.553
8           3           65.298
8           4           45.541



sc(j, m) - Setup costs for producing a lot of item j on machine m. The setup costs are period-independent.


1           1           11889.5
1           2           15852.667
1           3           23779.0
1           4           47558.0
2           1           13813.8
2           2           18418.4
2           3           27627.6
2           4           55255.2
3           1           7136.033
3           2           9514.711
3           3           14272.067
3           4           28544.133
4           1           10773.0
4           2           14364.0
4           3           21546.0
4           4           43092.0
5           1           11329.733
5           2           15106.311
5           3           22659.467
5           4           45318.933
6           1           7362.133
6           2           9816.178
6           3           14724.267
6           4           29448.533
7           1           8610.0
7           2           11480.0
7           3           17220.0
7           4           34440.0
8           1           11566.8
8           2           15422.4
8           3           23133.6
8           4           46267.2



bc(m) - Fixed investment cost for machine m.


1           3369.4759959990856
2           1629.7602985962017
3           2460.7503372459037
4           7245.021790990558



ca(m, t) - The available capacity of machine m in period t.


1           1           190.8003889814815
1           2           190.8003889814815
1           3           190.8003889814815
1           4           190.8003889814815
1           5           190.8003889814815
1           6           190.8003889814815
2           1           190.8003889814815
2           2           190.8003889814815
2           3           190.8003889814815
2           4           190.8003889814815
2           5           190.8003889814815
2           6           190.8003889814815
3           1           190.8003889814815
3           2           190.8003889814815
3           3           190.8003889814815
3           4           190.8003889814815
3           5           190.8003889814815
3           6           190.8003889814815
4           1           190.8003889814815
4           2           190.8003889814815
4           3           190.8003889814815
4           4           190.8003889814815
4           5           190.8003889814815
4           6           190.8003889814815



em(t) - The limits of carbon emissions in period t.


1           698.0320141666667
2           698.0320141666667
3           698.0320141666667
4           698.0320141666667
5           698.0320141666667
6           698.0320141666667
