Information for the currently-owned machines and the machines that may be purchased: if 1, the machine can be purchased, otherwise currently-owned.


1           0.0
2           1.0
3           0.0
4           0.0



item_machine_arc(j, m) - The relationship arc between item j and machine m, i.e., machine m is capable of producing item j if item_machine_arc(j, m) = 1.


1           1           1.0
1           2           1.0
1           3           0.0
1           4           0.0
2           1           1.0
2           2           0.0
2           3           0.0
2           4           1.0
3           1           1.0
3           2           0.0
3           3           0.0
3           4           0.0
4           1           0.0
4           2           0.0
4           3           1.0
4           4           0.0
5           1           1.0
5           2           1.0
5           3           1.0
5           4           1.0
6           1           0.0
6           2           0.0
6           3           0.0
6           4           1.0
7           1           1.0
7           2           1.0
7           3           0.0
7           4           1.0
8           1           1.0
8           2           0.0
8           3           0.0
8           4           0.0



d(j, t) - Gross demand for item j in period t.


1           1           39
1           2           45
1           3           45
1           4           45
1           5           36
1           6           46
2           1           49
2           2           48
2           3           49
2           4           43
2           5           44
2           6           39
3           1           32
3           2           49
3           3           48
3           4           48
3           5           50
3           6           47
4           1           37
4           2           37
4           3           39
4           4           50
4           5           44
4           6           37
5           1           47
5           2           45
5           3           49
5           4           31
5           5           39
5           6           49
6           1           31
6           2           49
6           3           47
6           4           30
6           5           36
6           6           40
7           1           47
7           2           49
7           3           33
7           4           33
7           5           37
7           6           49
8           1           37
8           2           42
8           3           47
8           4           40
8           5           30
8           6           36



pt(j, m) - Time required to produce one unit of item j on machine m. The production time is period-independent.


1           1           1.024
1           2           0.846
1           3           0.989
1           4           0.61
2           1           0.76
2           2           0.696
2           3           1.324
2           4           1.073
3           1           1.42
3           2           1.074
3           3           1.351
3           4           0.613
4           1           0.79
4           2           0.769
4           3           1.38
4           4           1.221
5           1           0.919
5           2           1.261
5           3           1.059
5           4           0.993
6           1           0.865
6           2           1.041
6           3           1.153
6           4           1.274
7           1           1.173
7           2           1.357
7           3           1.427
7           4           1.462
8           1           1.189
8           2           1.0
8           3           0.859
8           4           1.191



pc(j, m) - Variable costs of producing one unit of item j on machine m. The production cost is period-independent.


1           1           1.016
1           2           1.659
1           3           4.386
1           4           4.443
2           1           1.562
2           2           3.814
2           3           10.692
2           4           3.237
3           1           2.777
3           2           3.384
3           3           10.879
3           4           5.2
4           1           2.889
4           2           3.837
4           3           8.253
4           4           3.414
5           1           2.705
5           2           3.686
5           3           10.815
5           4           3.22
6           1           1.05
6           2           2.371
6           3           9.11
6           4           2.254
7           1           2.612
7           2           2.272
7           3           7.972
7           4           4.19
8           1           1.507
8           2           3.688
8           3           9.184
8           4           4.93



pe(j, m) - Production emission for producing one unit of item j on machine m. The production emission is period-independent.


1           1           4.187
1           2           2.743
1           3           0.542
1           4           0.574
2           1           2.497
2           2           3.668
2           3           0.702
2           4           0.93
3           1           1.628
3           2           1.512
3           3           0.363
3           4           1.231
4           1           2.092
4           2           2.106
4           3           0.556
4           4           1.255
5           1           1.172
5           2           0.952
5           3           1.093
5           4           0.753
6           1           3.229
6           2           2.875
6           3           1.212
6           4           1.595
7           1           3.066
7           2           3.362
7           3           1.011
7           4           0.829
8           1           4.216
8           2           2.191
8           3           0.601
8           4           2.393



hc(j) - Inventory-holding costs for one unit of item j for one period.


1           0.106
2           0.174
3           0.294
4           0.159
5           0.113
6           0.159
7           0.297
8           0.199



st(j, m) - Setup times for producing a lot of item j on machine m. The setup times are period-independent.


1           1           6.609
1           2           13.894
1           3           7.528
1           4           16.869
2           1           13.293
2           2           17.983
2           3           12.968
2           4           14.215
3           1           5.948
3           2           13.085
3           3           8.853
3           4           5.336
4           1           10.123
4           2           12.666
4           3           10.196
4           4           12.403
5           1           18.758
5           2           7.561
5           3           15.027
5           4           13.242
6           1           7.717
6           2           8.381
6           3           11.209
6           4           7.199
7           1           5.528
7           2           8.695
7           3           6.771
7           4           15.517
8           1           18.511
8           2           16.988
8           3           6.456
8           4           15.91



se(j, m) - Setup emission for producing a lot of item j on machine m. The setup emission are period-independent.


1           1           67.255
1           2           46.64
1           3           17.486
1           4           62.837
2           1           50.731
2           2           60.623
2           3           25.748
2           4           62.38
3           1           151.666
3           2           125.196
3           3           13.97
3           4           57.518
4           1           182.612
4           2           133.099
4           3           46.27
4           4           50.702
5           1           94.792
5           2           73.861
5           3           24.605
5           4           34.054
6           1           129.051
6           2           109.43
6           3           13.133
6           4           54.605
7           1           140.636
7           2           69.492
7           3           13.616
7           4           81.456
8           1           54.393
8           2           133.589
8           3           43.837
8           4           29.537



sc(j, m) - Setup costs for producing a lot of item j on machine m. The setup costs are period-independent.


1           1           6331.733
1           2           8442.311
1           3           25326.933
1           4           12663.467
2           1           11043.2
2           2           14724.267
2           3           44172.8
2           4           22086.4
3           1           18796.4
3           2           25061.867
3           3           75185.6
3           4           37592.8
4           1           9052.4
4           2           12069.867
4           3           36209.6
4           4           18104.8
5           1           6855.333
5           2           9140.444
5           3           27421.333
5           4           13710.667
6           1           8644.3
6           2           11525.733
6           3           34577.2
6           4           17288.6
7           1           17186.4
7           2           22915.2
7           3           68745.6
7           4           34372.8
8           1           10772.533
8           2           14363.378
8           3           43090.133
8           4           21545.067



bc(m) - Fixed investment cost for machine m.


1           2202.287419522187
2           5662.953226052385
3           9198.896183078166
4           7762.194793042468



ca(m, t) - The available capacity of machine m in period t.


1           1           206.9264425925926
1           2           206.9264425925926
1           3           206.9264425925926
1           4           206.9264425925926
1           5           206.9264425925926
1           6           206.9264425925926
2           1           206.9264425925926
2           2           206.9264425925926
2           3           206.9264425925926
2           4           206.9264425925926
2           5           206.9264425925926
2           6           206.9264425925926
3           1           206.9264425925926
3           2           206.9264425925926
3           3           206.9264425925926
3           4           206.9264425925926
3           5           206.9264425925926
3           6           206.9264425925926
4           1           206.9264425925926
4           2           206.9264425925926
4           3           206.9264425925926
4           4           206.9264425925926
4           5           206.9264425925926
4           6           206.9264425925926



em(t) - The limits of carbon emissions in period t.


1           1368.7184000000002
2           1368.7184000000002
3           1368.7184000000002
4           1368.7184000000002
5           1368.7184000000002
6           1368.7184000000002
