Information for the currently-owned machines and the machines that may be purchased: if 1, the machine can be purchased, otherwise currently-owned.


1           1.0
2           0.0
3           0.0
4           0.0



item_machine_arc(j, m) - The relationship arc between item j and machine m, i.e., machine m is capable of producing item j if item_machine_arc(j, m) = 1.


1           1           1.0
1           2           1.0
1           3           1.0
1           4           1.0
2           1           1.0
2           2           0.0
2           3           1.0
2           4           0.0
3           1           0.0
3           2           1.0
3           3           1.0
3           4           1.0
4           1           0.0
4           2           1.0
4           3           0.0
4           4           0.0
5           1           0.0
5           2           1.0
5           3           0.0
5           4           1.0
6           1           0.0
6           2           1.0
6           3           1.0
6           4           0.0
7           1           1.0
7           2           0.0
7           3           1.0
7           4           1.0
8           1           0.0
8           2           1.0
8           3           1.0
8           4           1.0



d(j, t) - Gross demand for item j in period t.


1           1           46
1           2           35
1           3           36
1           4           35
1           5           44
1           6           42
2           1           43
2           2           33
2           3           41
2           4           38
2           5           41
2           6           41
3           1           43
3           2           32
3           3           40
3           4           35
3           5           36
3           6           35
4           1           46
4           2           37
4           3           44
4           4           42
4           5           38
4           6           31
5           1           38
5           2           37
5           3           40
5           4           50
5           5           41
5           6           31
6           1           46
6           2           33
6           3           46
6           4           44
6           5           37
6           6           30
7           1           42
7           2           36
7           3           48
7           4           35
7           5           32
7           6           33
8           1           39
8           2           45
8           3           30
8           4           43
8           5           48
8           6           38



pt(j, m) - Time required to produce one unit of item j on machine m. The production time is period-independent.


1           1           0.749
1           2           0.513
1           3           0.557
1           4           1.007
2           1           0.577
2           2           0.711
2           3           1.211
2           4           0.58
3           1           1.244
3           2           0.952
3           3           0.657
3           4           0.551
4           1           0.94
4           2           0.749
4           3           0.581
4           4           1.249
5           1           1.28
5           2           1.407
5           3           1.109
5           4           1.281
6           1           1.315
6           2           1.409
6           3           1.457
6           4           0.684
7           1           1.358
7           2           1.126
7           3           0.537
7           4           1.495
8           1           0.505
8           2           1.49
8           3           0.873
8           4           0.657



pc(j, m) - Variable costs of producing one unit of item j on machine m. The production cost is period-independent.


1           1           5.967
1           2           1.015
1           3           2.776
1           4           10.26
2           1           3.011
2           2           2.028
2           3           3.69
2           4           4.171
3           1           3.603
3           2           2.618
3           3           1.337
3           4           11.91
4           1           3.794
4           2           1.356
4           3           3.731
4           4           9.189
5           1           4.147
5           2           2.427
5           3           3.729
5           4           4.423
6           1           4.253
6           2           2.414
6           3           1.827
6           4           11.379
7           1           3.697
7           2           2.342
7           3           1.385
7           4           7.188
8           1           4.595
8           2           1.813
8           3           2.601
8           4           9.917



pe(j, m) - Production emission for producing one unit of item j on machine m. The production emission is period-independent.


1           1           0.279
1           2           0.395
1           3           0.635
1           4           0.17
2           1           0.155
2           2           0.227
2           3           0.223
2           4           0.198
3           1           0.217
3           2           0.639
3           3           0.579
3           4           0.141
4           1           0.428
4           2           0.281
4           3           0.459
4           4           0.134
5           1           0.439
5           2           0.253
5           3           0.304
5           4           0.201
6           1           0.23
6           2           0.732
6           3           0.582
6           4           0.155
7           1           0.441
7           2           0.808
7           3           0.391
7           4           0.181
8           1           0.144
8           2           0.929
8           3           0.158
8           4           0.221



hc(j) - Inventory-holding costs for one unit of item j for one period.


1           0.238
2           0.251
3           0.257
4           0.289
5           0.208
6           0.258
7           0.133
8           0.211



st(j, m) - Setup times for producing a lot of item j on machine m. The setup times are period-independent.


1           1           53.809
1           2           33.498
1           3           74.316
1           4           33.107
2           1           60.452
2           2           89.192
2           3           56.975
2           4           58.898
3           1           51.674
3           2           62.522
3           3           88.308
3           4           29.3
4           1           96.169
4           2           44.48
4           3           68.878
4           4           39.347
5           1           64.035
5           2           45.063
5           3           55.698
5           4           59.667
6           1           52.267
6           2           78.247
6           3           27.55
6           4           66.418
7           1           93.033
7           2           48.893
7           3           75.3
7           4           97.611
8           1           28.595
8           2           63.445
8           3           81.419
8           4           59.669



se(j, m) - Setup emission for producing a lot of item j on machine m. The setup emission are period-independent.


1           1           5.364
1           2           23.8
1           3           9.002
1           4           6.425
2           1           18.675
2           2           33.146
2           3           9.36
2           4           3.171
3           1           14.664
3           2           15.875
3           3           16.426
3           4           5.212
4           1           15.729
4           2           33.383
4           3           8.388
4           4           9.023
5           1           6.689
5           2           13.49
5           3           27.82
5           4           8.251
6           1           6.032
6           2           13.045
6           3           13.263
6           4           5.757
7           1           10.68
7           2           23.726
7           3           9.204
7           4           6.848
8           1           13.86
8           2           18.682
8           3           16.267
8           4           8.383



sc(j, m) - Setup costs for producing a lot of item j on machine m. The setup costs are period-independent.


1           1           26433.867
1           2           13216.933
1           3           17622.578
1           4           52867.733
2           1           27760.6
2           2           13880.3
2           3           18507.067
2           4           55521.2
3           1           26505.267
3           2           13252.633
3           3           17670.178
3           4           53010.533
4           1           32098.267
4           2           16049.133
4           3           21398.844
4           4           64196.533
5           1           23004.8
5           2           11502.4
5           3           15336.533
5           4           46009.6
6           1           28414.4
6           2           14207.2
6           3           18942.933
6           4           56828.8
7           1           14027.067
7           2           7013.533
7           3           9351.378
7           4           28054.133
8           1           23927.4
8           2           11963.7
8           3           15951.6
8           4           47854.8



bc(m) - Fixed investment cost for machine m.


1           3525.260665565907
2           2230.8232601593645
3           4714.8328744478695
4           9439.749582013632



ca(m, t) - The available capacity of machine m in period t.


1           1           256.3671055555555
1           2           256.3671055555555
1           3           256.3671055555555
1           4           256.3671055555555
1           5           256.3671055555555
1           6           256.3671055555555
2           1           256.3671055555555
2           2           256.3671055555555
2           3           256.3671055555555
2           4           256.3671055555555
2           5           256.3671055555555
2           6           256.3671055555555
3           1           256.3671055555555
3           2           256.3671055555555
3           3           256.3671055555555
3           4           256.3671055555555
3           5           256.3671055555555
3           6           256.3671055555555
4           1           256.3671055555555
4           2           256.3671055555555
4           3           256.3671055555555
4           4           256.3671055555555
4           5           256.3671055555555
4           6           256.3671055555555



em(t) - The limits of carbon emissions in period t.


1           268.5224636111111
2           268.5224636111111
3           268.5224636111111
4           268.5224636111111
5           268.5224636111111
6           268.5224636111111
