Information for the currently-owned machines and the machines that may be purchased: if 1, the machine can be purchased, otherwise currently-owned.


1           1.0
2           0.0
3           0.0
4           0.0



item_machine_arc(j, m) - The relationship arc between item j and machine m, i.e., machine m is capable of producing item j if item_machine_arc(j, m) = 1.


1           1           1.0
1           2           1.0
1           3           1.0
1           4           0.0
2           1           1.0
2           2           0.0
2           3           1.0
2           4           0.0
3           1           1.0
3           2           1.0
3           3           1.0
3           4           1.0
4           1           1.0
4           2           0.0
4           3           0.0
4           4           0.0
5           1           1.0
5           2           1.0
5           3           1.0
5           4           0.0
6           1           1.0
6           2           0.0
6           3           0.0
6           4           1.0
7           1           1.0
7           2           1.0
7           3           0.0
7           4           1.0
8           1           1.0
8           2           0.0
8           3           1.0
8           4           0.0



d(j, t) - Gross demand for item j in period t.


1           1           36
1           2           33
1           3           48
1           4           32
1           5           32
1           6           47
2           1           50
2           2           45
2           3           38
2           4           47
2           5           37
2           6           45
3           1           47
3           2           33
3           3           33
3           4           42
3           5           33
3           6           41
4           1           31
4           2           34
4           3           30
4           4           47
4           5           43
4           6           41
5           1           39
5           2           39
5           3           49
5           4           46
5           5           45
5           6           36
6           1           42
6           2           34
6           3           40
6           4           41
6           5           32
6           6           48
7           1           37
7           2           33
7           3           35
7           4           46
7           5           47
7           6           44
8           1           44
8           2           47
8           3           31
8           4           47
8           5           30
8           6           42



pt(j, m) - Time required to produce one unit of item j on machine m. The production time is period-independent.


1           1           1.176
1           2           1.195
1           3           0.685
1           4           1.251
2           1           0.515
2           2           1.223
2           3           0.692
2           4           1.261
3           1           1.038
3           2           0.973
3           3           0.768
3           4           1.288
4           1           1.104
4           2           1.445
4           3           1.059
4           4           1.43
5           1           1.485
5           2           1.318
5           3           1.171
5           4           0.651
6           1           1.406
6           2           1.481
6           3           0.631
6           4           0.857
7           1           1.456
7           2           0.512
7           3           1.436
7           4           0.546
8           1           1.022
8           2           0.884
8           3           1.044
8           4           1.409



pc(j, m) - Variable costs of producing one unit of item j on machine m. The production cost is period-independent.


1           1           2.287
1           2           1.473
1           3           8.023
1           4           1.552
2           1           4.728
2           2           2.738
2           3           9.442
2           4           2.709
3           1           5.802
3           2           1.377
3           3           10.179
3           4           3.664
4           1           5.178
4           2           1.521
4           3           6.311
4           4           2.49
5           1           2.702
5           2           2.56
5           3           10.659
5           4           2.694
6           1           4.724
6           2           2.589
6           3           5.408
6           4           1.88
7           1           2.255
7           2           2.406
7           3           4.768
7           4           1.433
8           1           3.25
8           2           1.117
8           3           7.42
8           4           1.488



pe(j, m) - Production emission for producing one unit of item j on machine m. The production emission is period-independent.


1           1           0.103
1           2           0.25
1           3           0.062
1           4           0.557
2           1           0.179
2           2           0.398
2           3           0.106
2           4           0.392
3           1           0.116
3           2           0.552
3           3           0.094
3           4           0.633
4           1           0.329
4           2           0.682
4           3           0.183
4           4           0.393
5           1           0.289
5           2           0.674
5           3           0.085
5           4           0.314
6           1           0.316
6           2           0.849
6           3           0.05
6           4           0.166
7           1           0.232
7           2           0.885
7           3           0.086
7           4           0.166
8           1           0.348
8           2           0.986
8           3           0.151
8           4           0.653



hc(j) - Inventory-holding costs for one unit of item j for one period.


1           0.143
2           0.191
3           0.127
4           0.262
5           0.185
6           0.141
7           0.116
8           0.243



st(j, m) - Setup times for producing a lot of item j on machine m. The setup times are period-independent.


1           1           16.742
1           2           13.59
1           3           10.257
1           4           6.03
2           1           6.261
2           2           6.113
2           3           6.837
2           4           8.082
3           1           5.629
3           2           18.57
3           3           10.137
3           4           5.591
4           1           16.793
4           2           15.259
4           3           10.963
4           4           15.438
5           1           8.123
5           2           18.949
5           3           14.118
5           4           12.928
6           1           12.692
6           2           12.267
6           3           13.917
6           4           7.565
7           1           9.782
7           2           18.054
7           3           19.004
7           4           7.687
8           1           15.999
8           2           16.616
8           3           9.848
8           4           10.331



se(j, m) - Setup emission for producing a lot of item j on machine m. The setup emission are period-independent.


1           1           47.196
1           2           195.149
1           3           30.733
1           4           149.751
2           1           26.051
2           2           184.206
2           3           27.317
2           4           54.168
3           1           51.425
3           2           176.599
3           3           16.143
3           4           47.178
4           1           76.159
4           2           88.571
4           3           36.965
4           4           100.06
5           1           57.414
5           2           178.153
5           3           32.165
5           4           55.904
6           1           75.812
6           2           176.597
6           3           34.547
6           4           107.853
7           1           54.824
7           2           149.923
7           3           21.091
7           4           54.436
8           1           90.456
8           2           100.096
8           3           18.959
8           4           127.076



sc(j, m) - Setup costs for producing a lot of item j on machine m. The setup costs are period-independent.


1           1           16736.72
1           2           8368.36
1           3           33473.44
1           4           11157.813
2           1           25688.227
2           2           12844.113
2           3           51376.453
2           4           17125.484
3           1           14929.273
3           2           7464.637
3           3           29858.547
3           4           9952.849
4           1           30395.493
4           2           15197.747
4           3           60790.987
4           4           20263.662
5           1           24121.533
5           2           12060.767
5           3           48243.067
5           4           16081.022
6           1           17154.06
6           2           8577.03
6           3           34308.12
6           4           11436.04
7           1           14410.293
7           2           7205.147
7           3           28820.587
7           4           9606.862
8           1           30062.34
8           2           15031.17
8           3           60124.68
8           4           20041.56



bc(m) - Fixed investment cost for machine m.


1           9783.863385583933
2           4322.325638568981
3           425.2103481347702
4           2039.768487385559



ca(m, t) - The available capacity of machine m in period t.


1           1           189.5502012962963
1           2           189.5502012962963
1           3           189.5502012962963
1           4           189.5502012962963
1           5           189.5502012962963
1           6           189.5502012962963
2           1           189.5502012962963
2           2           189.5502012962963
2           3           189.5502012962963
2           4           189.5502012962963
2           5           189.5502012962963
2           6           189.5502012962963
3           1           189.5502012962963
3           2           189.5502012962963
3           3           189.5502012962963
3           4           189.5502012962963
3           5           189.5502012962963
3           6           189.5502012962963
4           1           189.5502012962963
4           2           189.5502012962963
4           3           189.5502012962963
4           4           189.5502012962963
4           5           189.5502012962963
4           6           189.5502012962963



em(t) - The limits of carbon emissions in period t.


1           590.1321066666666
2           590.1321066666666
3           590.1321066666666
4           590.1321066666666
5           590.1321066666666
6           590.1321066666666
