Information for the currently-owned machines and the machines that may be purchased: if 1, the machine can be purchased, otherwise currently-owned.


1           0.0
2           0.0
3           0.0
4           1.0



item_machine_arc(j, m) - The relationship arc between item j and machine m, i.e., machine m is capable of producing item j if item_machine_arc(j, m) = 1.


1           1           0.0
1           2           1.0
1           3           0.0
1           4           1.0
2           1           1.0
2           2           1.0
2           3           1.0
2           4           0.0
3           1           0.0
3           2           1.0
3           3           1.0
3           4           1.0
4           1           0.0
4           2           0.0
4           3           1.0
4           4           0.0
5           1           0.0
5           2           0.0
5           3           1.0
5           4           0.0
6           1           0.0
6           2           0.0
6           3           1.0
6           4           1.0
7           1           0.0
7           2           1.0
7           3           0.0
7           4           1.0
8           1           1.0
8           2           1.0
8           3           0.0
8           4           0.0



d(j, t) - Gross demand for item j in period t.


1           1           45
1           2           37
1           3           35
1           4           33
1           5           39
1           6           32
2           1           32
2           2           32
2           3           40
2           4           47
2           5           39
2           6           31
3           1           32
3           2           40
3           3           40
3           4           49
3           5           41
3           6           36
4           1           48
4           2           42
4           3           33
4           4           42
4           5           43
4           6           40
5           1           30
5           2           48
5           3           48
5           4           50
5           5           34
5           6           33
6           1           32
6           2           37
6           3           33
6           4           49
6           5           32
6           6           43
7           1           43
7           2           47
7           3           38
7           4           35
7           5           49
7           6           45
8           1           41
8           2           47
8           3           34
8           4           45
8           5           45
8           6           47



pt(j, m) - Time required to produce one unit of item j on machine m. The production time is period-independent.


1           1           0.934
1           2           1.429
1           3           1.263
1           4           0.81
2           1           1.327
2           2           1.137
2           3           0.931
2           4           1.403
3           1           0.526
3           2           1.499
3           3           0.826
3           4           1.483
4           1           0.624
4           2           1.019
4           3           1.213
4           4           0.63
5           1           0.802
5           2           0.925
5           3           0.807
5           4           0.517
6           1           1.201
6           2           0.905
6           3           1.492
6           4           1.375
7           1           0.718
7           2           1.478
7           3           1.249
7           4           0.774
8           1           0.75
8           2           0.693
8           3           1.261
8           4           1.162



pc(j, m) - Variable costs of producing one unit of item j on machine m. The production cost is period-independent.


1           1           4.723
1           2           2.654
1           3           2.876
1           4           3.047
2           1           6.91
2           2           3.874
2           3           1.858
2           4           2.213
3           1           7.587
3           2           4.862
3           3           1.937
3           4           3.574
4           1           7.398
4           2           5.804
4           3           2.949
4           4           1.391
5           1           4.821
5           2           5.387
5           3           2.847
5           4           3.526
6           1           8.16
6           2           5.348
6           3           1.901
6           4           3.149
7           1           5.182
7           2           4.465
7           3           2.151
7           4           2.181
8           1           5.617
8           2           4.357
8           3           2.903
8           4           3.429



pe(j, m) - Production emission for producing one unit of item j on machine m. The production emission is period-independent.


1           1           0.069
1           2           0.189
1           3           0.865
1           4           0.412
2           1           0.21
2           2           0.109
2           3           0.557
2           4           0.212
3           1           0.12
3           2           0.474
3           3           0.917
3           4           0.638
4           1           0.176
4           2           0.393
4           3           0.342
4           4           0.649
5           1           0.134
5           2           0.235
5           3           0.459
5           4           0.353
6           1           0.234
6           2           0.393
6           3           0.284
6           4           0.645
7           1           0.134
7           2           0.319
7           3           0.847
7           4           0.391
8           1           0.056
8           2           0.498
8           3           0.287
8           4           0.651



hc(j) - Inventory-holding costs for one unit of item j for one period.


1           0.188
2           0.149
3           0.282
4           0.177
5           0.107
6           0.137
7           0.218
8           0.28



st(j, m) - Setup times for producing a lot of item j on machine m. The setup times are period-independent.


1           1           60.879
1           2           82.258
1           3           86.556
1           4           71.64
2           1           88.779
2           2           75.883
2           3           54.941
2           4           52.401
3           1           56.007
3           2           69.904
3           3           39.697
3           4           88.169
4           1           45.906
4           2           43.794
4           3           29.129
4           4           26.034
5           1           87.101
5           2           52.934
5           3           91.627
5           4           30.266
6           1           46.486
6           2           48.247
6           3           51.691
6           4           36.449
7           1           93.734
7           2           88.761
7           3           66.562
7           4           43.695
8           1           95.929
8           2           30.716
8           3           52.016
8           4           50.59



se(j, m) - Setup emission for producing a lot of item j on machine m. The setup emission are period-independent.


1           1           5.269
1           2           17.343
1           3           22.693
1           4           27.531
2           1           2.525
2           2           7.775
2           3           36.594
2           4           18.618
3           1           9.776
3           2           7.18
3           3           34.395
3           4           26.297
4           1           5.979
4           2           8.741
4           3           38.089
4           4           21.648
5           1           4.507
5           2           8.441
5           3           10.665
5           4           17.156
6           1           9.335
6           2           9.145
6           3           18.351
6           4           28.208
7           1           4.999
7           2           9.239
7           3           22.925
7           4           10.737
8           1           7.202
8           2           13.812
8           3           25.474
8           4           16.19



sc(j, m) - Setup costs for producing a lot of item j on machine m. The setup costs are period-independent.


1           1           38778.133
1           2           19389.067
1           3           9694.533
1           4           12926.044
2           1           30733.733
2           2           15366.867
2           3           7683.433
2           4           10244.578
3           1           62641.6
3           2           31320.8
3           3           15660.4
3           4           20880.533
4           1           40969.6
4           2           20484.8
4           3           10242.4
4           4           13656.533
5           1           24267.6
5           2           12133.8
5           3           6066.9
5           4           8089.2
6           1           28897.867
6           2           14448.933
6           3           7224.467
6           4           9632.622
7           1           52290.933
7           2           26145.467
7           3           13072.733
7           4           17430.311
8           1           67685.333
8           2           33842.667
8           3           16921.333
8           4           22561.778



bc(m) - Fixed investment cost for machine m.


1           10778.235012810837
2           3522.765060431108
3           329.7922840916817
4           4289.908922211817



ca(m, t) - The available capacity of machine m in period t.


1           1           310.40455314814824
1           2           310.40455314814824
1           3           310.40455314814824
1           4           310.40455314814824
1           5           310.40455314814824
1           6           310.40455314814824
2           1           310.40455314814824
2           2           310.40455314814824
2           3           310.40455314814824
2           4           310.40455314814824
2           5           310.40455314814824
2           6           310.40455314814824
3           1           310.40455314814824
3           2           310.40455314814824
3           3           310.40455314814824
3           4           310.40455314814824
3           5           310.40455314814824
3           6           310.40455314814824
4           1           310.40455314814824
4           2           310.40455314814824
4           3           310.40455314814824
4           4           310.40455314814824
4           5           310.40455314814824
4           6           310.40455314814824



em(t) - The limits of carbon emissions in period t.


1           312.0759522222222
2           312.0759522222222
3           312.0759522222222
4           312.0759522222222
5           312.0759522222222
6           312.0759522222222
