Information for the currently-owned machines and the machines that may be purchased: if 1, the machine can be purchased, otherwise currently-owned.


1           0.0
2           0.0
3           1.0
4           0.0



item_machine_arc(j, m) - The relationship arc between item j and machine m, i.e., machine m is capable of producing item j if item_machine_arc(j, m) = 1.


1           1           1.0
1           2           0.0
1           3           0.0
1           4           0.0
2           1           1.0
2           2           1.0
2           3           1.0
2           4           1.0
3           1           1.0
3           2           0.0
3           3           0.0
3           4           1.0
4           1           1.0
4           2           1.0
4           3           1.0
4           4           1.0
5           1           1.0
5           2           1.0
5           3           1.0
5           4           1.0
6           1           1.0
6           2           1.0
6           3           0.0
6           4           1.0
7           1           0.0
7           2           1.0
7           3           0.0
7           4           0.0
8           1           0.0
8           2           1.0
8           3           0.0
8           4           0.0



d(j, t) - Gross demand for item j in period t.


1           1           37
1           2           44
1           3           40
1           4           50
1           5           30
1           6           42
2           1           43
2           2           44
2           3           30
2           4           37
2           5           45
2           6           30
3           1           34
3           2           49
3           3           49
3           4           49
3           5           45
3           6           49
4           1           45
4           2           43
4           3           40
4           4           33
4           5           41
4           6           36
5           1           31
5           2           30
5           3           49
5           4           47
5           5           43
5           6           43
6           1           50
6           2           34
6           3           47
6           4           48
6           5           41
6           6           42
7           1           30
7           2           32
7           3           41
7           4           37
7           5           49
7           6           50
8           1           41
8           2           45
8           3           33
8           4           43
8           5           48
8           6           33



pt(j, m) - Time required to produce one unit of item j on machine m. The production time is period-independent.


1           1           0.804
1           2           1.219
1           3           1.272
1           4           1.272
2           1           0.997
2           2           1.176
2           3           0.832
2           4           0.592
3           1           0.574
3           2           0.541
3           3           0.522
3           4           1.321
4           1           1.348
4           2           1.261
4           3           1.466
4           4           0.986
5           1           0.617
5           2           0.846
5           3           1.422
5           4           1.351
6           1           1.247
6           2           0.821
6           3           1.47
6           4           1.457
7           1           0.655
7           2           0.597
7           3           0.997
7           4           1.006
8           1           0.528
8           2           0.923
8           3           1.054
8           4           0.518



pc(j, m) - Variable costs of producing one unit of item j on machine m. The production cost is period-independent.


1           1           2.006
1           2           6.356
1           3           2.947
1           4           1.994
2           1           1.121
2           2           8.218
2           3           2.278
2           4           3.518
3           1           1.208
3           2           6.356
3           3           5.482
3           4           2.938
4           1           1.488
4           2           4.01
4           3           5.534
4           4           2.868
5           1           1.113
5           2           4.618
5           3           4.888
5           4           1.966
6           1           2.032
6           2           6.387
6           3           4.335
6           4           3.891
7           1           2.933
7           2           8.007
7           3           3.966
7           4           1.782
8           1           1.116
8           2           6.31
8           3           4.682
8           4           3.138



pe(j, m) - Production emission for producing one unit of item j on machine m. The production emission is period-independent.


1           1           0.772
1           2           0.091
1           3           0.317
1           4           0.65
2           1           0.881
2           2           0.228
2           3           0.119
2           4           0.439
3           1           0.27
3           2           0.177
3           3           0.122
3           4           0.458
4           1           0.56
4           2           0.217
4           3           0.485
4           4           0.276
5           1           0.736
5           2           0.115
5           3           0.126
5           4           0.217
6           1           0.319
6           2           0.188
6           3           0.419
6           4           0.733
7           1           0.277
7           2           0.216
7           3           0.347
7           4           0.16
8           1           0.225
8           2           0.232
8           3           0.337
8           4           0.242



hc(j) - Inventory-holding costs for one unit of item j for one period.


1           0.255
2           0.256
3           0.124
4           0.195
5           0.13
6           0.272
7           0.139
8           0.214



st(j, m) - Setup times for producing a lot of item j on machine m. The setup times are period-independent.


1           1           65.47
1           2           76.041
1           3           36.047
1           4           94.916
2           1           30.67
2           2           63.463
2           3           77.068
2           4           60.864
3           1           51.848
3           2           55.313
3           3           57.37
3           4           33.891
4           1           83.78
4           2           37.155
4           3           65.101
4           4           90.585
5           1           77.332
5           2           50.724
5           3           56.962
5           4           69.474
6           1           49.554
6           2           55.406
6           3           43.702
6           4           67.13
7           1           53.101
7           2           62.087
7           3           59.994
7           4           52.202
8           1           44.113
8           2           75.814
8           3           29.495
8           4           88.619



se(j, m) - Setup emission for producing a lot of item j on machine m. The setup emission are period-independent.


1           1           23.718
1           2           7.896
1           3           5.343
1           4           14.089
2           1           11.522
2           2           4.478
2           3           7.019
2           4           21.323
3           1           24.762
3           2           3.995
3           3           14.002
3           4           28.096
4           1           10.322
4           2           5.951
4           3           17.242
4           4           23.769
5           1           37.31
5           2           9.78
5           3           16.734
5           4           20.16
6           1           29.094
6           2           3.908
6           3           18.618
6           4           15.877
7           1           13.92
7           2           4.257
7           3           12.488
7           4           15.863
8           1           12.467
8           2           5.319
8           3           18.577
8           4           10.869



sc(j, m) - Setup costs for producing a lot of item j on machine m. The setup costs are period-independent.


1           1           15904.35
1           2           63617.4
1           3           31808.7
1           4           21205.8
2           1           15046.827
2           2           60187.307
2           3           30093.653
2           4           20062.436
3           1           8752.333
3           2           35009.333
3           3           17504.667
3           4           11669.778
4           1           11911.9
4           2           47647.6
4           3           23823.8
4           4           15882.533
5           1           8108.1
5           2           32432.4
5           3           16216.2
5           4           10810.8
6           1           18291.093
6           2           73164.373
6           3           36582.187
6           4           24388.124
7           1           8526.723
7           2           34106.893
7           3           17053.447
7           4           11368.964
8           1           13347.18
8           2           53388.72
8           3           26694.36
8           4           17796.24



bc(m) - Fixed investment cost for machine m.


1           3663.5667537773065
2           8055.980302079899
3           2296.3377816521747
4           6539.57359281901



ca(m, t) - The available capacity of machine m in period t.


1           1           262.76026388888886
1           2           262.76026388888886
1           3           262.76026388888886
1           4           262.76026388888886
1           5           262.76026388888886
1           6           262.76026388888886
2           1           262.76026388888886
2           2           262.76026388888886
2           3           262.76026388888886
2           4           262.76026388888886
2           5           262.76026388888886
2           6           262.76026388888886
3           1           262.76026388888886
3           2           262.76026388888886
3           3           262.76026388888886
3           4           262.76026388888886
3           5           262.76026388888886
3           6           262.76026388888886
4           1           262.76026388888886
4           2           262.76026388888886
4           3           262.76026388888886
4           4           262.76026388888886
4           5           262.76026388888886
4           6           262.76026388888886



em(t) - The limits of carbon emissions in period t.


1           263.8363194444445
2           263.8363194444445
3           263.8363194444445
4           263.8363194444445
5           263.8363194444445
6           263.8363194444445
