Information for the currently-owned machines and the machines that may be purchased: if 1, the machine can be purchased, otherwise currently-owned.


1           0.0
2           0.0
3           1.0
4           0.0



item_machine_arc(j, m) - The relationship arc between item j and machine m, i.e., machine m is capable of producing item j if item_machine_arc(j, m) = 1.


1           1           1.0
1           2           1.0
1           3           1.0
1           4           0.0
2           1           0.0
2           2           1.0
2           3           0.0
2           4           1.0
3           1           1.0
3           2           1.0
3           3           1.0
3           4           1.0
4           1           1.0
4           2           1.0
4           3           0.0
4           4           1.0
5           1           1.0
5           2           1.0
5           3           1.0
5           4           1.0
6           1           1.0
6           2           1.0
6           3           1.0
6           4           0.0
7           1           0.0
7           2           0.0
7           3           0.0
7           4           1.0
8           1           0.0
8           2           0.0
8           3           1.0
8           4           1.0



d(j, t) - Gross demand for item j in period t.


1           1           37
1           2           42
1           3           34
1           4           46
1           5           50
1           6           42
2           1           33
2           2           43
2           3           38
2           4           36
2           5           33
2           6           42
3           1           40
3           2           30
3           3           46
3           4           49
3           5           32
3           6           48
4           1           38
4           2           32
4           3           34
4           4           34
4           5           41
4           6           46
5           1           48
5           2           40
5           3           42
5           4           48
5           5           47
5           6           36
6           1           38
6           2           38
6           3           42
6           4           43
6           5           31
6           6           36
7           1           40
7           2           50
7           3           43
7           4           31
7           5           32
7           6           38
8           1           49
8           2           38
8           3           42
8           4           41
8           5           32
8           6           36



pt(j, m) - Time required to produce one unit of item j on machine m. The production time is period-independent.


1           1           1.309
1           2           0.712
1           3           1.209
1           4           1.144
2           1           1.425
2           2           1.435
2           3           1.298
2           4           1.346
3           1           1.499
3           2           1.125
3           3           1.239
3           4           0.718
4           1           1.453
4           2           1.059
4           3           1.174
4           4           0.824
5           1           1.454
5           2           1.492
5           3           1.316
5           4           1.32
6           1           0.52
6           2           0.728
6           3           1.296
6           4           1.105
7           1           1.429
7           2           0.515
7           3           0.845
7           4           0.637
8           1           0.86
8           2           0.964
8           3           0.71
8           4           0.514



pc(j, m) - Variable costs of producing one unit of item j on machine m. The production cost is period-independent.


1           1           1.52
1           2           9.601
1           3           1.025
1           4           4.992
2           1           3.909
2           2           9.887
2           3           2.251
2           4           3.124
3           1           2.559
3           2           6.731
3           3           1.264
3           4           2.892
4           1           2.023
4           2           7.44
4           3           2.294
4           4           3.358
5           1           1.472
5           2           11.701
5           3           1.671
5           4           2.162
6           1           1.665
6           2           6.896
6           3           2.318
6           4           3.965
7           1           1.435
7           2           8.208
7           3           2.652
7           4           3.653
8           1           1.623
8           2           10.314
8           3           2.415
8           4           4.119



pe(j, m) - Production emission for producing one unit of item j on machine m. The production emission is period-independent.


1           1           2.265
1           2           0.646
1           3           4.395
1           4           0.815
2           1           2.127
2           2           0.55
2           3           3.947
2           4           1.921
3           1           1.753
3           2           0.954
3           3           4.648
3           4           2.494
4           1           1.971
4           2           0.99
4           3           2.854
4           4           1.339
5           1           1.508
5           2           1.232
5           3           1.125
5           4           0.73
6           1           1.731
6           2           1.207
6           3           4.745
6           4           0.625
7           1           2.263
7           2           0.369
7           3           3.702
7           4           2.051
8           1           3.446
8           2           1.131
8           3           2.483
8           4           2.117



hc(j) - Inventory-holding costs for one unit of item j for one period.


1           0.107
2           0.234
3           0.171
4           0.171
5           0.197
6           0.28
7           0.272
8           0.199



st(j, m) - Setup times for producing a lot of item j on machine m. The setup times are period-independent.


1           1           34.32
1           2           57.916
1           3           31.156
1           4           71.461
2           1           77.443
2           2           53.912
2           3           89.205
2           4           58.294
3           1           98.296
3           2           50.119
3           3           81.999
3           4           57.574
4           1           47.742
4           2           31.37
4           3           88.892
4           4           62.03
5           1           49.726
5           2           68.523
5           3           32.345
5           4           26.015
6           1           27.208
6           2           28.855
6           3           64.932
6           4           49.546
7           1           80.529
7           2           25.996
7           3           76.449
7           4           58.623
8           1           88.257
8           2           50.353
8           3           66.71
8           4           99.137



se(j, m) - Setup emission for producing a lot of item j on machine m. The setup emission are period-independent.


1           1           78.612
1           2           48.086
1           3           88.592
1           4           43.038
2           1           125.943
2           2           46.658
2           3           168.802
2           4           79.917
3           1           99.747
3           2           20.262
3           3           132.024
3           4           98.9
4           1           67.822
4           2           36.797
4           3           172.876
4           4           79.597
5           1           122.95
5           2           39.232
5           3           114.301
5           4           57.506
6           1           137.281
6           2           30.936
6           3           52.385
6           4           90.588
7           1           65.364
7           2           42.336
7           3           186.162
7           4           90.952
8           1           58.249
8           2           25.244
8           3           67.077
8           4           34.739



sc(j, m) - Setup costs for producing a lot of item j on machine m. The setup costs are period-independent.


1           1           8355.511
1           2           25066.533
1           3           6266.633
1           4           12533.267
2           1           16380.0
2           2           49140.0
2           3           12285.0
2           4           24570.0
3           1           13034.0
3           2           39102.0
3           3           9775.5
3           4           19551.0
4           1           11970.0
4           2           35910.0
4           3           8977.5
4           4           17955.0
5           1           15996.4
5           2           47989.2
5           3           11997.3
5           4           23994.6
6           1           19861.333
6           2           59584.0
6           3           14896.0
6           4           29792.0
7           1           19801.6
7           2           59404.8
7           3           14851.2
7           4           29702.4
8           1           14734.844
8           2           44204.533
8           3           11051.133
8           4           22102.267



bc(m) - Fixed investment cost for machine m.


1           2548.183944574792
2           13262.166970679933
3           3299.6107679257043
4           1560.6158605563924



ca(m, t) - The available capacity of machine m in period t.


1           1           281.74307129629625
1           2           281.74307129629625
1           3           281.74307129629625
1           4           281.74307129629625
1           5           281.74307129629625
1           6           281.74307129629625
2           1           281.74307129629625
2           2           281.74307129629625
2           3           281.74307129629625
2           4           281.74307129629625
2           5           281.74307129629625
2           6           281.74307129629625
3           1           281.74307129629625
3           2           281.74307129629625
3           3           281.74307129629625
3           4           281.74307129629625
3           5           281.74307129629625
3           6           281.74307129629625
4           1           281.74307129629625
4           2           281.74307129629625
4           3           281.74307129629625
4           4           281.74307129629625
4           5           281.74307129629625
4           6           281.74307129629625



em(t) - The limits of carbon emissions in period t.


1           1405.330892777778
2           1405.330892777778
3           1405.330892777778
4           1405.330892777778
5           1405.330892777778
6           1405.330892777778
