Information for the currently-owned machines and the machines that may be purchased: if 1, the machine can be purchased, otherwise currently-owned.


1           1.0
2           0.0
3           0.0
4           0.0



item_machine_arc(j, m) - The relationship arc between item j and machine m, i.e., machine m is capable of producing item j if item_machine_arc(j, m) = 1.


1           1           1.0
1           2           0.0
1           3           0.0
1           4           0.0
2           1           1.0
2           2           0.0
2           3           1.0
2           4           1.0
3           1           0.0
3           2           0.0
3           3           1.0
3           4           0.0
4           1           0.0
4           2           0.0
4           3           1.0
4           4           0.0
5           1           0.0
5           2           0.0
5           3           1.0
5           4           0.0
6           1           1.0
6           2           1.0
6           3           1.0
6           4           1.0
7           1           1.0
7           2           1.0
7           3           0.0
7           4           1.0
8           1           0.0
8           2           1.0
8           3           0.0
8           4           1.0



d(j, t) - Gross demand for item j in period t.


1           1           42
1           2           31
1           3           35
1           4           30
1           5           33
1           6           38
2           1           36
2           2           48
2           3           34
2           4           33
2           5           39
2           6           37
3           1           37
3           2           36
3           3           32
3           4           42
3           5           30
3           6           48
4           1           32
4           2           40
4           3           38
4           4           32
4           5           37
4           6           47
5           1           43
5           2           48
5           3           39
5           4           43
5           5           44
5           6           34
6           1           40
6           2           42
6           3           36
6           4           41
6           5           37
6           6           33
7           1           35
7           2           33
7           3           46
7           4           33
7           5           43
7           6           44
8           1           33
8           2           34
8           3           46
8           4           44
8           5           36
8           6           30



pt(j, m) - Time required to produce one unit of item j on machine m. The production time is period-independent.


1           1           1.374
1           2           1.029
1           3           1.306
1           4           1.084
2           1           0.898
2           2           1.442
2           3           1.266
2           4           0.777
3           1           1.007
3           2           0.843
3           3           0.74
3           4           0.617
4           1           1.047
4           2           0.995
4           3           0.71
4           4           0.812
5           1           1.23
5           2           0.727
5           3           1.318
5           4           1.457
6           1           0.557
6           2           0.805
6           3           0.605
6           4           0.834
7           1           1.315
7           2           1.02
7           3           1.389
7           4           1.021
8           1           0.555
8           2           0.801
8           3           0.67
8           4           1.253



pc(j, m) - Variable costs of producing one unit of item j on machine m. The production cost is period-independent.


1           1           3.638
1           2           9.89
1           3           3.0
1           4           1.501
2           1           1.406
2           2           4.776
2           3           5.419
2           4           2.15
3           1           1.707
3           2           11.281
3           3           2.811
3           4           2.469
4           1           3.972
4           2           10.526
4           3           3.977
4           4           1.009
5           1           3.654
5           2           7.122
5           3           4.101
5           4           2.936
6           1           2.871
6           2           6.301
6           3           2.331
6           4           1.052
7           1           3.671
7           2           11.587
7           3           5.198
7           4           1.053
8           1           2.811
8           2           6.502
8           3           3.721
8           4           2.529



pe(j, m) - Production emission for producing one unit of item j on machine m. The production emission is period-independent.


1           1           0.478
1           2           0.091
1           3           0.248
1           4           0.538
2           1           0.244
2           2           0.138
2           3           0.479
2           4           0.261
3           1           0.341
3           2           0.111
3           3           0.266
3           4           0.616
4           1           0.442
4           2           0.192
4           3           0.308
4           4           0.341
5           1           0.402
5           2           0.141
5           3           0.152
5           4           0.371
6           1           0.188
6           2           0.191
6           3           0.36
6           4           0.693
7           1           0.702
7           2           0.055
7           3           0.436
7           4           0.478
8           1           0.48
8           2           0.201
8           3           0.226
8           4           0.816



hc(j) - Inventory-holding costs for one unit of item j for one period.


1           0.104
2           0.274
3           0.294
4           0.233
5           0.175
6           0.267
7           0.253
8           0.273



st(j, m) - Setup times for producing a lot of item j on machine m. The setup times are period-independent.


1           1           5.312
1           2           7.284
1           3           6.124
1           4           8.015
2           1           15.897
2           2           11.568
2           3           7.887
2           4           13.315
3           1           11.407
3           2           5.706
3           3           11.049
3           4           6.653
4           1           5.136
4           2           14.305
4           3           7.821
4           4           18.902
5           1           16.491
5           2           19.098
5           3           15.81
5           4           9.725
6           1           9.464
6           2           10.036
6           3           7.697
6           4           5.008
7           1           17.351
7           2           5.118
7           3           18.876
7           4           12.026
8           1           13.829
8           2           6.046
8           3           16.803
8           4           7.322



se(j, m) - Setup emission for producing a lot of item j on machine m. The setup emission are period-independent.


1           1           16.289
1           2           3.831
1           3           10.927
1           4           25.254
2           1           29.986
2           2           7.563
2           3           11.945
2           4           21.81
3           1           24.625
3           2           6.003
3           3           12.921
3           4           20.123
4           1           20.481
4           2           9.454
4           3           8.979
4           4           10.243
5           1           14.856
5           2           3.967
5           3           10.54
5           4           12.019
6           1           10.322
6           2           5.39
6           3           10.037
6           4           35.515
7           1           26.677
7           2           5.253
7           3           16.612
7           4           19.543
8           1           23.376
8           2           2.844
8           3           6.159
8           4           20.973



sc(j, m) - Setup costs for producing a lot of item j on machine m. The setup costs are period-independent.


1           1           6762.311
1           2           20286.933
1           3           10143.467
1           4           5071.733
2           1           19350.489
2           2           58051.467
2           3           29025.733
2           4           14512.867
3           1           20580.0
3           2           61740.0
3           3           30870.0
3           4           15435.0
4           1           16382.489
4           2           49147.467
4           3           24573.733
4           4           12286.867
5           1           13665.556
5           2           40996.667
5           3           20498.333
5           4           10249.167
6           1           19022.267
6           2           57066.8
6           3           28533.4
6           4           14266.7
7           1           18418.4
7           2           55255.2
7           3           27627.6
7           4           13813.8
8           1           18940.133
8           2           56820.4
8           3           28410.2
8           4           14205.1



bc(m) - Fixed investment cost for machine m.


1           2771.4547486878046
2           13809.38555247969
3           4564.590566088496
4           3788.3577841933748



ca(m, t) - The available capacity of machine m in period t.


1           1           159.78679629629627
1           2           159.78679629629627
1           3           159.78679629629627
1           4           159.78679629629627
1           5           159.78679629629627
1           6           159.78679629629627
2           1           159.78679629629627
2           2           159.78679629629627
2           3           159.78679629629627
2           4           159.78679629629627
2           5           159.78679629629627
2           6           159.78679629629627
3           1           159.78679629629627
3           2           159.78679629629627
3           3           159.78679629629627
3           4           159.78679629629627
3           5           159.78679629629627
3           6           159.78679629629627
4           1           159.78679629629627
4           2           159.78679629629627
4           3           159.78679629629627
4           4           159.78679629629627
4           5           159.78679629629627
4           6           159.78679629629627



em(t) - The limits of carbon emissions in period t.


1           250.69916666666666
2           250.69916666666666
3           250.69916666666666
4           250.69916666666666
5           250.69916666666666
6           250.69916666666666
