Information for the currently-owned machines and the machines that may be purchased: if 1, the machine can be purchased, otherwise currently-owned.


1           0.0
2           0.0
3           0.0
4           1.0



item_machine_arc(j, m) - The relationship arc between item j and machine m, i.e., machine m is capable of producing item j if item_machine_arc(j, m) = 1.


1           1           0.0
1           2           1.0
1           3           1.0
1           4           0.0
2           1           0.0
2           2           0.0
2           3           1.0
2           4           1.0
3           1           1.0
3           2           1.0
3           3           1.0
3           4           1.0
4           1           0.0
4           2           0.0
4           3           0.0
4           4           1.0
5           1           0.0
5           2           1.0
5           3           1.0
5           4           0.0
6           1           1.0
6           2           1.0
6           3           0.0
6           4           1.0
7           1           0.0
7           2           1.0
7           3           0.0
7           4           0.0
8           1           1.0
8           2           1.0
8           3           0.0
8           4           1.0



d(j, t) - Gross demand for item j in period t.


1           1           37
1           2           46
1           3           40
1           4           46
1           5           32
1           6           39
2           1           45
2           2           47
2           3           49
2           4           47
2           5           34
2           6           49
3           1           36
3           2           31
3           3           43
3           4           42
3           5           32
3           6           34
4           1           35
4           2           48
4           3           44
4           4           44
4           5           30
4           6           40
5           1           36
5           2           32
5           3           45
5           4           34
5           5           36
5           6           38
6           1           33
6           2           45
6           3           36
6           4           41
6           5           46
6           6           46
7           1           34
7           2           37
7           3           47
7           4           37
7           5           43
7           6           37
8           1           40
8           2           34
8           3           39
8           4           32
8           5           38
8           6           43



pt(j, m) - Time required to produce one unit of item j on machine m. The production time is period-independent.


1           1           1.273
1           2           1.489
1           3           1.313
1           4           1.305
2           1           1.493
2           2           1.001
2           3           0.648
2           4           0.577
3           1           0.862
3           2           1.088
3           3           1.445
3           4           0.782
4           1           1.21
4           2           0.939
4           3           0.584
4           4           0.857
5           1           1.384
5           2           0.852
5           3           1.322
5           4           0.539
6           1           0.649
6           2           1.427
6           3           0.502
6           4           1.238
7           1           0.95
7           2           1.471
7           3           1.109
7           4           1.3
8           1           1.363
8           2           1.132
8           3           1.326
8           4           1.199



pc(j, m) - Variable costs of producing one unit of item j on machine m. The production cost is period-independent.


1           1           2.188
1           2           8.492
1           3           5.168
1           4           1.81
2           1           3.727
2           2           11.416
2           3           4.748
2           4           1.238
3           1           3.23
3           2           6.485
3           3           3.069
3           4           1.648
4           1           3.537
4           2           5.921
4           3           2.14
4           4           2.659
5           1           2.252
5           2           9.897
5           3           2.035
5           4           1.498
6           1           3.58
6           2           9.465
6           3           4.785
6           4           1.355
7           1           3.313
7           2           8.011
7           3           2.042
7           4           2.695
8           1           2.936
8           2           5.006
8           3           4.424
8           4           1.048



pe(j, m) - Production emission for producing one unit of item j on machine m. The production emission is period-independent.


1           1           0.464
1           2           0.159
1           3           0.319
1           4           0.903
2           1           0.608
2           2           0.24
2           3           0.333
2           4           0.29
3           1           0.174
3           2           0.095
3           3           0.406
3           4           0.22
4           1           0.573
4           2           0.064
4           3           0.131
4           4           0.42
5           1           0.426
5           2           0.201
5           3           0.486
5           4           0.874
6           1           0.16
6           2           0.218
6           3           0.271
6           4           0.771
7           1           0.433
7           2           0.104
7           3           0.378
7           4           0.463
8           1           0.334
8           2           0.199
8           3           0.299
8           4           0.383



hc(j) - Inventory-holding costs for one unit of item j for one period.


1           0.149
2           0.169
3           0.132
4           0.149
5           0.207
6           0.18
7           0.299
8           0.212



st(j, m) - Setup times for producing a lot of item j on machine m. The setup times are period-independent.


1           1           91.987
1           2           48.708
1           3           62.059
1           4           98.651
2           1           38.166
2           2           76.532
2           3           53.612
2           4           61.24
3           1           62.246
3           2           59.334
3           3           85.482
3           4           35.922
4           1           42.268
4           2           79.473
4           3           59.732
4           4           41.895
5           1           86.73
5           2           30.151
5           3           53.159
5           4           37.662
6           1           48.714
6           2           71.99
6           3           89.784
6           4           71.373
7           1           44.372
7           2           65.95
7           3           82.765
7           4           70.096
8           1           92.157
8           2           38.873
8           3           95.712
8           4           85.465



se(j, m) - Setup emission for producing a lot of item j on machine m. The setup emission are period-independent.


1           1           25.717
1           2           3.905
1           3           8.849
1           4           23.111
2           1           7.946
2           2           9.885
2           3           13.612
2           4           18.337
3           1           22.433
3           2           8.175
3           3           18.23
3           4           37.174
4           1           19.373
4           2           4.072
4           3           14.888
4           4           38.585
5           1           25.765
5           2           7.461
5           3           11.908
5           4           39.594
6           1           27.442
6           2           2.695
6           3           7.416
6           4           15.057
7           1           20.417
7           2           9.642
7           3           7.035
7           4           13.7
8           1           9.299
8           2           6.883
8           3           11.644
8           4           24.452



sc(j, m) - Setup costs for producing a lot of item j on machine m. The setup costs are period-independent.


1           1           11125.333
1           2           33376.0
1           3           16688.0
1           4           8344.0
2           1           14248.578
2           2           42745.733
2           3           21372.867
2           4           10686.433
3           1           8952.533
3           2           26857.6
3           3           13428.8
3           4           6714.4
4           1           11171.689
4           2           33515.067
4           3           16757.533
4           4           8378.767
5           1           14232.4
5           2           42697.2
5           3           21348.6
5           4           10674.3
6           1           13832.0
6           2           41496.0
6           3           20748.0
6           4           10374.0
7           1           21860.222
7           2           65580.667
7           3           32790.333
7           4           16395.167
8           1           14905.956
8           2           44717.867
8           3           22358.933
8           4           11179.467



bc(m) - Fixed investment cost for machine m.


1           3432.767256270072
2           4112.852022503979
3           4519.2223184485965
4           771.4181370855855



ca(m, t) - The available capacity of machine m in period t.


1           1           268.4263166666667
1           2           268.4263166666667
1           3           268.4263166666667
1           4           268.4263166666667
1           5           268.4263166666667
1           6           268.4263166666667
2           1           268.4263166666667
2           2           268.4263166666667
2           3           268.4263166666667
2           4           268.4263166666667
2           5           268.4263166666667
2           6           268.4263166666667
3           1           268.4263166666667
3           2           268.4263166666667
3           3           268.4263166666667
3           4           268.4263166666667
3           5           268.4263166666667
3           6           268.4263166666667
4           1           268.4263166666667
4           2           268.4263166666667
4           3           268.4263166666667
4           4           268.4263166666667
4           5           268.4263166666667
4           6           268.4263166666667



em(t) - The limits of carbon emissions in period t.


1           220.93396111111107
2           220.93396111111107
3           220.93396111111107
4           220.93396111111107
5           220.93396111111107
6           220.93396111111107
