Information for the currently-owned machines and the machines that may be purchased: if 1, the machine can be purchased, otherwise currently-owned.


1           0.0
2           1.0
3           0.0
4           0.0



item_machine_arc(j, m) - The relationship arc between item j and machine m, i.e., machine m is capable of producing item j if item_machine_arc(j, m) = 1.


1           1           0.0
1           2           1.0
1           3           0.0
1           4           0.0
2           1           1.0
2           2           1.0
2           3           0.0
2           4           1.0
3           1           1.0
3           2           1.0
3           3           1.0
3           4           0.0
4           1           1.0
4           2           0.0
4           3           0.0
4           4           0.0
5           1           0.0
5           2           1.0
5           3           0.0
5           4           0.0
6           1           0.0
6           2           1.0
6           3           1.0
6           4           1.0
7           1           1.0
7           2           1.0
7           3           1.0
7           4           1.0
8           1           0.0
8           2           1.0
8           3           0.0
8           4           1.0



d(j, t) - Gross demand for item j in period t.


1           1           47
1           2           48
1           3           47
1           4           41
1           5           48
1           6           47
2           1           46
2           2           43
2           3           49
2           4           50
2           5           48
2           6           33
3           1           36
3           2           43
3           3           30
3           4           49
3           5           39
3           6           32
4           1           47
4           2           36
4           3           42
4           4           42
4           5           30
4           6           34
5           1           41
5           2           50
5           3           33
5           4           35
5           5           33
5           6           49
6           1           48
6           2           36
6           3           35
6           4           50
6           5           37
6           6           36
7           1           36
7           2           43
7           3           45
7           4           41
7           5           33
7           6           32
8           1           47
8           2           30
8           3           38
8           4           32
8           5           30
8           6           31



pt(j, m) - Time required to produce one unit of item j on machine m. The production time is period-independent.


1           1           0.514
1           2           0.647
1           3           0.84
1           4           1.101
2           1           0.507
2           2           1.167
2           3           1.324
2           4           1.073
3           1           1.278
3           2           0.903
3           3           0.783
3           4           0.951
4           1           0.767
4           2           1.408
4           3           1.046
4           4           0.827
5           1           1.269
5           2           0.949
5           3           1.102
5           4           0.501
6           1           0.968
6           2           0.622
6           3           0.603
6           4           1.009
7           1           1.451
7           2           0.766
7           3           0.928
7           4           0.735
8           1           1.324
8           2           0.744
8           3           1.099
8           4           0.506



pc(j, m) - Variable costs of producing one unit of item j on machine m. The production cost is period-independent.


1           1           4.894
1           2           4.654
1           3           2.803
1           4           1.508
2           1           5.632
2           2           4.881
2           3           3.146
2           4           1.075
3           1           5.539
3           2           8.172
3           3           3.71
3           4           1.387
4           1           3.8
4           2           4.253
4           3           3.436
4           4           2.918
5           1           5.751
5           2           11.901
5           3           2.256
5           4           1.088
6           1           2.158
6           2           7.908
6           3           3.006
6           4           1.242
7           1           2.113
7           2           7.281
7           3           2.133
7           4           2.868
8           1           4.534
8           2           10.391
8           3           1.518
8           4           2.943



pe(j, m) - Production emission for producing one unit of item j on machine m. The production emission is period-independent.


1           1           2.457
1           2           0.558
1           3           1.055
1           4           3.788
2           1           2.411
2           2           0.991
2           3           2.386
2           4           2.157
3           1           1.38
3           2           0.772
3           3           1.874
3           4           2.813
4           1           1.506
4           2           1.058
4           3           1.546
4           4           2.839
5           1           2.334
5           2           0.278
5           3           2.232
5           4           1.809
6           1           2.042
6           2           1.226
6           3           1.262
6           4           1.919
7           1           1.674
7           2           0.901
7           3           3.517
7           4           1.949
8           1           2.246
8           2           0.322
8           3           1.536
8           4           4.774



hc(j) - Inventory-holding costs for one unit of item j for one period.


1           0.134
2           0.155
3           0.216
4           0.216
5           0.251
6           0.286
7           0.162
8           0.15



st(j, m) - Setup times for producing a lot of item j on machine m. The setup times are period-independent.


1           1           10.485
1           2           15.802
1           3           10.331
1           4           5.066
2           1           5.279
2           2           9.447
2           3           10.508
2           4           13.945
3           1           12.65
3           2           5.629
3           3           18.157
3           4           16.759
4           1           18.745
4           2           18.405
4           3           10.684
4           4           10.412
5           1           19.483
5           2           15.93
5           3           7.136
5           4           14.787
6           1           10.287
6           2           18.727
6           3           8.357
6           4           14.724
7           1           8.939
7           2           11.07
7           3           9.265
7           4           16.863
8           1           8.882
8           2           5.929
8           3           6.868
8           4           5.127



se(j, m) - Setup emission for producing a lot of item j on machine m. The setup emission are period-independent.


1           1           66.181
1           2           24.604
1           3           123.015
1           4           188.51
2           1           98.56
2           2           40.389
2           3           137.233
2           4           71.889
3           1           67.87
3           2           46.728
3           3           64.077
3           4           177.892
4           1           67.213
4           2           43.607
4           3           88.456
4           4           173.547
5           1           50.665
5           2           32.877
5           3           140.883
5           4           103.239
6           1           97.796
6           2           38.063
6           3           72.624
6           4           188.905
7           1           44.276
7           2           16.783
7           3           140.949
7           4           118.692
8           1           82.017
8           2           16.597
8           3           54.491
8           4           189.265



sc(j, m) - Setup costs for producing a lot of item j on machine m. The setup costs are period-independent.


1           1           17384.267
1           2           34768.533
1           3           11589.511
1           4           8692.133
2           1           19457.667
2           2           38915.333
2           3           12971.778
2           4           9728.833
3           1           23083.2
3           2           46166.4
3           3           15388.8
3           4           11541.6
4           1           23284.8
4           2           46569.6
4           3           15523.2
4           4           11642.4
5           1           28229.133
5           2           56458.267
5           3           18819.422
5           4           14114.567
6           1           32298.933
6           2           64597.867
6           3           21532.622
6           4           16149.467
7           1           17388.0
7           2           34776.0
7           3           11592.0
7           4           8694.0
8           1           14560.0
8           2           29120.0
8           3           9706.667
8           4           7280.0



bc(m) - Fixed investment cost for machine m.


1           7854.020571448808
2           4001.849309718368
3           3010.0061535590557
4           1383.6392097327498



ca(m, t) - The available capacity of machine m in period t.


1           1           147.8680324074074
1           2           147.8680324074074
1           3           147.8680324074074
1           4           147.8680324074074
1           5           147.8680324074074
1           6           147.8680324074074
2           1           147.8680324074074
2           2           147.8680324074074
2           3           147.8680324074074
2           4           147.8680324074074
2           5           147.8680324074074
2           6           147.8680324074074
3           1           147.8680324074074
3           2           147.8680324074074
3           3           147.8680324074074
3           4           147.8680324074074
3           5           147.8680324074074
3           6           147.8680324074074
4           1           147.8680324074074
4           2           147.8680324074074
4           3           147.8680324074074
4           4           147.8680324074074
4           5           147.8680324074074
4           6           147.8680324074074



em(t) - The limits of carbon emissions in period t.


1           1011.7630833333333
2           1011.7630833333333
3           1011.7630833333333
4           1011.7630833333333
5           1011.7630833333333
6           1011.7630833333333
