Information for the currently-owned machines and the machines that may be purchased: if 1, the machine can be purchased, otherwise currently-owned.


1           0.0
2           1.0
3           0.0
4           0.0



item_machine_arc(j, m) - The relationship arc between item j and machine m, i.e., machine m is capable of producing item j if item_machine_arc(j, m) = 1.


1           1           1.0
1           2           1.0
1           3           1.0
1           4           1.0
2           1           1.0
2           2           1.0
2           3           1.0
2           4           1.0
3           1           1.0
3           2           1.0
3           3           1.0
3           4           1.0
4           1           1.0
4           2           1.0
4           3           1.0
4           4           0.0
5           1           1.0
5           2           1.0
5           3           1.0
5           4           1.0
6           1           0.0
6           2           1.0
6           3           0.0
6           4           1.0
7           1           1.0
7           2           0.0
7           3           0.0
7           4           1.0
8           1           0.0
8           2           1.0
8           3           0.0
8           4           0.0



d(j, t) - Gross demand for item j in period t.


1           1           44
1           2           49
1           3           47
1           4           40
1           5           33
1           6           32
2           1           49
2           2           31
2           3           49
2           4           39
2           5           42
2           6           46
3           1           42
3           2           37
3           3           47
3           4           41
3           5           50
3           6           36
4           1           37
4           2           37
4           3           40
4           4           50
4           5           39
4           6           33
5           1           46
5           2           38
5           3           39
5           4           40
5           5           31
5           6           36
6           1           48
6           2           46
6           3           35
6           4           34
6           5           42
6           6           35
7           1           39
7           2           48
7           3           39
7           4           43
7           5           48
7           6           32
8           1           44
8           2           48
8           3           44
8           4           36
8           5           49
8           6           36



pt(j, m) - Time required to produce one unit of item j on machine m. The production time is period-independent.


1           1           1.102
1           2           1.162
1           3           0.73
1           4           1.405
2           1           0.774
2           2           1.328
2           3           0.743
2           4           0.922
3           1           0.702
3           2           1.252
3           3           1.328
3           4           0.902
4           1           1.309
4           2           0.947
4           3           0.59
4           4           1.007
5           1           1.183
5           2           1.171
5           3           0.616
5           4           1.239
6           1           0.959
6           2           0.703
6           3           0.822
6           4           1.131
7           1           0.857
7           2           0.897
7           3           1.106
7           4           0.628
8           1           1.282
8           2           0.915
8           3           1.477
8           4           0.704



pc(j, m) - Variable costs of producing one unit of item j on machine m. The production cost is period-independent.


1           1           3.992
1           2           2.366
1           3           2.391
1           4           4.578
2           1           3.806
2           2           2.603
2           3           3.253
2           4           7.486
3           1           2.099
3           2           1.828
3           3           2.65
3           4           5.254
4           1           1.546
4           2           2.403
4           3           5.126
4           4           6.182
5           1           3.082
5           2           2.896
5           3           3.69
5           4           10.566
6           1           2.187
6           2           2.772
6           3           2.736
6           4           4.407
7           1           2.17
7           2           1.212
7           3           3.353
7           4           9.854
8           1           1.926
8           2           1.329
8           3           4.358
8           4           9.973



pe(j, m) - Production emission for producing one unit of item j on machine m. The production emission is period-independent.


1           1           1.344
1           2           1.534
1           3           2.056
1           4           1.24
2           1           0.985
2           2           4.957
2           3           2.433
2           4           1.103
3           1           2.963
3           2           1.209
3           3           1.882
3           4           0.469
4           1           1.706
4           2           4.734
4           3           0.533
4           4           0.752
5           1           2.369
5           2           3.825
5           3           0.672
5           4           0.26
6           1           3.233
6           2           3.778
6           3           0.666
6           4           1.168
7           1           2.616
7           2           1.233
7           3           1.856
7           4           0.35
8           1           2.464
8           2           2.509
8           3           1.205
8           4           0.972



hc(j) - Inventory-holding costs for one unit of item j for one period.


1           0.164
2           0.111
3           0.146
4           0.179
5           0.225
6           0.236
7           0.281
8           0.298



st(j, m) - Setup times for producing a lot of item j on machine m. The setup times are period-independent.


1           1           44.027
1           2           25.253
1           3           27.411
1           4           34.807
2           1           51.538
2           2           31.723
2           3           48.057
2           4           95.74
3           1           40.606
3           2           80.454
3           3           54.033
3           4           75.684
4           1           32.176
4           2           87.859
4           3           54.158
4           4           55.045
5           1           60.584
5           2           66.03
5           3           61.324
5           4           67.399
6           1           95.126
6           2           27.703
6           3           44.993
6           4           26.517
7           1           52.612
7           2           39.703
7           3           51.382
7           4           73.184
8           1           57.301
8           2           68.048
8           3           36.197
8           4           38.123



se(j, m) - Setup emission for producing a lot of item j on machine m. The setup emission are period-independent.


1           1           39.377
1           2           163.484
1           3           39.207
1           4           45.699
2           1           51.606
2           2           86.818
2           3           89.636
2           4           32.535
3           1           48.694
3           2           193.66
3           3           35.481
3           4           21.141
4           1           43.138
4           2           119.88
4           3           86.345
4           4           29.138
5           1           81.833
5           2           94.159
5           3           81.975
5           4           25.267
6           1           95.37
6           2           122.095
6           3           36.871
6           4           19.837
7           1           140.582
7           2           154.734
7           3           66.126
7           4           32.214
8           1           92.374
8           2           62.947
8           3           80.981
8           4           45.673



sc(j, m) - Setup costs for producing a lot of item j on machine m. The setup costs are period-independent.


1           1           13750.489
1           2           10312.867
1           3           20625.733
1           4           41251.467
2           1           9724.587
2           2           7293.44
2           3           14586.88
2           4           29173.76
3           1           12641.004
3           2           9480.753
3           3           18961.507
3           4           37923.013
4           1           14456.836
4           2           10842.627
4           3           21685.253
4           4           43370.507
5           1           17710.0
5           2           13282.5
5           3           26565.0
5           4           53130.0
6           1           19383.467
6           2           14537.6
6           3           29075.2
6           4           58150.4
7           1           23944.947
7           2           17958.71
7           3           35917.42
7           4           71834.84
8           1           26209.431
8           2           19657.073
8           3           39314.147
8           4           78628.293



bc(m) - Fixed investment cost for machine m.


1           5574.802557158006
2           2285.072177029674
3           7648.305884117083
4           10144.497170685338



ca(m, t) - The available capacity of machine m in period t.


1           1           271.8997121296297
1           2           271.8997121296297
1           3           271.8997121296297
1           4           271.8997121296297
1           5           271.8997121296297
1           6           271.8997121296297
2           1           271.8997121296297
2           2           271.8997121296297
2           3           271.8997121296297
2           4           271.8997121296297
2           5           271.8997121296297
2           6           271.8997121296297
3           1           271.8997121296297
3           2           271.8997121296297
3           3           271.8997121296297
3           4           271.8997121296297
3           5           271.8997121296297
3           6           271.8997121296297
4           1           271.8997121296297
4           2           271.8997121296297
4           3           271.8997121296297
4           4           271.8997121296297
4           5           271.8997121296297
4           6           271.8997121296297



em(t) - The limits of carbon emissions in period t.


1           1468.503425277778
2           1468.503425277778
3           1468.503425277778
4           1468.503425277778
5           1468.503425277778
6           1468.503425277778
