Information for the currently-owned machines and the machines that may be purchased: if 1, the machine can be purchased, otherwise currently-owned.


1           0.0
2           1.0
3           0.0
4           0.0



item_machine_arc(j, m) - The relationship arc between item j and machine m, i.e., machine m is capable of producing item j if item_machine_arc(j, m) = 1.


1           1           0.0
1           2           0.0
1           3           1.0
1           4           0.0
2           1           1.0
2           2           1.0
2           3           0.0
2           4           0.0
3           1           1.0
3           2           1.0
3           3           1.0
3           4           1.0
4           1           1.0
4           2           0.0
4           3           1.0
4           4           0.0
5           1           1.0
5           2           0.0
5           3           1.0
5           4           1.0
6           1           1.0
6           2           1.0
6           3           1.0
6           4           1.0
7           1           1.0
7           2           0.0
7           3           0.0
7           4           1.0
8           1           1.0
8           2           0.0
8           3           1.0
8           4           0.0



d(j, t) - Gross demand for item j in period t.


1           1           38
1           2           33
1           3           39
1           4           49
1           5           34
1           6           34
2           1           47
2           2           33
2           3           34
2           4           45
2           5           46
2           6           50
3           1           50
3           2           42
3           3           34
3           4           42
3           5           50
3           6           47
4           1           32
4           2           47
4           3           41
4           4           43
4           5           34
4           6           33
5           1           34
5           2           49
5           3           44
5           4           38
5           5           47
5           6           43
6           1           35
6           2           35
6           3           34
6           4           46
6           5           42
6           6           40
7           1           50
7           2           33
7           3           42
7           4           46
7           5           44
7           6           34
8           1           31
8           2           41
8           3           30
8           4           33
8           5           33
8           6           39



pt(j, m) - Time required to produce one unit of item j on machine m. The production time is period-independent.


1           1           1.383
1           2           1.068
1           3           0.512
1           4           0.993
2           1           0.901
2           2           1.164
2           3           0.575
2           4           1.077
3           1           0.545
3           2           1.333
3           3           0.846
3           4           0.638
4           1           1.204
4           2           0.762
4           3           0.538
4           4           0.791
5           1           0.898
5           2           0.812
5           3           0.628
5           4           1.434
6           1           0.84
6           2           0.612
6           3           0.737
6           4           0.66
7           1           1.441
7           2           1.477
7           3           0.743
7           4           1.275
8           1           0.683
8           2           0.623
8           3           0.563
8           4           0.656



pc(j, m) - Variable costs of producing one unit of item j on machine m. The production cost is period-independent.


1           1           2.98
1           2           6.191
1           3           5.062
1           4           1.761
2           1           2.312
2           2           8.79
2           3           4.095
2           4           3.317
3           1           1.282
3           2           6.6
3           3           2.778
3           4           1.832
4           1           2.656
4           2           9.361
4           3           5.157
4           4           1.673
5           1           2.615
5           2           8.236
5           3           3.289
5           4           2.577
6           1           2.556
6           2           7.43
6           3           3.797
6           4           3.956
7           1           1.711
7           2           5.692
7           3           2.542
7           4           1.682
8           1           1.768
8           2           4.934
8           3           2.369
8           4           2.615



pe(j, m) - Production emission for producing one unit of item j on machine m. The production emission is period-independent.


1           1           0.565
1           2           0.192
1           3           0.371
1           4           0.241
2           1           0.757
2           2           0.164
2           3           0.418
2           4           0.657
3           1           0.28
3           2           0.157
3           3           0.495
3           4           0.291
4           1           0.649
4           2           0.208
4           3           0.245
4           4           0.254
5           1           0.315
5           2           0.207
5           3           0.39
5           4           0.239
6           1           0.397
6           2           0.225
6           3           0.155
6           4           0.687
7           1           0.643
7           2           0.068
7           3           0.278
7           4           0.395
8           1           0.547
8           2           0.096
8           3           0.151
8           4           0.552



hc(j) - Inventory-holding costs for one unit of item j for one period.


1           0.168
2           0.268
3           0.111
4           0.236
5           0.283
6           0.125
7           0.182
8           0.244



st(j, m) - Setup times for producing a lot of item j on machine m. The setup times are period-independent.


1           1           12.432
1           2           18.94
1           3           19.756
1           4           6.279
2           1           14.049
2           2           14.1
2           3           15.978
2           4           6.591
3           1           14.042
3           2           7.139
3           3           18.316
3           4           14.475
4           1           13.807
4           2           14.757
4           3           5.438
4           4           18.044
5           1           8.893
5           2           5.006
5           3           16.788
5           4           5.59
6           1           13.763
6           2           9.341
6           3           12.518
6           4           12.993
7           1           6.836
7           2           17.119
7           3           15.652
7           4           12.34
8           1           15.459
8           2           15.527
8           3           7.69
8           4           6.229



se(j, m) - Setup emission for producing a lot of item j on machine m. The setup emission are period-independent.


1           1           187.024
1           2           49.8
1           3           52.251
1           4           141.61
2           1           147.731
2           2           26.053
2           3           77.027
2           4           59.68
3           1           172.932
3           2           39.694
3           3           61.597
3           4           107.729
4           1           192.724
4           2           20.722
4           3           81.887
4           4           118.032
5           1           84.881
5           2           40.046
5           3           44.035
5           4           61.073
6           1           66.698
6           2           49.574
6           3           38.433
6           4           47.163
7           1           151.015
7           2           16.622
7           3           28.99
7           4           46.426
8           1           193.673
8           2           32.504
8           3           73.734
8           4           91.422



sc(j, m) - Setup costs for producing a lot of item j on machine m. The setup costs are period-independent.


1           1           9788.24
1           2           39152.96
1           3           19576.48
1           4           13050.987
2           1           17540.6
2           2           70162.4
2           3           35081.2
2           4           23387.467
3           1           7549.85
3           2           30199.4
3           3           15099.7
3           4           10066.467
4           1           13931.867
4           2           55727.467
4           3           27863.733
4           4           18575.822
5           1           18522.35
5           2           74089.4
5           3           37044.7
5           4           24696.467
6           1           7443.333
6           2           29773.333
6           3           14886.667
6           4           9924.444
7           1           11631.62
7           2           46526.48
7           3           23263.24
7           4           15508.827
8           1           12963.72
8           2           51854.88
8           3           25927.44
8           4           17284.96



bc(m) - Fixed investment cost for machine m.


1           3013.723797697204
2           226.90417309215283
3           9805.034438772149
4           790.1385488899359



ca(m, t) - The available capacity of machine m in period t.


1           1           154.66708055555554
1           2           154.66708055555554
1           3           154.66708055555554
1           4           154.66708055555554
1           5           154.66708055555554
1           6           154.66708055555554
2           1           154.66708055555554
2           2           154.66708055555554
2           3           154.66708055555554
2           4           154.66708055555554
2           5           154.66708055555554
2           6           154.66708055555554
3           1           154.66708055555554
3           2           154.66708055555554
3           3           154.66708055555554
3           4           154.66708055555554
3           5           154.66708055555554
3           6           154.66708055555554
4           1           154.66708055555554
4           2           154.66708055555554
4           3           154.66708055555554
4           4           154.66708055555554
4           5           154.66708055555554
4           6           154.66708055555554



em(t) - The limits of carbon emissions in period t.


1           678.2010083333332
2           678.2010083333332
3           678.2010083333332
4           678.2010083333332
5           678.2010083333332
6           678.2010083333332
