Information for the currently-owned machines and the machines that may be purchased: if 1, the machine can be purchased, otherwise currently-owned.


1           0.0
2           0.0
3           1.0
4           0.0



item_machine_arc(j, m) - The relationship arc between item j and machine m, i.e., machine m is capable of producing item j if item_machine_arc(j, m) = 1.


1           1           1.0
1           2           0.0
1           3           0.0
1           4           0.0
2           1           0.0
2           2           0.0
2           3           1.0
2           4           1.0
3           1           1.0
3           2           1.0
3           3           0.0
3           4           1.0
4           1           1.0
4           2           0.0
4           3           1.0
4           4           1.0
5           1           0.0
5           2           0.0
5           3           0.0
5           4           1.0
6           1           0.0
6           2           1.0
6           3           0.0
6           4           1.0
7           1           1.0
7           2           1.0
7           3           1.0
7           4           1.0
8           1           1.0
8           2           0.0
8           3           0.0
8           4           1.0



d(j, t) - Gross demand for item j in period t.


1           1           45
1           2           41
1           3           44
1           4           34
1           5           36
1           6           40
2           1           38
2           2           31
2           3           32
2           4           39
2           5           43
2           6           45
3           1           30
3           2           31
3           3           44
3           4           38
3           5           37
3           6           41
4           1           33
4           2           48
4           3           34
4           4           44
4           5           35
4           6           33
5           1           40
5           2           33
5           3           32
5           4           37
5           5           39
5           6           40
6           1           50
6           2           48
6           3           49
6           4           33
6           5           35
6           6           36
7           1           38
7           2           47
7           3           40
7           4           33
7           5           49
7           6           40
8           1           50
8           2           46
8           3           37
8           4           30
8           5           45
8           6           40



pt(j, m) - Time required to produce one unit of item j on machine m. The production time is period-independent.


1           1           0.843
1           2           0.996
1           3           0.924
1           4           0.582
2           1           0.837
2           2           1.041
2           3           0.577
2           4           1.275
3           1           1.043
3           2           0.807
3           3           1.207
3           4           1.272
4           1           1.013
4           2           1.201
4           3           0.797
4           4           0.791
5           1           0.854
5           2           1.112
5           3           1.421
5           4           0.595
6           1           0.634
6           2           1.445
6           3           0.938
6           4           1.263
7           1           1.087
7           2           1.157
7           3           1.157
7           4           0.844
8           1           1.326
8           2           0.629
8           3           1.329
8           4           0.576



pc(j, m) - Variable costs of producing one unit of item j on machine m. The production cost is period-independent.


1           1           1.739
1           2           2.516
1           3           5.004
1           4           5.241
2           1           2.534
2           2           2.831
2           3           7.352
2           4           5.163
3           1           2.336
3           2           1.697
3           3           4.96
3           4           2.798
4           1           1.986
4           2           3.98
4           3           5.814
4           4           5.166
5           1           2.995
5           2           3.137
5           3           8.173
5           4           3.242
6           1           1.818
6           2           3.837
6           3           5.39
6           4           2.212
7           1           2.142
7           2           2.202
7           3           11.213
7           4           3.375
8           1           2.86
8           2           2.331
8           3           6.968
8           4           4.882



pe(j, m) - Production emission for producing one unit of item j on machine m. The production emission is period-independent.


1           1           0.788
1           2           0.607
1           3           0.178
1           4           0.351
2           1           0.615
2           2           0.355
2           3           0.067
2           4           0.317
3           1           0.847
3           2           0.726
3           3           0.137
3           4           0.352
4           1           0.302
4           2           0.464
4           3           0.174
4           4           0.201
5           1           0.57
5           2           0.655
5           3           0.166
5           4           0.479
6           1           0.553
6           2           0.531
6           3           0.109
6           4           0.386
7           1           0.288
7           2           0.675
7           3           0.083
7           4           0.228
8           1           0.956
8           2           0.526
8           3           0.086
8           4           0.321



hc(j) - Inventory-holding costs for one unit of item j for one period.


1           0.175
2           0.169
3           0.226
4           0.181
5           0.251
6           0.127
7           0.203
8           0.24



st(j, m) - Setup times for producing a lot of item j on machine m. The setup times are period-independent.


1           1           51.778
1           2           33.643
1           3           61.279
1           4           70.06
2           1           59.094
2           2           39.291
2           3           96.779
2           4           84.679
3           1           99.383
3           2           34.934
3           3           63.588
3           4           59.049
4           1           30.678
4           2           45.427
4           3           75.453
4           4           80.496
5           1           64.576
5           2           74.145
5           3           35.171
5           4           59.8
6           1           47.328
6           2           31.2
6           3           95.183
6           4           60.093
7           1           56.913
7           2           35.96
7           3           32.42
7           4           46.89
8           1           50.531
8           2           29.422
8           3           91.12
8           4           76.825



se(j, m) - Setup emission for producing a lot of item j on machine m. The setup emission are period-independent.


1           1           32.243
1           2           22.334
1           3           9.808
1           4           17.268
2           1           24.192
2           2           13.521
2           3           7.885
2           4           11.078
3           1           39.422
3           2           11.617
3           3           2.708
3           4           19.391
4           1           24.191
4           2           8.51
4           3           7.8
4           4           19.207
5           1           31.336
5           2           29.444
5           3           9.539
5           4           6.898
6           1           19.545
6           2           10.435
6           3           7.998
6           4           15.519
7           1           24.066
7           2           12.036
7           3           6.871
7           4           5.393
8           1           27.113
8           2           27.557
8           3           9.679
8           4           10.115



sc(j, m) - Setup costs for producing a lot of item j on machine m. The setup costs are period-independent.


1           1           9800.0
1           2           13066.667
1           3           39200.0
1           4           19600.0
2           1           8990.8
2           2           11987.733
2           3           35963.2
2           4           17981.6
3           1           11654.067
3           2           15538.756
3           3           46616.267
3           4           23308.133
4           1           9586.967
4           2           12782.622
4           3           38347.867
4           4           19173.933
5           1           12943.233
5           2           17257.644
5           3           51772.933
5           4           25886.467
6           1           7437.967
6           2           9917.289
6           3           29751.867
6           4           14875.933
7           1           11699.567
7           2           15599.422
7           3           46798.267
7           4           23399.133
8           1           13888.0
8           2           18517.333
8           3           55552.0
8           4           27776.0



bc(m) - Fixed investment cost for machine m.


1           307.210149284059
2           3704.2034760932147
3           19109.43868132514
4           9008.382881504385



ca(m, t) - The available capacity of machine m in period t.


1           1           253.0573759259259
1           2           253.0573759259259
1           3           253.0573759259259
1           4           253.0573759259259
1           5           253.0573759259259
1           6           253.0573759259259
2           1           253.0573759259259
2           2           253.0573759259259
2           3           253.0573759259259
2           4           253.0573759259259
2           5           253.0573759259259
2           6           253.0573759259259
3           1           253.0573759259259
3           2           253.0573759259259
3           3           253.0573759259259
3           4           253.0573759259259
3           5           253.0573759259259
3           6           253.0573759259259
4           1           253.0573759259259
4           2           253.0573759259259
4           3           253.0573759259259
4           4           253.0573759259259
4           5           253.0573759259259
4           6           253.0573759259259



em(t) - The limits of carbon emissions in period t.


1           299.23452222222215
2           299.23452222222215
3           299.23452222222215
4           299.23452222222215
5           299.23452222222215
6           299.23452222222215
