Information for the currently-owned machines and the machines that may be purchased: if 1, the machine can be purchased, otherwise currently-owned.


1           0.0
2           0.0
3           0.0
4           1.0



item_machine_arc(j, m) - The relationship arc between item j and machine m, i.e., machine m is capable of producing item j if item_machine_arc(j, m) = 1.


1           1           1.0
1           2           0.0
1           3           1.0
1           4           1.0
2           1           0.0
2           2           0.0
2           3           1.0
2           4           1.0
3           1           1.0
3           2           0.0
3           3           0.0
3           4           0.0
4           1           1.0
4           2           0.0
4           3           0.0
4           4           1.0
5           1           1.0
5           2           1.0
5           3           1.0
5           4           0.0
6           1           0.0
6           2           1.0
6           3           0.0
6           4           0.0
7           1           0.0
7           2           0.0
7           3           1.0
7           4           0.0
8           1           1.0
8           2           0.0
8           3           0.0
8           4           1.0



d(j, t) - Gross demand for item j in period t.


1           1           31
1           2           49
1           3           35
1           4           42
1           5           34
1           6           39
2           1           49
2           2           40
2           3           47
2           4           37
2           5           42
2           6           44
3           1           48
3           2           35
3           3           34
3           4           37
3           5           49
3           6           36
4           1           36
4           2           49
4           3           43
4           4           48
4           5           40
4           6           39
5           1           44
5           2           45
5           3           41
5           4           31
5           5           50
5           6           32
6           1           34
6           2           36
6           3           37
6           4           45
6           5           42
6           6           43
7           1           41
7           2           44
7           3           47
7           4           40
7           5           48
7           6           45
8           1           32
8           2           47
8           3           49
8           4           43
8           5           44
8           6           32



pt(j, m) - Time required to produce one unit of item j on machine m. The production time is period-independent.


1           1           1.01
1           2           1.236
1           3           0.976
1           4           1.086
2           1           1.488
2           2           1.156
2           3           0.617
2           4           1.332
3           1           0.665
3           2           1.478
3           3           0.864
3           4           1.396
4           1           1.036
4           2           1.401
4           3           0.961
4           4           1.401
5           1           1.462
5           2           1.465
5           3           0.675
5           4           0.794
6           1           0.508
6           2           0.938
6           3           0.976
6           4           1.482
7           1           1.076
7           2           0.98
7           3           0.715
7           4           1.053
8           1           0.623
8           2           0.609
8           3           1.091
8           4           0.536



pc(j, m) - Variable costs of producing one unit of item j on machine m. The production cost is period-independent.


1           1           2.403
1           2           5.794
1           3           6.944
1           4           2.179
2           1           2.236
2           2           2.307
2           3           11.257
2           4           2.411
3           1           2.612
3           2           5.486
3           3           4.905
3           4           3.723
4           1           2.45
4           2           2.505
4           3           10.66
4           4           3.696
5           1           2.59
5           2           2.659
5           3           8.617
5           4           1.591
6           1           2.113
6           2           2.489
6           3           8.642
6           4           3.777
7           1           2.323
7           2           4.07
7           3           7.897
7           4           2.581
8           1           2.298
8           2           3.603
8           3           10.934
8           4           2.367



pe(j, m) - Production emission for producing one unit of item j on machine m. The production emission is period-independent.


1           1           2.514
1           2           0.876
1           3           0.661
1           4           3.7
2           1           2.094
2           2           1.841
2           3           1.02
2           4           2.425
3           1           3.7
3           2           0.588
3           3           1.225
3           4           3.078
4           1           4.894
4           2           0.619
4           3           0.337
4           4           0.902
5           1           2.85
5           2           1.096
5           3           0.641
5           4           1.019
6           1           3.053
6           2           1.255
6           3           0.827
6           4           0.944
7           1           4.765
7           2           0.837
7           3           0.278
7           4           1.333
8           1           1.474
8           2           0.75
8           3           0.617
8           4           1.061



hc(j) - Inventory-holding costs for one unit of item j for one period.


1           0.273
2           0.134
3           0.195
4           0.248
5           0.26
6           0.256
7           0.254
8           0.23



st(j, m) - Setup times for producing a lot of item j on machine m. The setup times are period-independent.


1           1           6.29
1           2           15.725
1           3           18.123
1           4           8.98
2           1           19.15
2           2           13.137
2           3           16.823
2           4           19.424
3           1           19.266
3           2           11.936
3           3           15.841
3           4           15.098
4           1           7.18
4           2           8.359
4           3           19.178
4           4           13.323
5           1           8.571
5           2           16.709
5           3           16.495
5           4           9.3
6           1           10.096
6           2           6.798
6           3           11.521
6           4           16.852
7           1           13.744
7           2           9.581
7           3           5.678
7           4           15.092
8           1           14.694
8           2           10.75
8           3           10.876
8           4           8.677



se(j, m) - Setup emission for producing a lot of item j on machine m. The setup emission are period-independent.


1           1           116.599
1           2           58.253
1           3           38.048
1           4           62.267
2           1           117.783
2           2           38.405
2           3           49.551
2           4           78.484
3           1           95.385
3           2           66.201
3           3           46.567
3           4           142.957
4           1           119.911
4           2           88.469
4           3           24.932
4           4           149.905
5           1           151.508
5           2           61.242
5           3           24.922
5           4           94.368
6           1           184.971
6           2           28.226
6           3           17.147
6           4           70.112
7           1           68.808
7           2           99.189
7           3           20.314
7           4           74.979
8           1           61.695
8           2           76.122
8           3           49.37
8           4           63.111



sc(j, m) - Setup costs for producing a lot of item j on machine m. The setup costs are period-independent.


1           1           14651.0
1           2           29302.0
1           3           58604.0
1           4           19534.667
2           1           8098.067
2           2           16196.133
2           3           32392.267
2           4           10797.422
3           1           10874.5
3           2           21749.0
3           3           43498.0
3           4           14499.333
4           1           14756.0
4           2           29512.0
4           3           59024.0
4           4           19674.667
5           1           14742.0
5           2           29484.0
5           3           58968.0
5           4           19656.0
6           1           14156.8
6           2           28313.6
6           3           56627.2
6           4           18875.733
7           1           15705.667
7           2           31411.333
7           3           62822.667
7           4           20940.889
8           1           13255.667
8           2           26511.333
8           3           53022.667
8           4           17674.222



bc(m) - Fixed investment cost for machine m.


1           660.4080170659005
2           418.75930431983346
3           10849.155730229913
4           1117.6221524513392



ca(m, t) - The available capacity of machine m in period t.


1           1           162.93067777777776
1           2           162.93067777777776
1           3           162.93067777777776
1           4           162.93067777777776
1           5           162.93067777777776
1           6           162.93067777777776
2           1           162.93067777777776
2           2           162.93067777777776
2           3           162.93067777777776
2           4           162.93067777777776
2           5           162.93067777777776
2           6           162.93067777777776
3           1           162.93067777777776
3           2           162.93067777777776
3           3           162.93067777777776
3           4           162.93067777777776
3           5           162.93067777777776
3           6           162.93067777777776
4           1           162.93067777777776
4           2           162.93067777777776
4           3           162.93067777777776
4           4           162.93067777777776
4           5           162.93067777777776
4           6           162.93067777777776



em(t) - The limits of carbon emissions in period t.


1           1366.1267705555556
2           1366.1267705555556
3           1366.1267705555556
4           1366.1267705555556
5           1366.1267705555556
6           1366.1267705555556
