Information for the currently-owned machines and the machines that may be purchased: if 1, the machine can be purchased, otherwise currently-owned.


1           0.0
2           0.0
3           1.0
4           0.0



item_machine_arc(j, m) - The relationship arc between item j and machine m, i.e., machine m is capable of producing item j if item_machine_arc(j, m) = 1.


1           1           1.0
1           2           1.0
1           3           1.0
1           4           1.0
2           1           1.0
2           2           1.0
2           3           1.0
2           4           0.0
3           1           0.0
3           2           1.0
3           3           0.0
3           4           1.0
4           1           1.0
4           2           0.0
4           3           1.0
4           4           1.0
5           1           0.0
5           2           0.0
5           3           0.0
5           4           1.0
6           1           1.0
6           2           0.0
6           3           0.0
6           4           1.0
7           1           0.0
7           2           0.0
7           3           1.0
7           4           1.0
8           1           0.0
8           2           0.0
8           3           0.0
8           4           1.0



d(j, t) - Gross demand for item j in period t.


1           1           49
1           2           32
1           3           48
1           4           34
1           5           49
1           6           36
2           1           36
2           2           43
2           3           46
2           4           42
2           5           48
2           6           40
3           1           36
3           2           40
3           3           42
3           4           36
3           5           48
3           6           31
4           1           46
4           2           31
4           3           30
4           4           38
4           5           30
4           6           37
5           1           44
5           2           35
5           3           42
5           4           37
5           5           48
5           6           41
6           1           46
6           2           30
6           3           32
6           4           36
6           5           37
6           6           40
7           1           35
7           2           48
7           3           33
7           4           32
7           5           42
7           6           39
8           1           47
8           2           34
8           3           49
8           4           31
8           5           37
8           6           36



pt(j, m) - Time required to produce one unit of item j on machine m. The production time is period-independent.


1           1           1.307
1           2           1.478
1           3           1.116
1           4           0.779
2           1           0.699
2           2           0.957
2           3           0.624
2           4           1.198
3           1           1.188
3           2           0.599
3           3           1.001
3           4           1.06
4           1           0.859
4           2           1.079
4           3           0.712
4           4           1.287
5           1           0.657
5           2           1.287
5           3           0.58
5           4           0.714
6           1           0.78
6           2           1.189
6           3           0.889
6           4           0.886
7           1           1.336
7           2           0.732
7           3           0.921
7           4           1.046
8           1           0.622
8           2           1.155
8           3           1.448
8           4           1.14



pc(j, m) - Variable costs of producing one unit of item j on machine m. The production cost is period-independent.


1           1           11.702
1           2           3.807
1           3           2.813
1           4           1.427
2           1           10.758
2           2           2.95
2           3           2.868
2           4           2.263
3           1           9.314
3           2           4.481
3           3           1.987
3           4           2.443
4           1           6.826
4           2           2.168
4           3           1.264
4           4           1.498
5           1           6.355
5           2           4.632
5           3           2.605
5           4           1.594
6           1           11.688
6           2           2.6
6           3           1.804
6           4           2.006
7           1           7.825
7           2           3.539
7           3           2.117
7           4           2.894
8           1           9.656
8           2           4.143
8           3           1.916
8           4           1.386



pe(j, m) - Production emission for producing one unit of item j on machine m. The production emission is period-independent.


1           1           0.19
1           2           0.161
1           3           0.695
1           4           0.62
2           1           0.128
2           2           0.489
2           3           0.77
2           4           0.249
3           1           0.076
3           2           0.489
3           3           0.412
3           4           0.584
4           1           0.147
4           2           0.392
4           3           0.536
4           4           0.353
5           1           0.194
5           2           0.367
5           3           0.687
5           4           0.608
6           1           0.125
6           2           0.362
6           3           0.515
6           4           0.535
7           1           0.053
7           2           0.426
7           3           0.426
7           4           0.725
8           1           0.137
8           2           0.13
8           3           0.9
8           4           0.199



hc(j) - Inventory-holding costs for one unit of item j for one period.


1           0.229
2           0.228
3           0.142
4           0.294
5           0.253
6           0.278
7           0.121
8           0.242



st(j, m) - Setup times for producing a lot of item j on machine m. The setup times are period-independent.


1           1           33.003
1           2           65.795
1           3           57.451
1           4           74.975
2           1           59.027
2           2           98.192
2           3           97.908
2           4           41.422
3           1           34.434
3           2           81.981
3           3           43.593
3           4           70.238
4           1           73.612
4           2           55.565
4           3           76.843
4           4           64.368
5           1           84.849
5           2           39.217
5           3           97.792
5           4           75.752
6           1           58.257
6           2           88.274
6           3           85.925
6           4           52.418
7           1           70.092
7           2           41.273
7           3           72.213
7           4           45.323
8           1           94.616
8           2           57.165
8           3           67.607
8           4           69.244



se(j, m) - Setup emission for producing a lot of item j on machine m. The setup emission are period-independent.


1           1           8.156
1           2           13.04
1           3           20.602
1           4           26.589
2           1           7.88
2           2           9.022
2           3           21.197
2           4           14.55
3           1           5.849
3           2           17.756
3           3           34.9
3           4           10.923
4           1           5.751
4           2           7.535
4           3           30.953
4           4           17.573
5           1           6.306
5           2           13.481
5           3           23.386
5           4           28.487
6           1           6.293
6           2           17.35
6           3           10.91
6           4           10.049
7           1           5.848
7           2           10.025
7           3           22.386
7           4           20.718
8           1           4.918
8           2           14.749
8           3           11.331
8           4           19.476



sc(j, m) - Setup costs for producing a lot of item j on machine m. The setup costs are period-independent.


1           1           58306.453
1           2           29153.227
1           3           14576.613
1           4           19435.484
2           1           59690.4
2           2           29845.2
2           3           14922.6
2           4           19896.8
3           1           33968.293
3           2           16984.147
3           3           8492.073
3           4           11322.764
4           1           63990.08
4           2           31995.04
4           3           15997.52
4           4           21330.027
5           1           64157.427
5           2           32078.713
5           3           16039.357
5           4           21385.809
6           1           63076.347
6           2           31538.173
6           3           15769.087
6           4           21025.449
7           1           28447.907
7           2           14223.953
7           3           7111.977
7           4           9482.636
8           1           58138.08
8           2           29069.04
8           3           14534.52
8           4           19379.36



bc(m) - Fixed investment cost for machine m.


1           11398.912080076641
2           3142.137054083399
3           4381.974485208526
4           846.7573847153709



ca(m, t) - The available capacity of machine m in period t.


1           1           289.23187740740735
1           2           289.23187740740735
1           3           289.23187740740735
1           4           289.23187740740735
1           5           289.23187740740735
1           6           289.23187740740735
2           1           289.23187740740735
2           2           289.23187740740735
2           3           289.23187740740735
2           4           289.23187740740735
2           5           289.23187740740735
2           6           289.23187740740735
3           1           289.23187740740735
3           2           289.23187740740735
3           3           289.23187740740735
3           4           289.23187740740735
3           5           289.23187740740735
3           6           289.23187740740735
4           1           289.23187740740735
4           2           289.23187740740735
4           3           289.23187740740735
4           4           289.23187740740735
4           5           289.23187740740735
4           6           289.23187740740735



em(t) - The limits of carbon emissions in period t.


1           318.4223136111111
2           318.4223136111111
3           318.4223136111111
4           318.4223136111111
5           318.4223136111111
6           318.4223136111111
