Information for the currently-owned machines and the machines that may be purchased: if 1, the machine can be purchased, otherwise currently-owned.


1           0.0
2           1.0
3           0.0
4           0.0



item_machine_arc(j, m) - The relationship arc between item j and machine m, i.e., machine m is capable of producing item j if item_machine_arc(j, m) = 1.


1           1           0.0
1           2           0.0
1           3           1.0
1           4           0.0
2           1           1.0
2           2           0.0
2           3           1.0
2           4           0.0
3           1           1.0
3           2           0.0
3           3           1.0
3           4           0.0
4           1           1.0
4           2           0.0
4           3           1.0
4           4           1.0
5           1           1.0
5           2           1.0
5           3           1.0
5           4           1.0
6           1           1.0
6           2           1.0
6           3           0.0
6           4           0.0
7           1           1.0
7           2           1.0
7           3           0.0
7           4           1.0
8           1           0.0
8           2           1.0
8           3           0.0
8           4           0.0



d(j, t) - Gross demand for item j in period t.


1           1           31
1           2           40
1           3           46
1           4           43
1           5           49
1           6           30
2           1           48
2           2           34
2           3           37
2           4           44
2           5           42
2           6           34
3           1           30
3           2           30
3           3           39
3           4           40
3           5           44
3           6           37
4           1           40
4           2           45
4           3           33
4           4           50
4           5           32
4           6           31
5           1           48
5           2           48
5           3           33
5           4           49
5           5           33
5           6           42
6           1           50
6           2           41
6           3           44
6           4           50
6           5           45
6           6           38
7           1           40
7           2           34
7           3           35
7           4           39
7           5           33
7           6           32
8           1           32
8           2           50
8           3           43
8           4           30
8           5           33
8           6           44



pt(j, m) - Time required to produce one unit of item j on machine m. The production time is period-independent.


1           1           0.661
1           2           1.091
1           3           0.826
1           4           1.499
2           1           0.901
2           2           0.804
2           3           1.103
2           4           1.348
3           1           1.036
3           2           0.647
3           3           1.034
3           4           0.962
4           1           1.475
4           2           0.684
4           3           0.827
4           4           1.412
5           1           1.415
5           2           0.697
5           3           1.089
5           4           1.059
6           1           0.926
6           2           0.694
6           3           1.307
6           4           0.528
7           1           0.677
7           2           0.614
7           3           0.846
7           4           0.932
8           1           1.353
8           2           1.171
8           3           0.742
8           4           0.727



pc(j, m) - Variable costs of producing one unit of item j on machine m. The production cost is period-independent.


1           1           2.395
1           2           2.079
1           3           9.783
1           4           5.145
2           1           3.253
2           2           1.581
2           3           6.009
2           4           5.609
3           1           3.247
3           2           2.288
3           3           4.229
3           4           2.342
4           1           3.445
4           2           1.587
4           3           9.328
4           4           5.586
5           1           2.115
5           2           2.958
5           3           10.765
5           4           2.472
6           1           1.519
6           2           1.317
6           3           9.427
6           4           5.003
7           1           2.018
7           2           2.821
7           3           6.355
7           4           4.324
8           1           3.194
8           2           1.014
8           3           6.275
8           4           3.016



pe(j, m) - Production emission for producing one unit of item j on machine m. The production emission is period-independent.


1           1           0.749
1           2           0.974
1           3           0.086
1           4           0.324
2           1           0.687
2           2           0.894
2           3           0.074
2           4           0.303
3           1           0.57
3           2           0.485
3           3           0.09
3           4           0.486
4           1           0.314
4           2           0.835
4           3           0.237
4           4           0.196
5           1           0.548
5           2           0.538
5           3           0.069
5           4           0.233
6           1           0.173
6           2           0.843
6           3           0.107
6           4           0.355
7           1           0.43
7           2           0.463
7           3           0.152
7           4           0.14
8           1           0.569
8           2           0.587
8           3           0.075
8           4           0.2



hc(j) - Inventory-holding costs for one unit of item j for one period.


1           0.211
2           0.291
3           0.292
4           0.154
5           0.272
6           0.19
7           0.267
8           0.114



st(j, m) - Setup times for producing a lot of item j on machine m. The setup times are period-independent.


1           1           64.825
1           2           56.43
1           3           86.451
1           4           93.864
2           1           89.444
2           2           43.379
2           3           37.56
2           4           77.517
3           1           73.752
3           2           35.2
3           3           79.217
3           4           56.384
4           1           34.24
4           2           25.419
4           3           90.052
4           4           46.717
5           1           58.524
5           2           50.768
5           3           29.71
5           4           58.665
6           1           34.901
6           2           29.428
6           3           39.956
6           4           29.287
7           1           76.417
7           2           78.3
7           3           50.804
7           4           42.167
8           1           84.801
8           2           97.597
8           3           44.012
8           4           74.97



se(j, m) - Setup emission for producing a lot of item j on machine m. The setup emission are period-independent.


1           1           17.437
1           2           34.666
1           3           6.106
1           4           9.73
2           1           26.607
2           2           28.264
2           3           6.324
2           4           11.031
3           1           10.753
3           2           32.781
3           3           9.944
3           4           11.259
4           1           11.713
4           2           12.508
4           3           3.722
4           4           14.745
5           1           20.461
5           2           21.137
5           3           8.293
5           4           11.525
6           1           13.888
6           2           12.61
6           3           6.035
6           4           13.504
7           1           10.445
7           2           11.828
7           3           3.504
7           4           8.576
8           1           18.502
8           2           35.0
8           3           7.662
8           4           9.669



sc(j, m) - Setup costs for producing a lot of item j on machine m. The setup costs are period-independent.


1           1           17257.924
1           2           12943.443
1           3           51773.773
1           4           25886.887
2           1           23801.213
2           2           17850.91
2           3           71403.64
2           4           35701.82
3           1           21984.356
3           2           16488.267
3           3           65953.067
3           4           32976.533
4           1           12174.213
4           2           9130.66
4           3           36522.64
4           4           18261.32
5           1           23550.364
5           2           17662.773
5           3           70651.093
5           4           35325.547
6           1           17425.956
6           2           13069.467
6           3           52277.867
6           4           26138.933
7           1           19462.52
7           2           14596.89
7           3           58387.56
7           4           29193.78
8           1           9051.093
8           2           6788.32
8           3           27153.28
8           4           13576.64



bc(m) - Fixed investment cost for machine m.


1           3215.743220302588
2           917.9345141675443
3           6717.198077911317
4           8326.42562138753



ca(m, t) - The available capacity of machine m in period t.


1           1           295.2813325
1           2           295.2813325
1           3           295.2813325
1           4           295.2813325
1           5           295.2813325
1           6           295.2813325
2           1           295.2813325
2           2           295.2813325
2           3           295.2813325
2           4           295.2813325
2           5           295.2813325
2           6           295.2813325
3           1           295.2813325
3           2           295.2813325
3           3           295.2813325
3           4           295.2813325
3           5           295.2813325
3           6           295.2813325
4           1           295.2813325
4           2           295.2813325
4           3           295.2813325
4           4           295.2813325
4           5           295.2813325
4           6           295.2813325



em(t) - The limits of carbon emissions in period t.


1           239.32358333333335
2           239.32358333333335
3           239.32358333333335
4           239.32358333333335
5           239.32358333333335
6           239.32358333333335
