Information for the currently-owned machines and the machines that may be purchased: if 1, the machine can be purchased, otherwise currently-owned.


1           0.0
2           1.0
3           0.0
4           0.0



item_machine_arc(j, m) - The relationship arc between item j and machine m, i.e., machine m is capable of producing item j if item_machine_arc(j, m) = 1.


1           1           1.0
1           2           0.0
1           3           1.0
1           4           1.0
2           1           1.0
2           2           0.0
2           3           0.0
2           4           1.0
3           1           1.0
3           2           1.0
3           3           1.0
3           4           1.0
4           1           1.0
4           2           0.0
4           3           1.0
4           4           1.0
5           1           1.0
5           2           0.0
5           3           1.0
5           4           0.0
6           1           1.0
6           2           0.0
6           3           1.0
6           4           1.0
7           1           1.0
7           2           1.0
7           3           1.0
7           4           1.0
8           1           0.0
8           2           0.0
8           3           0.0
8           4           1.0



d(j, t) - Gross demand for item j in period t.


1           1           32
1           2           38
1           3           42
1           4           41
1           5           30
1           6           41
2           1           44
2           2           50
2           3           37
2           4           39
2           5           48
2           6           37
3           1           42
3           2           46
3           3           31
3           4           43
3           5           48
3           6           50
4           1           42
4           2           30
4           3           40
4           4           37
4           5           30
4           6           37
5           1           40
5           2           30
5           3           38
5           4           30
5           5           46
5           6           41
6           1           31
6           2           37
6           3           31
6           4           42
6           5           42
6           6           49
7           1           32
7           2           44
7           3           35
7           4           35
7           5           47
7           6           40
8           1           47
8           2           33
8           3           49
8           4           48
8           5           42
8           6           39



pt(j, m) - Time required to produce one unit of item j on machine m. The production time is period-independent.


1           1           1.073
1           2           0.985
1           3           1.244
1           4           0.698
2           1           1.378
2           2           1.368
2           3           0.57
2           4           1.453
3           1           1.066
3           2           1.248
3           3           1.289
3           4           1.054
4           1           1.193
4           2           1.36
4           3           0.924
4           4           1.082
5           1           0.867
5           2           1.081
5           3           1.283
5           4           0.59
6           1           1.132
6           2           1.07
6           3           0.616
6           4           0.705
7           1           1.142
7           2           0.561
7           3           0.554
7           4           1.051
8           1           0.686
8           2           1.304
8           3           0.506
8           4           1.368



pc(j, m) - Variable costs of producing one unit of item j on machine m. The production cost is period-independent.


1           1           1.951
1           2           5.798
1           3           2.568
1           4           7.602
2           1           2.612
2           2           4.467
2           3           1.862
2           4           11.634
3           1           2.491
3           2           4.27
3           3           2.752
3           4           9.019
4           1           3.516
4           2           2.184
4           3           2.517
4           4           11.033
5           1           3.03
5           2           5.479
5           3           1.196
5           4           6.185
6           1           2.803
6           2           5.978
6           3           2.367
6           4           4.913
7           1           2.767
7           2           4.206
7           3           2.227
7           4           4.039
8           1           3.364
8           2           5.591
8           3           1.723
8           4           5.008



pe(j, m) - Production emission for producing one unit of item j on machine m. The production emission is period-independent.


1           1           0.899
1           2           1.22
1           3           3.393
1           4           1.059
2           1           1.932
2           2           2.351
2           3           1.49
2           4           0.801
3           1           2.866
3           2           0.622
3           3           3.677
3           4           0.56
4           1           2.093
4           2           2.059
4           3           2.244
4           4           0.803
5           1           0.909
5           2           2.126
5           3           2.895
5           4           0.918
6           1           2.53
6           2           0.824
6           3           3.474
6           4           0.758
7           1           1.134
7           2           0.733
7           3           4.104
7           4           0.373
8           1           0.954
8           2           0.784
8           3           1.094
8           4           0.995



hc(j) - Inventory-holding costs for one unit of item j for one period.


1           0.228
2           0.104
3           0.271
4           0.284
5           0.17
6           0.128
7           0.101
8           0.192



st(j, m) - Setup times for producing a lot of item j on machine m. The setup times are period-independent.


1           1           9.602
1           2           18.228
1           3           18.882
1           4           12.631
2           1           8.277
2           2           11.822
2           3           18.002
2           4           12.575
3           1           19.871
3           2           19.033
3           3           12.825
3           4           16.308
4           1           11.668
4           2           17.723
4           3           18.185
4           4           14.418
5           1           6.913
5           2           16.382
5           3           7.871
5           4           15.337
6           1           16.408
6           2           19.127
6           3           6.889
6           4           18.654
7           1           10.004
7           2           9.788
7           3           10.188
7           4           13.532
8           1           10.261
8           2           8.564
8           3           6.768
8           4           17.953



se(j, m) - Setup emission for producing a lot of item j on machine m. The setup emission are period-independent.


1           1           8.175
1           2           11.421
1           3           28.231
1           4           7.707
2           1           19.938
2           2           18.86
2           3           29.524
2           4           5.727
3           1           20.009
3           2           15.439
3           3           39.006
3           4           3.507
4           1           14.327
4           2           18.517
4           3           27.42
4           4           7.664
5           1           7.906
5           2           13.91
5           3           11.506
5           4           7.491
6           1           18.574
6           2           9.52
6           3           12.962
6           4           8.793
7           1           22.282
7           2           19.265
7           3           11.662
7           4           8.598
8           1           7.628
8           2           9.605
8           3           10.475
8           4           9.197



sc(j, m) - Setup costs for producing a lot of item j on machine m. The setup costs are period-independent.


1           1           17477.973
1           2           26216.96
1           3           13108.48
1           4           52433.92
2           1           9075.733
2           2           13613.6
2           3           6806.8
2           4           27227.2
3           1           24112.978
3           2           36169.467
3           3           18084.733
3           4           72338.933
4           1           20993.28
4           2           31489.92
4           3           15744.96
4           4           62979.84
5           1           13090.0
5           2           19635.0
5           3           9817.5
5           4           39270.0
6           1           10162.631
6           2           15243.947
6           3           7621.973
6           4           30487.893
7           1           8053.516
7           2           12080.273
7           3           6040.137
7           4           24160.547
8           1           16952.32
8           2           25428.48
8           3           12714.24
8           4           50856.96



bc(m) - Fixed investment cost for machine m.


1           732.5339521492731
2           4676.726941776405
3           4363.409452104352
4           1743.9176432594272



ca(m, t) - The available capacity of machine m in period t.


1           1           187.80423796296293
1           2           187.80423796296293
1           3           187.80423796296293
1           4           187.80423796296293
1           5           187.80423796296293
1           6           187.80423796296293
2           1           187.80423796296293
2           2           187.80423796296293
2           3           187.80423796296293
2           4           187.80423796296293
2           5           187.80423796296293
2           6           187.80423796296293
3           1           187.80423796296293
3           2           187.80423796296293
3           3           187.80423796296293
3           4           187.80423796296293
3           5           187.80423796296293
3           6           187.80423796296293
4           1           187.80423796296293
4           2           187.80423796296293
4           3           187.80423796296293
4           4           187.80423796296293
4           5           187.80423796296293
4           6           187.80423796296293



em(t) - The limits of carbon emissions in period t.


1           906.345268888889
2           906.345268888889
3           906.345268888889
4           906.345268888889
5           906.345268888889
6           906.345268888889
