Information for the currently-owned machines and the machines that may be purchased: if 1, the machine can be purchased, otherwise currently-owned.


1           0.0
2           0.0
3           1.0
4           0.0



item_machine_arc(j, m) - The relationship arc between item j and machine m, i.e., machine m is capable of producing item j if item_machine_arc(j, m) = 1.


1           1           0.0
1           2           1.0
1           3           0.0
1           4           1.0
2           1           1.0
2           2           0.0
2           3           0.0
2           4           1.0
3           1           1.0
3           2           0.0
3           3           0.0
3           4           0.0
4           1           0.0
4           2           0.0
4           3           1.0
4           4           0.0
5           1           0.0
5           2           0.0
5           3           0.0
5           4           1.0
6           1           1.0
6           2           0.0
6           3           0.0
6           4           1.0
7           1           1.0
7           2           0.0
7           3           1.0
7           4           0.0
8           1           1.0
8           2           1.0
8           3           1.0
8           4           0.0



d(j, t) - Gross demand for item j in period t.


1           1           30
1           2           40
1           3           46
1           4           44
1           5           37
1           6           39
2           1           31
2           2           43
2           3           36
2           4           49
2           5           47
2           6           37
3           1           42
3           2           42
3           3           43
3           4           45
3           5           50
3           6           32
4           1           41
4           2           49
4           3           48
4           4           37
4           5           32
4           6           37
5           1           38
5           2           35
5           3           36
5           4           33
5           5           37
5           6           40
6           1           49
6           2           40
6           3           43
6           4           49
6           5           34
6           6           35
7           1           44
7           2           38
7           3           45
7           4           39
7           5           30
7           6           31
8           1           44
8           2           31
8           3           45
8           4           31
8           5           43
8           6           37



pt(j, m) - Time required to produce one unit of item j on machine m. The production time is period-independent.


1           1           0.677
1           2           1.165
1           3           0.547
1           4           0.514
2           1           0.674
2           2           0.741
2           3           0.695
2           4           1.275
3           1           1.209
3           2           0.546
3           3           0.787
3           4           0.925
4           1           0.513
4           2           1.35
4           3           0.515
4           4           0.601
5           1           1.401
5           2           1.332
5           3           0.679
5           4           1.458
6           1           0.61
6           2           1.166
6           3           1.193
6           4           0.666
7           1           0.965
7           2           0.592
7           3           1.031
7           4           1.006
8           1           0.778
8           2           1.465
8           3           1.142
8           4           1.376



pc(j, m) - Variable costs of producing one unit of item j on machine m. The production cost is period-independent.


1           1           2.308
1           2           10.18
1           3           2.335
1           4           2.151
2           1           2.771
2           2           11.97
2           3           1.452
2           4           2.369
3           1           3.091
3           2           5.591
3           3           2.899
3           4           1.77
4           1           2.007
4           2           6.832
4           3           2.814
4           4           2.426
5           1           5.32
5           2           6.501
5           3           2.775
5           4           2.404
6           1           2.073
6           2           5.922
6           3           1.815
6           4           3.941
7           1           5.875
7           2           5.264
7           3           2.403
7           4           2.338
8           1           4.735
8           2           10.942
8           3           2.872
8           4           3.99



pe(j, m) - Production emission for producing one unit of item j on machine m. The production emission is period-independent.


1           1           0.399
1           2           0.08
1           3           0.548
1           4           0.66
2           1           0.137
2           2           0.126
2           3           0.808
2           4           0.202
3           1           0.129
3           2           0.202
3           3           0.88
3           4           0.531
4           1           0.248
4           2           0.124
4           3           0.926
4           4           0.201
5           1           0.46
5           2           0.198
5           3           0.721
5           4           0.231
6           1           0.168
6           2           0.195
6           3           0.913
6           4           0.411
7           1           0.41
7           2           0.215
7           3           0.66
7           4           0.571
8           1           0.447
8           2           0.145
8           3           0.334
8           4           0.233



hc(j) - Inventory-holding costs for one unit of item j for one period.


1           0.217
2           0.105
3           0.115
4           0.193
5           0.189
6           0.201
7           0.283
8           0.275



st(j, m) - Setup times for producing a lot of item j on machine m. The setup times are period-independent.


1           1           10.425
1           2           19.623
1           3           11.811
1           4           14.98
2           1           8.335
2           2           18.43
2           3           14.886
2           4           9.339
3           1           6.225
3           2           15.081
3           3           14.047
3           4           7.909
4           1           8.617
4           2           7.558
4           3           12.289
4           4           18.793
5           1           13.043
5           2           12.249
5           3           11.671
5           4           19.224
6           1           18.554
6           2           8.808
6           3           19.148
6           4           13.865
7           1           7.635
7           2           15.801
7           3           17.215
7           4           11.958
8           1           5.503
8           2           8.928
8           3           6.564
8           4           9.281



se(j, m) - Setup emission for producing a lot of item j on machine m. The setup emission are period-independent.


1           1           9.94
1           2           6.159
1           3           13.593
1           4           16.682
2           1           9.463
2           2           4.527
2           3           32.204
2           4           21.37
3           1           10.795
3           2           5.734
3           3           11.93
3           4           22.888
4           1           11.32
4           2           4.26
4           3           11.147
4           4           23.149
5           1           18.761
5           2           2.734
5           3           38.955
5           4           23.252
6           1           8.598
6           2           5.313
6           3           24.821
6           4           20.164
7           1           6.942
7           2           9.663
7           3           23.153
7           4           7.86
8           1           11.686
8           2           3.234
8           3           38.453
8           4           12.846



sc(j, m) - Setup costs for producing a lot of item j on machine m. The setup costs are period-independent.


1           1           23898.933
1           2           47797.867
1           3           11949.467
1           4           15932.622
2           1           11907.0
2           2           23814.0
2           3           5953.5
2           4           7938.0
3           1           13631.333
3           2           27262.667
3           3           6815.667
3           4           9087.556
4           1           21976.267
4           2           43952.533
4           3           10988.133
4           4           14650.844
5           1           19315.8
5           2           38631.6
5           3           9657.9
5           4           12877.2
6           1           23450.0
6           2           46900.0
6           3           11725.0
6           4           15633.333
7           1           29979.133
7           2           59958.267
7           3           14989.567
7           4           19986.089
8           1           29645.0
8           2           59290.0
8           3           14822.5
8           4           19763.333



bc(m) - Fixed investment cost for machine m.


1           6908.607737304985
2           15247.845347304123
3           170.97446712736996
4           949.7068062216181



ca(m, t) - The available capacity of machine m in period t.


1           1           165.83719444444444
1           2           165.83719444444444
1           3           165.83719444444444
1           4           165.83719444444444
1           5           165.83719444444444
1           6           165.83719444444444
2           1           165.83719444444444
2           2           165.83719444444444
2           3           165.83719444444444
2           4           165.83719444444444
2           5           165.83719444444444
2           6           165.83719444444444
3           1           165.83719444444444
3           2           165.83719444444444
3           3           165.83719444444444
3           4           165.83719444444444
3           5           165.83719444444444
3           6           165.83719444444444
4           1           165.83719444444444
4           2           165.83719444444444
4           3           165.83719444444444
4           4           165.83719444444444
4           5           165.83719444444444
4           6           165.83719444444444



em(t) - The limits of carbon emissions in period t.


1           247.49223333333336
2           247.49223333333336
3           247.49223333333336
4           247.49223333333336
5           247.49223333333336
6           247.49223333333336
