Information for the currently-owned machines and the machines that may be purchased: if 1, the machine can be purchased, otherwise currently-owned.


1           0.0
2           0.0
3           0.0
4           1.0



item_machine_arc(j, m) - The relationship arc between item j and machine m, i.e., machine m is capable of producing item j if item_machine_arc(j, m) = 1.


1           1           0.0
1           2           1.0
1           3           0.0
1           4           0.0
2           1           0.0
2           2           1.0
2           3           0.0
2           4           1.0
3           1           1.0
3           2           1.0
3           3           1.0
3           4           1.0
4           1           0.0
4           2           1.0
4           3           1.0
4           4           0.0
5           1           0.0
5           2           0.0
5           3           1.0
5           4           0.0
6           1           1.0
6           2           1.0
6           3           1.0
6           4           0.0
7           1           0.0
7           2           1.0
7           3           1.0
7           4           0.0
8           1           0.0
8           2           1.0
8           3           0.0
8           4           1.0



d(j, t) - Gross demand for item j in period t.


1           1           30
1           2           35
1           3           39
1           4           36
1           5           44
1           6           42
2           1           36
2           2           35
2           3           41
2           4           33
2           5           42
2           6           47
3           1           47
3           2           45
3           3           49
3           4           33
3           5           30
3           6           35
4           1           46
4           2           37
4           3           30
4           4           46
4           5           44
4           6           34
5           1           43
5           2           44
5           3           47
5           4           41
5           5           46
5           6           37
6           1           43
6           2           35
6           3           48
6           4           38
6           5           38
6           6           31
7           1           40
7           2           45
7           3           47
7           4           37
7           5           39
7           6           40
8           1           46
8           2           45
8           3           38
8           4           32
8           5           38
8           6           36



pt(j, m) - Time required to produce one unit of item j on machine m. The production time is period-independent.


1           1           1.056
1           2           1.488
1           3           0.501
1           4           0.779
2           1           1.184
2           2           0.687
2           3           0.887
2           4           1.217
3           1           1.152
3           2           1.122
3           3           1.252
3           4           1.011
4           1           1.363
4           2           0.691
4           3           1.086
4           4           1.017
5           1           0.529
5           2           0.656
5           3           1.153
5           4           1.331
6           1           1.35
6           2           1.202
6           3           1.036
6           4           0.57
7           1           0.839
7           2           1.496
7           3           0.89
7           4           1.488
8           1           1.25
8           2           1.186
8           3           1.268
8           4           0.605



pc(j, m) - Variable costs of producing one unit of item j on machine m. The production cost is period-independent.


1           1           4.931
1           2           1.704
1           3           2.887
1           4           11.505
2           1           2.685
2           2           2.213
2           3           1.885
2           4           10.756
3           1           4.103
3           2           2.042
3           3           2.705
3           4           6.718
4           1           5.366
4           2           1.433
4           3           3.644
4           4           8.522
5           1           3.141
5           2           2.951
5           3           2.389
5           4           5.639
6           1           4.226
6           2           2.349
6           3           3.262
6           4           8.08
7           1           2.235
7           2           1.176
7           3           2.166
7           4           7.234
8           1           4.192
8           2           1.754
8           3           2.057
8           4           11.129



pe(j, m) - Production emission for producing one unit of item j on machine m. The production emission is period-independent.


1           1           1.801
1           2           2.543
1           3           2.622
1           4           0.424
2           1           1.995
2           2           1.422
2           3           2.639
2           4           1.153
3           1           1.361
3           2           4.83
3           3           1.98
3           4           0.525
4           1           1.965
4           2           1.901
4           3           1.634
4           4           1.23
5           1           0.999
5           2           2.77
5           3           3.455
5           4           1.113
6           1           2.24
6           2           1.848
6           3           1.816
6           4           0.914
7           1           1.942
7           2           4.391
7           3           2.505
7           4           0.927
8           1           2.432
8           2           4.348
8           3           2.524
8           4           0.944



hc(j) - Inventory-holding costs for one unit of item j for one period.


1           0.269
2           0.147
3           0.17
4           0.207
5           0.268
6           0.219
7           0.221
8           0.151



st(j, m) - Setup times for producing a lot of item j on machine m. The setup times are period-independent.


1           1           12.431
1           2           7.886
1           3           6.075
1           4           14.823
2           1           16.347
2           2           10.55
2           3           16.876
2           4           9.285
3           1           17.643
3           2           7.841
3           3           5.487
3           4           18.112
4           1           8.341
4           2           9.088
4           3           6.507
4           4           10.846
5           1           13.386
5           2           8.921
5           3           7.127
5           4           16.696
6           1           9.441
6           2           8.746
6           3           13.433
6           4           15.58
7           1           10.042
7           2           11.514
7           3           7.953
7           4           10.932
8           1           16.766
8           2           7.024
8           3           12.549
8           4           16.758



se(j, m) - Setup emission for producing a lot of item j on machine m. The setup emission are period-independent.


1           1           14.992
1           2           21.03
1           3           29.079
1           4           9.286
2           1           11.85
2           2           24.95
2           3           21.047
2           4           5.199
3           1           13.136
3           2           30.44
3           3           19.995
3           4           3.769
4           1           12.214
4           2           33.048
4           3           17.992
4           4           9.308
5           1           19.011
5           2           37.373
5           3           14.167
5           4           2.801
6           1           16.41
6           2           14.272
6           3           22.728
6           4           4.955
7           1           18.159
7           2           36.049
7           3           18.171
7           4           9.804
8           1           16.2
8           2           33.093
8           3           18.633
8           4           5.094



sc(j, m) - Setup costs for producing a lot of item j on machine m. The setup costs are period-independent.


1           1           28370.533
1           2           14185.267
1           3           18913.689
1           4           56741.067
2           1           16052.4
2           2           8026.2
2           3           10701.6
2           4           32104.8
3           1           18960.667
3           2           9480.333
3           3           12640.444
3           4           37921.333
4           1           22894.2
4           2           11447.1
4           3           15262.8
4           4           45788.4
5           1           32267.2
5           2           16133.6
5           3           21511.467
5           4           64534.4
6           1           23812.6
6           2           11906.3
6           3           15875.067
6           4           47625.2
7           1           25577.067
7           2           12788.533
7           3           17051.378
7           4           51154.133
8           1           16559.667
8           2           8279.833
8           3           11039.778
8           4           33119.333



bc(m) - Fixed investment cost for machine m.


1           6251.464220697277
2           4263.378096172872
3           274.62646840009427
4           1461.555966888446



ca(m, t) - The available capacity of machine m in period t.


1           1           183.13979444444445
1           2           183.13979444444445
1           3           183.13979444444445
1           4           183.13979444444445
1           5           183.13979444444445
1           6           183.13979444444445
2           1           183.13979444444445
2           2           183.13979444444445
2           3           183.13979444444445
2           4           183.13979444444445
2           5           183.13979444444445
2           6           183.13979444444445
3           1           183.13979444444445
3           2           183.13979444444445
3           3           183.13979444444445
3           4           183.13979444444445
3           5           183.13979444444445
3           6           183.13979444444445
4           1           183.13979444444445
4           2           183.13979444444445
4           3           183.13979444444445
4           4           183.13979444444445
4           5           183.13979444444445
4           6           183.13979444444445



em(t) - The limits of carbon emissions in period t.


1           1192.6190499999996
2           1192.6190499999996
3           1192.6190499999996
4           1192.6190499999996
5           1192.6190499999996
6           1192.6190499999996
